3.928050573449581861e-04 2.250607252120972124e+00 -6.030483841896057129e-01 2.000000000000000000e+01
1.045921165496110916e-02 2.996343421936035156e+01 5.230137109756469727e-01 1.190000000000000000e+02
1.346872420981525941e-03 2.572336673736571822e+00 -5.938707590103149414e-01 1.600000000000000000e+01
2.079215366393328147e-03 2.978256225585937944e+00 -5.789144635200500488e-01 1.300000000000000000e+01
3.717290703207253976e-03 3.549749851226807085e+00 -5.622254610061645508e-01 1.000000000000000000e+01
6.133796181529760361e-03 4.393004894256591797e+00 -5.393937230110168457e-01 9.000000000000000000e+00
8.953890763223171234e-03 5.700219154357910156e+00 -4.987051486968994141e-01 9.000000000000000000e+00
1.587849855422973980e-02 8.270634651184082031e+00 -4.334463775157927912e-01 1.000000000000000000e+00
3.427371382713317871e-02 1.510566043853759943e+01 -2.636709511280059814e-01 2.000000000000000000e+00
8.248887956142425537e-03 2.250591993331909180e+00 -6.030483841896057129e-01 2.000000000000000000e+01
1.031817216426133936e-02 2.570367574691772017e+00 -5.934208631515502930e-01 1.800000000000000000e+01
1.246703322976827968e-02 2.976267576217650923e+00 -5.785328745841979980e-01 1.200000000000000000e+01
1.607235148549079895e-02 3.541813850402832031e+00 -5.609740018844604492e-01 1.000000000000000000e+01
2.146820724010467876e-02 4.392956733703613281e+00 -5.393937230110168457e-01 9.000000000000000000e+00
2.888156659901142120e-02 5.706130027770996094e+00 -4.992280900478363037e-01 9.000000000000000000e+00
4.476991668343544006e-02 8.274522781372070312e+00 -4.336557388305664062e-01 1.000000000000000000e+00
8.686389029026031494e-02 1.508145236968993963e+01 -2.632521092891693115e-01 2.000000000000000000e+00
1.613251678645611156e-02 2.254413127899169922e+00 -6.040836572647094727e-01 2.000000000000000000e+01
2.199786305427550992e-01 3.000862312316894887e+01 5.238165259361267090e-01 2.500000000000000000e+02
1.921724155545235027e-02 2.560572385787963867e+00 -5.911713838577270508e-01 1.600000000000000000e+01
2.296160534024238933e-02 2.989948272705078125e+00 -5.812041759490966797e-01 1.300000000000000000e+01
2.851478755474090923e-02 3.551612854003905806e+00 -5.625383257865905762e-01 9.000000000000000000e+00
3.673583641648293235e-02 4.384914875030517578e+00 -5.384187698364257812e-01 9.000000000000000000e+00
4.879950359463691711e-02 5.705994606018066406e+00 -4.992280900478363037e-01 9.000000000000000000e+00
7.336867600679397583e-02 8.242362022399902344e+00 -4.319809973239899237e-01 1.000000000000000000e+00
1.389155387878417969e-01 1.501706981658936080e+01 -2.621351480484008789e-01 2.000000000000000000e+00
2.404292486608028065e-02 2.258206605911254883e+00 -6.051189303398132324e-01 1.900000000000000000e+01
3.249866068363190252e-01 3.003166580200194957e+01 5.242353677749633789e-01 2.520000000000000000e+02
2.813376300036906849e-02 2.558541059494018999e+00 -5.907214879989624023e-01 1.800000000000000000e+01
3.326675668358802795e-02 2.978070974349976030e+00 -5.789144635200500488e-01 1.300000000000000000e+01
4.073002189397811890e-02 3.535689592361450195e+00 -5.600354075431823730e-01 9.000000000000000000e+00
5.187691003084182739e-02 4.370865345001220703e+00 -5.367125868797302246e-01 1.000000000000000000e+01
6.881281733512878418e-02 5.713758468627929688e+00 -4.999253451824188232e-01 9.000000000000000000e+00
1.025849208235740939e-01 8.278003692626953125e+00 -4.338650703430175781e-01 1.000000000000000000e+00
1.915888190269469937e-01 1.503648853302001953e+01 -2.624841928482056219e-01 2.000000000000000000e+00
3.145035728812217712e-02 2.252319574356079102e+00 -6.035659909248352051e-01 2.100000000000000000e+01
3.664592653512954712e-02 2.560382366180419922e+00 -5.911713838577270508e-01 1.400000000000000000e+01
4.297157749533653259e-02 2.966166019439696822e+00 -5.766248106956481934e-01 1.200000000000000000e+01
5.280621722340583801e-02 3.559237003326416016e+00 -5.637897849082946777e-01 9.000000000000000000e+00
6.643121689558029175e-02 4.374639034271240234e+00 -5.372000932693481445e-01 1.000000000000000000e+01
8.751514554023742676e-02 5.697561740875244141e+00 -4.985308349132537842e-01 9.000000000000000000e+00
1.297842413187026978e-01 8.261641502380371094e+00 -4.330277144908905029e-01 1.000000000000000000e+00
2.409368306398392001e-01 1.500377941131591975e+01 -2.619257271289824884e-01 2.000000000000000000e+00
3.927851095795630715e-02 2.250264406204224077e+00 -6.030483841896057129e-01 1.900000000000000000e+01
4.575655609369277954e-02 2.569980859756470171e+00 -5.934208631515502930e-01 1.500000000000000000e+01
5.353691801428794861e-02 2.977775573730469194e+00 -5.789144635200500488e-01 1.200000000000000000e+01
6.501276046037673950e-02 3.547180891036986861e+00 -5.619125962257385254e-01 9.000000000000000000e+00
8.170115202665328979e-02 4.374380588531494141e+00 -5.372000932693481445e-01 1.000000000000000000e+01
1.072525978088379045e-01 5.689253330230712891e+00 -4.978336095809937079e-01 9.000000000000000000e+00
1.590053737163543979e-01 8.281106948852539062e+00 -4.340744316577910822e-01 1.000000000000000000e+00
2.934646904468535822e-01 1.501084423065186080e+01 -2.620653212070465088e-01 2.000000000000000000e+00
4.709270223975182273e-02 2.248182058334351030e+00 -6.025307178497314453e-01 1.900000000000000000e+01
5.443674325942993164e-02 2.556167364120482954e+00 -5.902715921401977539e-01 1.400000000000000000e+01
6.393096596002578735e-02 2.977570533752440962e+00 -5.789144635200500488e-01 1.200000000000000000e+01
7.717887312173843384e-02 3.537057638168334961e+00 -5.603482723236083984e-01 1.000000000000000000e+01
9.727807343006134033e-02 4.387960910797119141e+00 -5.389062166213989258e-01 9.000000000000000000e+00
1.270666420459747037e-01 5.686852455139160156e+00 -4.976592957973480225e-01 1.100000000000000000e+01
1.875483691692352017e-01 8.264527320861816406e+00 -4.332370460033416748e-01 1.000000000000000000e+00
3.441100120544434149e-01 1.493376064300536932e+01 -2.607389390468596857e-01 2.000000000000000000e+00
5.489283800125122070e-02 2.246072769165039062e+00 -6.020131111145019531e-01 1.700000000000000000e+01
6.321422755718231201e-02 2.550117492675780806e+00 -5.889218449592590332e-01 1.500000000000000000e+01
7.427524775266647339e-02 2.975366592407227007e+00 -5.785328745841979980e-01 1.100000000000000000e+01
8.947505056858062744e-02 3.534791946411132812e+00 -5.600354075431823730e-01 9.000000000000000000e+00
1.123906299471855025e-01 4.379656791687011719e+00 -5.379312634468078613e-01 9.000000000000000000e+00
1.469681411981582919e-01 5.688365936279296875e+00 -4.978336095809937079e-01 9.000000000000000000e+00
2.159775495529175082e-01 8.247849464416503906e+00 -4.323996603488922119e-01 1.000000000000000000e+00
3.972973525524138849e-01 1.497244834899901988e+01 -2.614370584487915039e-01 2.000000000000000000e+00
6.294852495193481445e-02 2.253591775894165039e+00 -6.040836572647094727e-01 1.900000000000000000e+01
7.206031680107116699e-02 2.547933340072631836e+00 -5.884719491004943848e-01 1.400000000000000000e+01
8.449322730302810669e-02 2.969201803207397017e+00 -5.773880481719970703e-01 1.100000000000000000e+01
1.023820266127585948e-01 3.554203748703002930e+00 -5.631640553474426270e-01 9.000000000000000000e+00
1.273885369300842008e-01 4.369316577911376953e+00 -5.367125868797302246e-01 9.000000000000000000e+00
1.671154052019118985e-01 5.697775840759277344e+00 -4.987051486968994141e-01 9.000000000000000000e+00
2.454776167869567871e-01 8.271002769470214844e+00 -4.336557388305664062e-01 1.000000000000000000e+00
4.493184387683867853e-01 1.496297454833984020e+01 -2.612974345684052069e-01 2.000000000000000000e+00
7.075396180152893066e-02 2.251427650451660156e+00 -6.035659909248352051e-01 2.100000000000000000e+01
8.132517337799072266e-02 2.559352874755858931e+00 -5.911713838577270508e-01 1.300000000000000000e+01
9.485715627670288086e-02 2.968888998031616211e+00 -5.773880481719970703e-01 1.100000000000000000e+01
1.144052594900130948e-01 3.541978597640991211e+00 -5.612868666648864746e-01 9.000000000000000000e+00
1.424451917409897128e-01 4.362893104553222656e+00 -5.359813570976257324e-01 9.000000000000000000e+00
1.866111606359482089e-01 5.685209751129150391e+00 -4.976592957973480225e-01 8.000000000000000000e+00
2.732878029346466064e-01 8.238156318664550781e+00 -4.319809973239899237e-01 1.000000000000000000e+00
5.028861761093139648e-01 1.500128650665283025e+01 -2.619955241680145264e-01 2.000000000000000000e+00
7.827537506818771362e-02 2.241513490676879883e+00 -6.009778380393981934e-01 2.000000000000000000e+01
9.039586782455444336e-02 2.562948465347290039e+00 -5.920711755752563477e-01 1.300000000000000000e+01
1.057067438960074962e-01 2.982273817062377930e+00 -5.800593495368957520e-01 1.100000000000000000e+01
1.269097030162811002e-01 3.545506000518798828e+00 -5.619125962257385254e-01 9.000000000000000000e+00
1.585340946912766058e-01 4.386175155639648438e+00 -5.389062166213989258e-01 9.000000000000000000e+00
2.058766037225722989e-01 5.668595314025878906e+00 -4.962647855281829834e-01 8.000000000000000000e+00
3.029209077358245850e-01 8.261103630065917969e+00 -4.332370460033416748e-01 1.000000000000000000e+00
5.525843501091003418e-01 1.492750072479248047e+01 -2.607389390468596857e-01 2.000000000000000000e+00
8.624755591154098511e-02 2.245087385177611861e+00 -6.020131111145019531e-01 1.900000000000000000e+01
9.941716492176055908e-02 2.564564466476439986e+00 -5.925210714340209961e-01 1.200000000000000000e+01
1.158106103539466997e-01 2.974039554595946822e+00 -5.785328745841979980e-01 1.100000000000000000e+01
1.385870724916458130e-01 3.527276515960692915e+00 -5.590967535972595215e-01 9.000000000000000000e+00
1.735292375087738037e-01 4.377660751342773438e+00 -5.379312634468078613e-01 9.000000000000000000e+00
2.256624400615692139e-01 5.667841911315917969e+00 -4.962647855281829834e-01 8.000000000000000000e+00
3.307938575744628906e-01 8.236047744750976562e+00 -4.319809973239899237e-01 2.000000000000000000e+00
6.025829911231994629e-01 1.487353134155273082e+01 -2.598314285278319757e-01 2.000000000000000000e+00
9.297937899827957153e-02 2.237084627151488814e+00 -5.999425649642944336e-01 1.600000000000000000e+01
1.069022417068481029e-01 2.550610303878784180e+00 -5.893717408180236816e-01 1.200000000000000000e+01
1.249055787920951982e-01 2.967776536941527876e+00 -5.773880481719970703e-01 1.100000000000000000e+01
1.495001316070556918e-01 3.522876739501953125e+00 -5.584710240364074707e-01 9.000000000000000000e+00
1.870266050100327093e-01 4.371144294738770419e+00 -5.372000932693481445e-01 9.000000000000000000e+00
2.438094168901442926e-01 5.675067424774169922e+00 -4.969620406627655029e-01 6.000000000000000000e+00
3.558022677898406982e-01 8.215014457702636719e+00 -4.309342503547667902e-01 1.000000000000000000e+00
6.515743732452392578e-01 1.492350673675536932e+01 -2.607389390468596857e-01 2.000000000000000000e+00
1.013094559311867038e-01 2.248325824737548828e+00 -6.030483841896057129e-01 1.900000000000000000e+01
1.160700842738151967e-01 2.556061744689940962e+00 -5.907214879989624023e-01 1.500000000000000000e+01
1.353536993265151978e-01 2.969283580780028853e+00 -5.777696371078491211e-01 1.100000000000000000e+01
1.624308526515960971e-01 3.536146402359008789e+00 -5.606611371040344238e-01 9.000000000000000000e+00
2.019164860248565951e-01 4.362532615661621094e+00 -5.362251400947570801e-01 7.000000000000000000e+00
2.641724050045012873e-01 5.686123371124267578e+00 -4.980079233646392822e-01 9.000000000000000000e+00
3.854097127914429266e-01 8.233673095703125000e+00 -4.319809973239899237e-01 1.000000000000000000e+00
7.055471539497375488e-01 1.496109104156493963e+01 -2.614370584487915039e-01 2.000000000000000000e+00
1.093612387776374956e-01 2.244080305099486861e+00 -6.020131111145019531e-01 2.000000000000000000e+01
1.250555962324141901e-01 2.547833681106566939e+00 -5.889218449592590332e-01 1.300000000000000000e+01
1.460425704717636108e-01 2.964845895767211914e+00 -5.770063996315002441e-01 1.100000000000000000e+01
1.757818758487701138e-01 3.543419122695922852e+00 -5.619125962257385254e-01 9.000000000000000000e+00
2.182017564773560125e-01 4.367711067199707031e+00 -5.369563102722167969e-01 9.000000000000000000e+00
2.847120463848114014e-01 5.679147243499755859e+00 -4.974849820137023926e-01 9.000000000000000000e+00
4.147794544696807861e-01 8.216247558593750000e+00 -4.311436116695404053e-01 2.000000000000000000e+00
7.567228674888610840e-01 1.488650894165039062e+01 -2.601804733276367188e-01 2.000000000000000000e+00
1.169923320412635942e-01 2.239826440811156782e+00 -6.009778380393981934e-01 1.900000000000000000e+01
1.345624178647994995e-01 2.559057950973511186e+00 -5.916212797164916992e-01 1.200000000000000000e+01
1.560806334018706998e-01 2.958436489105225053e+00 -5.758615732192993164e-01 1.000000000000000000e+01
1.875210851430892944e-01 3.530948400497436968e+00 -5.600354075431823730e-01 9.000000000000000000e+00
2.334465831518172940e-01 4.366922855377197266e+00 -5.369563102722167969e-01 9.000000000000000000e+00
3.043208122253417969e-01 5.674139499664306641e+00 -4.971363544464110773e-01 9.000000000000000000e+00
4.443182647228240967e-01 8.230704307556152344e+00 -4.319809973239899237e-01 1.000000000000000000e+00
8.049932122230529785e-01 1.481588745117188033e+01 -2.589937150478363037e-01 2.000000000000000000e+00
1.242048963904380937e-01 2.235568284988402876e+00 -5.999425649642944336e-01 1.700000000000000000e+01
1.427214741706847867e-01 2.552760362625122070e+00 -5.902715921401977539e-01 1.000000000000000000e+01
1.661101728677749911e-01 2.961822986602783203e+00 -5.766248106956481934e-01 1.000000000000000000e+01
1.988952010869980136e-01 3.524390459060668945e+00 -5.590967535972595215e-01 1.000000000000000000e+01
2.480390816926955899e-01 4.368106842041015625e+00 -5.372000932693481445e-01 7.000000000000000000e+00
3.233618736267089844e-01 5.677077770233154297e+00 -4.974849820137023926e-01 8.000000000000000000e+00
4.697814285755156916e-01 8.197281837463378906e+00 -4.303062260150908869e-01 2.000000000000000000e+00
8.598755598068237305e-01 1.491295528411865057e+01 -2.607389390468596857e-01 2.000000000000000000e+00
1.325772106647490900e-01 2.244763612747191939e+00 -6.025307178497314453e-01 1.600000000000000000e+01
1.507068127393723089e-01 2.536684274673461914e+00 -5.866723656654357910e-01 1.000000000000000000e+01
1.766813993453978937e-01 2.965144634246826172e+00 -5.773880481719970703e-01 1.000000000000000000e+01
2.108418494462966919e-01 3.517759084701538086e+00 -5.581581592559814453e-01 9.000000000000000000e+00
2.629267275333405096e-01 4.361269950866699219e+00 -5.364688634872436523e-01 9.000000000000000000e+00
3.430563509464263916e-01 5.673925399780273438e+00 -4.973106682300568182e-01 8.000000000000000000e+00
4.974225461483002264e-01 8.179643630981445312e+00 -4.294688701629639227e-01 2.000000000000000000e+00
9.099730253219604492e-01 1.487792682647705078e+01 -2.601804733276367188e-01 2.000000000000000000e+00
1.405327320098876953e-01 2.246215343475341797e+00 -6.030483841896057129e-01 1.700000000000000000e+01
1.605394780635834018e-01 2.551701784133911133e+00 -5.902715921401977539e-01 1.100000000000000000e+01
1.867833733558655063e-01 2.960591077804564986e+00 -5.766248106956481934e-01 1.000000000000000000e+01
2.237451821565628052e-01 3.526858806610106978e+00 -5.597225427627563477e-01 1.000000000000000000e+01
2.776432931423187256e-01 4.352401256561279297e+00 -5.354939103126525879e-01 9.000000000000000000e+00
3.627327680587769110e-01 5.670705318450927734e+00 -4.971363544464110773e-01 9.000000000000000000e+00
5.262281894683837891e-01 8.181843757629394531e+00 -4.296782016754149836e-01 2.000000000000000000e+00
9.598364233970642090e-01 1.484273147583007990e+01 -2.596220076084136963e-01 2.000000000000000000e+00
1.481178998947144110e-01 2.241855859756470171e+00 -6.020131111145019531e-01 1.600000000000000000e+01
1.691872924566268921e-01 2.547237157821654829e+00 -5.893717408180236816e-01 1.100000000000000000e+01
1.971166282892226895e-01 2.959921121597290039e+00 -5.766248106956481934e-01 1.000000000000000000e+01
2.363187372684479037e-01 3.529998302459716797e+00 -5.603482723236083984e-01 1.000000000000000000e+01
2.927010357379912775e-01 4.349424839019775391e+00 -5.352501273155212402e-01 7.000000000000000000e+00
3.823908865451812744e-01 5.667416572570800781e+00 -4.969620406627655029e-01 8.000000000000000000e+00
5.539740324020385742e-01 8.168000221252441406e+00 -4.290501773357390802e-01 2.000000000000000000e+00
1.011641383171081987e+00 1.483929061889648082e+01 -2.596220076084136963e-01 2.000000000000000000e+00
1.555271893739700040e-01 2.229734897613524947e+00 -5.989072918891906738e-01 1.700000000000000000e+01
1.787948012351990024e-01 2.550487756729125977e+00 -5.902715921401977539e-01 1.200000000000000000e+01
2.085144966840744019e-01 2.967012405395507812e+00 -5.781512856483459473e-01 1.000000000000000000e+01
2.491160780191422064e-01 3.527137756347655806e+00 -5.600354075431823730e-01 1.000000000000000000e+01
3.092027008533477783e-01 4.356243610382080078e+00 -5.362251400947570801e-01 9.000000000000000000e+00
4.014635086059569757e-01 5.642128467559813565e+00 -4.948703050613402765e-01 8.000000000000000000e+00
5.864716768264770508e-01 8.201774597167968750e+00 -4.309342503547667902e-01 1.000000000000000000e+00
1.066023230552672896e+00 1.483548355102539062e+01 -2.596220076084136963e-01 2.000000000000000000e+00
1.630271673202514926e-01 2.225324869155883789e+00 -5.978720188140869141e-01 1.500000000000000000e+01
1.876965761184692105e-01 2.549848079681396040e+00 -5.902715921401977539e-01 1.000000000000000000e+01
2.180032134056091031e-01 2.954519033432006836e+00 -5.758615732192993164e-01 1.100000000000000000e+01
2.609884142875670832e-01 3.520336866378784180e+00 -5.590967535972595215e-01 1.000000000000000000e+01
3.248493075370789129e-01 4.361076354980468750e+00 -5.369563102722167969e-01 9.000000000000000000e+00
4.210074245929718018e-01 5.638705730438232422e+00 -4.946959912776947021e-01 9.000000000000000000e+00
6.127071976661682129e-01 8.167810440063476562e+00 -4.292595088481903076e-01 1.000000000000000000e+00
1.118703961372375044e+00 1.484363651275634943e+01 -2.598314285278319757e-01 2.000000000000000000e+00
1.710897535085678101e-01 2.228594779968262163e+00 -5.989072918891906738e-01 1.500000000000000000e+01
1.950976252555846890e-01 2.529747724533081055e+00 -5.857725739479064941e-01 1.300000000000000000e+01
2.287689894437789917e-01 2.959612131118773970e+00 -5.770063996315002441e-01 9.000000000000000000e+00
2.738867998123168945e-01 3.527282238006591797e+00 -5.603482723236083984e-01 1.000000000000000000e+01
3.386810421943665106e-01 4.342103958129882812e+00 -5.347626805305480957e-01 7.000000000000000000e+00
4.405323565006256104e-01 5.635215759277343750e+00 -4.945216774940490723e-01 9.000000000000000000e+00
6.390254497528076172e-01 8.137745857238769531e+00 -4.277940988540648859e-01 2.000000000000000000e+00
1.170511126518249956e+00 1.483964061737061080e+01 -2.598314285278319757e-01 2.000000000000000000e+00
1.802593320608139038e-01 2.245314836502075195e+00 -6.035659909248352051e-01 1.500000000000000000e+01
2.048666626214981079e-01 2.540705919265747070e+00 -5.884719491004943848e-01 1.100000000000000000e+01
2.384660392999649048e-01 2.950968027114868164e+00 -5.754799246788024902e-01 1.000000000000000000e+01
2.857182323932648260e-01 3.520397901535034180e+00 -5.594096183776855469e-01 1.000000000000000000e+01
3.530293703079224188e-01 4.331002712249755859e+00 -5.335440039634704590e-01 9.000000000000000000e+00
4.618223607540131170e-01 5.653501510620117188e+00 -4.962647855281829834e-01 9.000000000000000000e+00
6.687340140342712402e-01 8.151391029357910156e+00 -4.286314845085144043e-01 1.000000000000000000e+00
1.220661997795104980e+00 1.481553459167479936e+01 -2.594823837280272882e-01 2.000000000000000000e+00
1.849026083946228027e-01 2.215860128402709961e+00 -5.958014130592346191e-01 1.400000000000000000e+01
2.131729423999786099e-01 2.543933629989624023e+00 -5.893717408180236816e-01 1.100000000000000000e+01
2.478998601436614990e-01 2.952160835266112837e+00 -5.758615732192993164e-01 1.000000000000000000e+01
2.974404096603394110e-01 3.527356624603271040e+00 -5.606611371040344238e-01 9.000000000000000000e+00
3.674713075160980225e-01 4.339762210845947266e+00 -5.347626805305480957e-01 7.000000000000000000e+00
4.790757000446320135e-01 5.646066665649414062e+00 -4.957418739795684814e-01 9.000000000000000000e+00
6.956955194473266602e-01 8.165169715881347656e+00 -4.294688701629639227e-01 2.000000000000000000e+00
1.264813899993896040e+00 1.478373336791992010e+01 -2.589937150478363037e-01 2.000000000000000000e+00
1.929710060358046930e-01 2.219050168991088867e+00 -5.968367457389831543e-01 1.600000000000000000e+01
2.234076708555222113e-01 2.558704853057860884e+00 -5.929709672927856445e-01 1.100000000000000000e+01
2.575188875198364258e-01 2.943454265594481978e+00 -5.743350982666015625e-01 1.100000000000000000e+01
3.094056546688079834e-01 3.522361278533935991e+00 -5.600354075431823730e-01 9.000000000000000000e+00
3.831408321857451837e-01 4.344385623931884766e+00 -5.354939103126525879e-01 9.000000000000000000e+00
4.977289736270905096e-01 5.632452011108398438e+00 -4.946959912776947021e-01 9.000000000000000000e+00
7.234870195388793945e-01 8.154733657836914062e+00 -4.290501773357390802e-01 1.000000000000000000e+00
1.320668935775757058e+00 1.482703113555908025e+01 -2.598314285278319757e-01 2.000000000000000000e+00
2.012380063533782959e-01 2.224135160446166992e+00 -5.983896255493164062e-01 1.600000000000000000e+01
2.312801778316498080e-01 2.546264886856079102e+00 -5.902715921401977539e-01 1.100000000000000000e+01
2.692153751850128174e-01 2.958178758621215820e+00 -5.773880481719970703e-01 1.200000000000000000e+01
3.218788206577301025e-01 3.523226976394652876e+00 -5.603482723236083984e-01 8.000000000000000000e+00
3.984845280647277832e-01 4.344998359680175781e+00 -5.357376337051391602e-01 9.000000000000000000e+00
5.172045230865478516e-01 5.628696441650390625e+00 -4.945216774940490723e-01 9.000000000000000000e+00
7.523148059844970703e-01 8.156136512756347656e+00 -4.292595088481903076e-01 1.000000000000000000e+00
1.369835734367371050e+00 1.479445457458495916e+01 -2.593427598476409912e-01 2.000000000000000000e+00
2.095428556203841886e-01 2.229189157485961914e+00 -5.999425649642944336e-01 1.600000000000000000e+01
2.387024611234664917e-01 2.529921054840087891e+00 -5.866723656654357910e-01 1.200000000000000000e+01
2.791701853275299072e-01 2.953311920166016069e+00 -5.766248106956481934e-01 1.100000000000000000e+01
3.326825499534606934e-01 3.506349563598632812e+00 -5.578452944755554199e-01 8.000000000000000000e+00
4.123316407203673761e-01 4.329748153686523438e+00 -5.340314507484436035e-01 9.000000000000000000e+00
5.374169349670410156e-01 5.632806777954101562e+00 -4.950446188449860174e-01 8.000000000000000000e+00
7.788766026496887207e-01 8.133579254150390625e+00 -4.282127916812896729e-01 1.000000000000000000e+00
1.418026089668273926e+00 1.475375366210938033e+01 -2.587144672870635986e-01 2.000000000000000000e+00
2.184479534626007080e-01 2.239980697631835938e+00 -6.030483841896057129e-01 1.900000000000000000e+01
2.482913732528687079e-01 2.536830425262451172e+00 -5.884719491004943848e-01 1.100000000000000000e+01
2.889027297496796209e-01 2.946457862854003906e+00 -5.754799246788024902e-01 1.100000000000000000e+01
3.462741076946259100e-01 3.518928050994873047e+00 -5.600354075431823730e-01 9.000000000000000000e+00
4.264672994613646906e-01 4.318404674530029297e+00 -5.328127741813659668e-01 7.000000000000000000e+00
5.560950040817260742e-01 5.620983123779296875e+00 -4.941730499267578125e-01 8.000000000000000000e+00
8.064740300178527832e-01 8.122860908508300781e+00 -4.277940988540648859e-01 2.000000000000000000e+00
1.469517588615417036e+00 1.474871349334716975e+01 -2.587144672870635986e-01 2.000000000000000000e+00
2.247118651866913119e-01 2.223827838897705078e+00 -5.989072918891906738e-01 1.700000000000000000e+01
2.579314410686492920e-01 2.543703317642211914e+00 -5.902715921401977539e-01 1.100000000000000000e+01
2.987892329692841131e-01 2.941524982452393022e+00 -5.747166872024536133e-01 1.100000000000000000e+01
3.573534786701201837e-01 3.505906820297241211e+00 -5.581581592559814453e-01 9.000000000000000000e+00
4.417407214641571045e-01 4.318864822387695312e+00 -5.330564975738525391e-01 9.000000000000000000e+00
5.761187076568603516e-01 5.622972011566162109e+00 -4.945216774940490723e-01 9.000000000000000000e+00
8.348231911659240723e-01 8.119996070861816406e+00 -4.277940988540648859e-01 2.000000000000000000e+00
1.520170450210571067e+00 1.473553752899169922e+01 -2.585748434066771906e-01 2.000000000000000000e+00
2.322721630334854126e-01 2.221108675003052202e+00 -5.983896255493164062e-01 1.500000000000000000e+01
2.668090462684630793e-01 2.542787551879882812e+00 -5.902715921401977539e-01 1.100000000000000000e+01
3.102865219116210938e-01 2.952179193496704102e+00 -5.770063996315002441e-01 1.100000000000000000e+01
3.708322048187255859e-01 3.516424894332886186e+00 -5.600354075431823730e-01 9.000000000000000000e+00
4.589024782180786133e-01 4.337037086486816406e+00 -5.354939103126525879e-01 9.000000000000000000e+00
5.965829491615295410e-01 5.628851890563964844e+00 -4.952189326286315918e-01 8.000000000000000000e+00
8.623173832893371582e-01 8.109087944030761719e+00 -4.273754060268402100e-01 1.000000000000000000e+00
1.569051980972290039e+00 1.470628070831299006e+01 -2.581560015678405762e-01 2.000000000000000000e+00
2.398162335157394132e-01 2.218363523483275923e+00 -5.978720188140869141e-01 1.500000000000000000e+01
2.752631604671478271e-01 2.537966012954711914e+00 -5.893717408180236816e-01 1.100000000000000000e+01
3.210137188434600830e-01 2.954981565475463867e+00 -5.777696371078491211e-01 1.100000000000000000e+01
3.811783492565155029e-01 3.497435331344604048e+00 -5.572195649147033691e-01 9.000000000000000000e+00
4.733914434909821112e-01 4.329488754272460938e+00 -5.347626805305480957e-01 9.000000000000000000e+00
6.131910085678100586e-01 5.599007129669188565e+00 -4.927785694599152166e-01 8.000000000000000000e+00
8.932356834411621094e-01 8.129852294921875000e+00 -4.286314845085144043e-01 2.000000000000000000e+00
1.625635147094727007e+00 1.474841785430908025e+01 -2.589937150478363037e-01 2.000000000000000000e+00
2.477306723594666082e-01 2.215549945831298828e+00 -5.973543524742126465e-01 1.600000000000000000e+01
2.841289639472960871e-01 2.533066749572753906e+00 -5.884719491004943848e-01 1.000000000000000000e+01
3.314037621021270752e-01 2.949883222579956055e+00 -5.770063996315002441e-01 1.100000000000000000e+01
3.944369554519652765e-01 3.499940633773804155e+00 -5.578452944755554199e-01 8.000000000000000000e+00
4.885876476764678955e-01 4.321806907653808594e+00 -5.340314507484436035e-01 9.000000000000000000e+00
6.363982558250427246e-01 5.620479106903076172e+00 -4.948703050613402765e-01 8.000000000000000000e+00
9.189698100090026855e-01 8.090803146362304688e+00 -4.267473816871643066e-01 1.000000000000000000e+00
1.676963329315185991e+00 1.471851825714110973e+01 -2.585748434066771906e-01 2.000000000000000000e+00
2.563483417034149170e-01 2.222348213195800781e+00 -5.994248986244201660e-01 1.500000000000000000e+01
2.929692864418029785e-01 2.532059669494628906e+00 -5.884719491004943848e-01 1.100000000000000000e+01
3.410207927227020264e-01 2.942857742309569868e+00 -5.758615732192993164e-01 1.000000000000000000e+01
4.057393372058867853e-01 3.490693807601929155e+00 -5.565938353538513184e-01 8.000000000000000000e+00
5.022913217544555664e-01 4.308244705200195312e+00 -5.325690507888793945e-01 9.000000000000000000e+00
6.560134887695312500e-01 5.618223190307617188e+00 -4.948703050613402765e-01 9.000000000000000000e+00
9.486003518104553223e-01 8.099448204040527344e+00 -4.273754060268402100e-01 1.000000000000000000e+00
1.729263544082642046e+00 1.472051906585693004e+01 -2.587144672870635986e-01 2.000000000000000000e+00
2.629638910293579102e-01 2.211848020553588867e+00 -5.968367457389831543e-01 1.600000000000000000e+01
3.022675216197968084e-01 2.534891605377196822e+00 -5.893717408180236816e-01 1.100000000000000000e+01
3.505927920341492254e-01 2.935801267623900923e+00 -5.747166872024536133e-01 1.100000000000000000e+01
4.193311929702758789e-01 3.501024246215819868e+00 -5.584710240364074707e-01 9.000000000000000000e+00
5.192209482192993164e-01 4.322232723236083984e+00 -5.345189571380615234e-01 9.000000000000000000e+00
6.727650165557861328e-01 5.592161655426025391e+00 -4.927785694599152166e-01 9.000000000000000000e+00
9.783024787902832031e-01 8.107985496520996094e+00 -4.280034601688385010e-01 1.000000000000000000e+00
1.775352001190185991e+00 1.467071914672851918e+01 -2.579465806484221857e-01 2.000000000000000000e+00
2.702135443687438965e-01 2.207081556320189986e+00 -5.958014130592346191e-01 1.700000000000000000e+01
3.115890920162200928e-01 2.537689447402954102e+00 -5.902715921401977539e-01 1.100000000000000000e+01
3.603593111038208008e-01 2.930662393569945845e+00 -5.739534497261047363e-01 1.100000000000000000e+01
4.310659766197205145e-01 3.495618104934691939e+00 -5.578452944755554199e-01 8.000000000000000000e+00
5.333306193351745605e-01 4.312513351440429688e+00 -5.335440039634704590e-01 9.000000000000000000e+00
6.927709579467773438e-01 5.593733787536621094e+00 -4.931271970272064209e-01 8.000000000000000000e+00
1.005121588706969993e+00 8.092628479003906250e+00 -4.273754060268402100e-01 1.000000000000000000e+00
1.826551556587219016e+00 1.466443252563476918e+01 -2.579465806484221857e-01 2.000000000000000000e+00
2.776275277137755793e-01 2.210055351257324219e+00 -5.968367457389831543e-01 1.600000000000000000e+01
3.185856640338898260e-01 2.528964281082152876e+00 -5.884719491004943848e-01 1.000000000000000000e+01
3.698101937770844061e-01 2.931463718414307085e+00 -5.743350982666015625e-01 1.000000000000000000e+01
4.422935545444489081e-01 3.496206521987915039e+00 -5.581581592559814453e-01 9.000000000000000000e+00
5.488747358322143555e-01 4.326571464538574219e+00 -5.354939103126525879e-01 9.000000000000000000e+00
7.120984196662902832e-01 5.605365276336669922e+00 -4.943473637104033869e-01 6.000000000000000000e+00
1.032054781913757102e+00 8.101318359375000000e+00 -4.280034601688385010e-01 1.000000000000000000e+00
1.875146150588989036e+00 1.467845726013183949e+01 -2.582956254482268732e-01 2.000000000000000000e+00
2.863302826881409247e-01 2.216736555099486861e+00 -5.989072918891906738e-01 1.500000000000000000e+01
3.264101743698120117e-01 2.520106315612792969e+00 -5.866723656654357910e-01 1.100000000000000000e+01
3.815557658672332764e-01 2.941836595535277876e+00 -5.766248106956481934e-01 1.000000000000000000e+01
4.539853632450103760e-01 3.490723609924315962e+00 -5.575324296951293945e-01 9.000000000000000000e+00
5.639739632606506348e-01 4.324628829956054688e+00 -5.354939103126525879e-01 9.000000000000000000e+00
7.293385267257690430e-01 5.585064888000488281e+00 -4.927785694599152166e-01 8.000000000000000000e+00
1.058771491050719993e+00 8.085783958435058594e+00 -4.273754060268402100e-01 1.000000000000000000e+00
1.921686291694640891e+00 1.463613414764403942e+01 -2.576673328876494806e-01 2.000000000000000000e+00
2.944531142711638849e-01 2.215672254562377930e+00 -5.989072918891906738e-01 1.500000000000000000e+01
3.366742432117462158e-01 2.526619672775268999e+00 -5.884719491004943848e-01 1.100000000000000000e+01
3.907776772975922186e-01 2.928742408752440962e+00 -5.743350982666015625e-01 1.100000000000000000e+01
4.675622880458831787e-01 3.494910001754761186e+00 -5.584710240364074707e-01 8.000000000000000000e+00
5.766537785530090332e-01 4.298923015594482422e+00 -5.325690507888793945e-01 9.000000000000000000e+00
7.516605257987976074e-01 5.596177101135253906e+00 -4.939987361431121826e-01 8.000000000000000000e+00
1.088400244712830034e+00 8.081849098205566406e+00 -4.273754060268402100e-01 1.000000000000000000e+00
1.980134129524230957e+00 1.466466331481933949e+01 -2.582956254482268732e-01 2.000000000000000000e+00
3.006183505058289129e-01 2.203146219253540039e+00 -5.958014130592346191e-01 1.400000000000000000e+01
3.460200130939484198e-01 2.529290676116942915e+00 -5.893717408180236816e-01 1.000000000000000000e+01
3.991333842277526855e-01 2.913744926452637163e+00 -5.716637372970581055e-01 1.100000000000000000e+01
4.800277054309844971e-01 3.495213508605957031e+00 -5.587838888168334961e-01 9.000000000000000000e+00
5.932809710502624512e-01 4.308683395385742188e+00 -5.340314507484436035e-01 9.000000000000000000e+00
7.695575356483459473e-01 5.581676483154296875e+00 -4.929528832435607910e-01 9.000000000000000000e+00
1.118245363235474077e+00 8.089871406555175781e+00 -4.280034601688385010e-01 1.000000000000000000e+00
2.028566122055054155e+00 1.463785457611083984e+01 -2.579465806484221857e-01 2.000000000000000000e+00
3.093783855438231867e-01 2.209736108779906782e+00 -5.978720188140869141e-01 1.600000000000000000e+01
3.553885221481323242e-01 2.531927108764647993e+00 -5.902715921401977539e-01 1.000000000000000000e+01
4.095750749111176092e-01 2.914278030395507812e+00 -5.720453858375549316e-01 1.000000000000000000e+01
4.916741549968718927e-01 3.489604473114014116e+00 -5.581581592559814453e-01 9.000000000000000000e+00
6.066516041755676270e-01 4.294792652130126953e+00 -5.325690507888793945e-01 9.000000000000000000e+00
7.873624563217163086e-01 5.567120075225830078e+00 -4.919070005416870117e-01 9.000000000000000000e+00
1.143112897872925027e+00 8.062189102172851562e+00 -4.267473816871643066e-01 2.000000000000000000e+00
2.074021339416503906e+00 1.459108829498291016e+01 -2.572484612464904785e-01 2.000000000000000000e+00
3.179135322570800781e-01 2.214379549026488814e+00 -5.994248986244201660e-01 1.600000000000000000e+01
3.631139993667603094e-01 2.522955656051636186e+00 -5.884719491004943848e-01 1.000000000000000000e+01
4.205853343009948730e-01 2.918660163879394975e+00 -5.731902122497558594e-01 1.100000000000000000e+01
5.007454752922058105e-01 3.466361045837401900e+00 -5.547165870666503906e-01 9.000000000000000000e+00
6.236310601234436035e-01 4.306401252746582031e+00 -5.342751741409301758e-01 9.000000000000000000e+00
8.087918162345886230e-01 5.578139781951904297e+00 -4.931271970272064209e-01 8.000000000000000000e+00
1.170099139213562012e+00 8.050244331359863281e+00 -4.263286888599395752e-01 1.000000000000000000e+00
2.132437467575072798e+00 1.463520812988281072e+01 -2.581560015678405762e-01 2.000000000000000000e+00
3.255358040332794189e-01 2.215224504470825195e+00 -5.999425649642944336e-01 1.500000000000000000e+01
3.697743713855742853e-01 2.510169982910155806e+00 -5.857725739479064941e-01 1.100000000000000000e+01
4.322668910026549738e-01 2.930845022201538086e+00 -5.758615732192993164e-01 1.000000000000000000e+01
5.154155492782592773e-01 3.486176967620850053e+00 -5.581581592559814453e-01 9.000000000000000000e+00
6.376171708106994629e-01 4.302345752716063565e+00 -5.340314507484436035e-01 9.000000000000000000e+00
8.287472724914550781e-01 5.585281372070313388e+00 -4.939987361431121826e-01 8.000000000000000000e+00
1.196788191795348899e+00 8.046319961547851562e+00 -4.263286888599395752e-01 1.000000000000000000e+00
2.173290729522705078e+00 1.457663345336914062e+01 -2.572484612464904785e-01 2.000000000000000000e+00
3.332664072513579767e-01 2.214074611663817915e+00 -5.999425649642944336e-01 1.600000000000000000e+01
3.788249790668488104e-01 2.510790824890137163e+00 -5.862224698066711426e-01 1.000000000000000000e+01
4.419083297252655029e-01 2.925435781478881836e+00 -5.750983357429504395e-01 1.000000000000000000e+01
5.261028409004211426e-01 3.474591016769409180e+00 -5.565938353538513184e-01 8.000000000000000000e+00
6.496525406837463379e-01 4.280467510223388672e+00 -5.315940976142883301e-01 1.000000000000000000e+01
8.491364121437072754e-01 5.588263511657714844e+00 -4.945216774940490723e-01 9.000000000000000000e+00
1.224867820739746094e+00 8.042093276977539062e+00 -4.263286888599395752e-01 1.000000000000000000e+00
2.224159479141234907e+00 1.456895828247069957e+01 -2.572484612464904785e-01 2.000000000000000000e+00
3.409929275512694757e-01 2.212897777557373047e+00 -5.999425649642944336e-01 1.700000000000000000e+01
3.896691799163817804e-01 2.522934675216674805e+00 -5.893717408180236816e-01 1.000000000000000000e+01
4.494172036647797186e-01 2.906413793563843218e+00 -5.716637372970581055e-01 9.000000000000000000e+00
5.394383668899536133e-01 3.480541706085205078e+00 -5.578452944755554199e-01 8.000000000000000000e+00
6.645902395248413086e-01 4.278173923492431641e+00 -5.315940976142883301e-01 9.000000000000000000e+00
8.652699589729309082e-01 5.563609600067138672e+00 -4.926042556762694757e-01 9.000000000000000000e+00
1.252317309379578081e+00 8.033821105957031250e+00 -4.261193573474884033e-01 1.000000000000000000e+00
2.281174898147583008e+00 1.460062026977539062e+01 -2.579465806484221857e-01 2.000000000000000000e+00
3.463082909584044855e-01 2.196427822113037109e+00 -5.958014130592346191e-01 1.600000000000000000e+01
3.972567915916442871e-01 2.513859510421752930e+00 -5.875721573829650879e-01 1.100000000000000000e+01
4.610936641693115234e-01 2.914522886276245117e+00 -5.735718607902526855e-01 1.000000000000000000e+01
5.506563782691955566e-01 3.472784519195557085e+00 -5.569067001342773438e-01 9.000000000000000000e+00
6.801429390907287598e-01 4.279748916625976562e+00 -5.320815443992614746e-01 9.000000000000000000e+00
8.831200003623962402e-01 5.550717353820800781e+00 -4.917326867580413818e-01 9.000000000000000000e+00
1.282239913940429910e+00 8.041234970092773438e+00 -4.267473816871643066e-01 2.000000000000000000e+00
2.332126617431641069e+00 1.459256839752197088e+01 -2.579465806484221857e-01 2.000000000000000000e+00
3.554332256317139227e-01 2.206711053848267046e+00 -5.989072918891906738e-01 1.600000000000000000e+01
4.062119722366333008e-01 2.516376018524169922e+00 -5.884719491004943848e-01 1.100000000000000000e+01
4.713824391365051270e-01 2.916854143142700195e+00 -5.743350982666015625e-01 1.000000000000000000e+01
5.605903863906860352e-01 3.461189508438109907e+00 -5.553423762321472168e-01 8.000000000000000000e+00
6.968758106231689453e-01 4.293145656585693359e+00 -5.340314507484436035e-01 9.000000000000000000e+00
9.037590622901916504e-01 5.561524391174316406e+00 -4.929528832435607910e-01 9.000000000000000000e+00
1.307614445686340110e+00 8.029053688049316406e+00 -4.263286888599395752e-01 1.000000000000000000e+00
2.374062061309814009e+00 1.454528331756591975e+01 -2.572484612464904785e-01 2.000000000000000000e+00
3.625062108039855957e-01 2.201644420623778853e+00 -5.978720188140869141e-01 1.500000000000000000e+01
4.130896627902985174e-01 2.503406286239624023e+00 -5.857725739479064941e-01 1.100000000000000000e+01
4.822012484073638916e-01 2.919064998626708984e+00 -5.750983357429504395e-01 1.000000000000000000e+01
5.736366510391235352e-01 3.465058326721190962e+00 -5.562809705734252930e-01 9.000000000000000000e+00
7.095831632614135742e-01 4.276978492736816406e+00 -5.323252677917480469e-01 7.000000000000000000e+00
9.218611121177673340e-01 5.550473690032958984e+00 -4.922556281089783270e-01 9.000000000000000000e+00
1.333665609359740989e+00 8.012619018554687500e+00 -4.257006645202637274e-01 2.000000000000000000e+00
2.424819946289062944e+00 1.453690719604492010e+01 -2.572484612464904785e-01 2.000000000000000000e+00
3.721122443675994873e-01 2.211796045303345171e+00 -6.009778380393981934e-01 1.600000000000000000e+01
4.231215715408325195e-01 2.509635686874390093e+00 -5.875721573829650879e-01 1.000000000000000000e+01
4.904273450374603271e-01 2.905748605728148970e+00 -5.728086233139038086e-01 1.000000000000000000e+01
5.860579013824462891e-01 3.464982509613037109e+00 -5.565938353538513184e-01 9.000000000000000000e+00
7.221861481666564941e-01 4.260775566101074219e+00 -5.306191444396972656e-01 9.000000000000000000e+00
9.418968558311462402e-01 5.551150798797607422e+00 -4.926042556762694757e-01 8.000000000000000000e+00
1.361626744270324929e+00 8.007915496826171875e+00 -4.257006645202637274e-01 1.000000000000000000e+00
2.484281778335570845e+00 1.457960796356200994e+01 -2.581560015678405762e-01 2.000000000000000000e+00
3.791762590408325195e-01 2.206675767898560014e+00 -5.999425649642944336e-01 1.800000000000000000e+01
4.325406551361083984e-01 2.511984348297119141e+00 -5.884719491004943848e-01 1.100000000000000000e+01
4.992333650588989258e-01 2.896280050277709961e+00 -5.712821483612060547e-01 1.000000000000000000e+01
5.981494188308715820e-01 3.462915658950806108e+00 -5.565938353538513184e-01 8.000000000000000000e+00
7.377317547798156738e-01 4.262140274047851562e+00 -5.311065912246704102e-01 9.000000000000000000e+00
9.616084098815917969e-01 5.549792289733886719e+00 -4.927785694599152166e-01 8.000000000000000000e+00
1.391621232032776101e+00 8.014920234680175781e+00 -4.263286888599395752e-01 1.000000000000000000e+00
2.533102273941040039e+00 1.455902671813965021e+01 -2.579465806484221857e-01 2.000000000000000000e+00
3.852076828479766846e-01 2.195824861526488814e+00 -5.973543524742126465e-01 1.600000000000000000e+01
4.399569034576416016e-01 2.502781867980957031e+00 -5.866723656654357910e-01 1.100000000000000000e+01
5.086597204208374023e-01 2.890652656555175781e+00 -5.705189108848571777e-01 1.100000000000000000e+01
6.098905801773071289e-01 3.458861112594604048e+00 -5.562809705734252930e-01 9.000000000000000000e+00
7.553679943084716797e-01 4.275177955627441406e+00 -5.330564975738525391e-01 9.000000000000000000e+00
9.802809357643127441e-01 5.542478084564208984e+00 -4.924299418926239014e-01 9.000000000000000000e+00
1.417498826980591042e+00 7.998214244842529297e+00 -4.257006645202637274e-01 2.000000000000000000e+00
2.576914310455321822e+00 1.451071834564208984e+01 -2.572484612464904785e-01 2.000000000000000000e+00
3.925297558307648260e-01 2.192565202713013139e+00 -5.968367457389831543e-01 1.800000000000000000e+01
4.493787586688994806e-01 2.505067110061645952e+00 -5.875721573829650879e-01 1.100000000000000000e+01
5.201348662376403809e-01 2.896589040756226030e+00 -5.720453858375549316e-01 1.000000000000000000e+01
6.198616623878479004e-01 3.445046186447143999e+00 -5.544037222862243652e-01 9.000000000000000000e+00
7.709909677505493164e-01 4.276422500610351562e+00 -5.335440039634704590e-01 9.000000000000000000e+00
9.999756813049316406e-01 5.540983200073242188e+00 -4.926042556762694757e-01 8.000000000000000000e+00
1.441855192184448020e+00 7.973563671112061435e+00 -4.246539473533629816e-01 2.000000000000000000e+00
2.627550601959228960e+00 1.450163459777832031e+01 -2.572484612464904785e-01 2.000000000000000000e+00
4.015691578388214111e-01 2.198783397674560991e+00 -5.989072918891906738e-01 1.500000000000000000e+01
4.567171931266785223e-01 2.495815753936768022e+00 -5.857725739479064941e-01 1.100000000000000000e+01
5.313038825988769531e-01 2.900549173355102983e+00 -5.731902122497558594e-01 1.000000000000000000e+01
6.354492902755737305e-01 3.462290763854980025e+00 -5.575324296951293945e-01 9.000000000000000000e+00
7.859138250350952148e-01 4.273705005645751953e+00 -5.335440039634704590e-01 9.000000000000000000e+00
1.020753979682921919e+00 5.545296669006347656e+00 -4.933015108108521063e-01 6.000000000000000000e+00
1.471852898597717063e+00 7.980267047882080078e+00 -4.252819716930388849e-01 2.000000000000000000e+00
2.685422420501708984e+00 1.453170204162598012e+01 -2.579465806484221857e-01 2.000000000000000000e+00
4.103030264377593994e-01 2.203065872192382812e+00 -6.004601716995239258e-01 1.600000000000000000e+01
4.661413729190825861e-01 2.498037576675415039e+00 -5.866723656654357910e-01 1.100000000000000000e+01
5.389021635055541992e-01 2.885167598724364790e+00 -5.705189108848571777e-01 1.000000000000000000e+01
6.453508138656616211e-01 3.448401689529418945e+00 -5.556552410125732422e-01 9.000000000000000000e+00
7.993636727333068848e-01 4.263131141662597656e+00 -5.325690507888793945e-01 9.000000000000000000e+00
1.040839552879333052e+00 5.545616149902343750e+00 -4.936501383781433105e-01 8.000000000000000000e+00
1.504867792129517046e+00 8.002560615539550781e+00 -4.267473816871643066e-01 1.000000000000000000e+00
2.734650135040283203e+00 1.451437950134276988e+01 -2.578069567680358887e-01 2.000000000000000000e+00
4.169096350669860840e-01 2.195926427841186968e+00 -5.989072918891906738e-01 1.700000000000000000e+01
4.748583137989044189e-01 2.496395111083983931e+00 -5.866723656654357910e-01 1.100000000000000000e+01
5.500715970993041992e-01 2.889054775238037109e+00 -5.716637372970581055e-01 9.000000000000000000e+00
6.588646769523620605e-01 3.453889369964600053e+00 -5.569067001342773438e-01 9.000000000000000000e+00
8.134946227073669434e-01 4.256415367126464844e+00 -5.320815443992614746e-01 9.000000000000000000e+00
1.058693528175354004e+00 5.534121513366699219e+00 -4.929528832435607910e-01 9.000000000000000000e+00
1.526025533676147017e+00 7.961950778961181641e+00 -4.248632788658142090e-01 2.000000000000000000e+00
2.779264450073242188e+00 1.447332382202148082e+01 -2.572484612464904785e-01 2.000000000000000000e+00
4.216366410255432129e-01 2.179284334182738814e+00 -5.947661399841308594e-01 1.700000000000000000e+01
4.857944846153259277e-01 2.506201267242432085e+00 -5.893717408180236816e-01 1.100000000000000000e+01
5.601528882980346680e-01 2.887117147445679155e+00 -5.716637372970581055e-01 9.000000000000000000e+00
6.697862148284912109e-01 3.445751190185546875e+00 -5.559681057929992676e-01 9.000000000000000000e+00
8.310034871101379395e-01 4.267189025878906250e+00 -5.337877273559570312e-01 9.000000000000000000e+00
1.075336456298827903e+00 5.516703128814697266e+00 -4.917326867580413818e-01 9.000000000000000000e+00
1.559167861938477007e+00 7.984018802642822266e+00 -4.263286888599395752e-01 1.000000000000000000e+00
2.841287612915039062e+00 1.452240943908691051e+01 -2.582956254482268732e-01 2.000000000000000000e+00
4.299726188182830811e-01 2.185530900955200195e+00 -5.968367457389831543e-01 1.600000000000000000e+01
4.914044737815856934e-01 2.493191003799438032e+00 -5.866723656654357910e-01 1.000000000000000000e+01
5.692203044891357422e-01 2.885343074798583984e+00 -5.716637372970581055e-01 9.000000000000000000e+00
6.786929965019226074e-01 3.433940649032593218e+00 -5.544037222862243652e-01 9.000000000000000000e+00
8.417060971260070801e-01 4.250926494598388672e+00 -5.320815443992614746e-01 9.000000000000000000e+00
1.094986319541930930e+00 5.525023937225341797e+00 -4.927785694599152166e-01 8.000000000000000000e+00
1.576463460922240989e+00 7.939900875091552734e+00 -4.242352545261383057e-01 1.000000000000000000e+00
2.882995843887329102e+00 1.449379825592041016e+01 -2.579465806484221857e-01 2.000000000000000000e+00
4.394966065883635919e-01 2.193487644195557085e+00 -5.994248986244201660e-01 1.600000000000000000e+01
4.997208118438721258e-01 2.489549875259398970e+00 -5.862224698066711426e-01 1.200000000000000000e+01
5.808354020118713379e-01 2.891037702560424805e+00 -5.731902122497558594e-01 1.200000000000000000e+01
6.922346353530883789e-01 3.439296722412108931e+00 -5.556552410125732422e-01 9.000000000000000000e+00
8.577166199684143066e-01 4.253800392150878906e+00 -5.328127741813659668e-01 7.000000000000000000e+00
1.112689018249511941e+00 5.513356208801270419e+00 -4.920813143253325861e-01 8.000000000000000000e+00
1.608127236366271973e+00 7.953926086425781250e+00 -4.252819716930388849e-01 2.000000000000000000e+00
2.925631761550902876e+00 1.444444847106933949e+01 -2.572484612464904785e-01 2.000000000000000000e+00
4.463737607002257746e-01 2.186183691024779829e+00 -5.978720188140869141e-01 1.500000000000000000e+01
5.076705813407897949e-01 2.481973886489868164e+00 -5.848727226257324219e-01 1.100000000000000000e+01
5.910338759422302246e-01 2.886965990066527876e+00 -5.728086233139038086e-01 1.000000000000000000e+01
7.060261964797973633e-01 3.442541837692261186e+00 -5.565938353538513184e-01 8.000000000000000000e+00
8.689073324203491211e-01 4.229238986968994141e+00 -5.301316380500793457e-01 9.000000000000000000e+00
1.134092926979064941e+00 5.515095710754395419e+00 -4.926042556762694757e-01 9.000000000000000000e+00
1.641298770904541016e+00 7.967540264129638672e+00 -4.263286888599395752e-01 1.000000000000000000e+00
2.978553533554077148e+00 1.443362903594971058e+01 -2.572484612464904785e-01 2.000000000000000000e+00
4.547883868217468262e-01 2.188395261764525923e+00 -5.989072918891906738e-01 1.500000000000000000e+01
5.179198980331420898e-01 2.487818002700806108e+00 -5.866723656654357910e-01 1.200000000000000000e+01
5.999062657356262207e-01 2.879119396209716797e+00 -5.716637372970581055e-01 1.100000000000000000e+01
7.184422612190246582e-01 3.441990137100220171e+00 -5.569067001342773438e-01 9.000000000000000000e+00
8.877276182174682617e-01 4.245610713958740234e+00 -5.325690507888793945e-01 9.000000000000000000e+00
1.151296734809875044e+00 5.501352310180664062e+00 -4.917326867580413818e-01 9.000000000000000000e+00
1.669100642204284890e+00 7.961762428283691406e+00 -4.263286888599395752e-01 1.000000000000000000e+00
3.028918266296387163e+00 1.442314338684082031e+01 -2.572484612464904785e-01 2.000000000000000000e+00
4.600265026092528742e-01 2.175454139709473100e+00 -5.958014130592346191e-01 1.600000000000000000e+01
5.270046591758728027e-01 2.487901449203491211e+00 -5.871222615242004395e-01 1.200000000000000000e+01
6.095454692840576172e-01 2.875087261199951172e+00 -5.712821483612060547e-01 1.000000000000000000e+01
7.292215824127197266e-01 3.433664321899414062e+00 -5.559681057929992676e-01 8.000000000000000000e+00
9.004768729209899902e-01 4.232778072357177734e+00 -5.313503146171569824e-01 9.000000000000000000e+00
1.168418407440185991e+00 5.487556457519531250e+00 -4.908611476421356201e-01 9.000000000000000000e+00
1.694382548332213911e+00 7.944167613983154297e+00 -4.257006645202637274e-01 2.000000000000000000e+00
3.079246044158935991e+00 1.441248321533202947e+01 -2.572484612464904785e-01 2.000000000000000000e+00
4.696488082408905029e-01 2.183278322219849077e+00 -5.983896255493164062e-01 1.500000000000000000e+01
5.344544053077697754e-01 2.480331659317017046e+00 -5.857725739479064941e-01 1.000000000000000000e+01
6.204054355621337891e-01 2.876780271530150923e+00 -5.720453858375549316e-01 1.100000000000000000e+01
7.387002110481262207e-01 3.419512987136840820e+00 -5.540908575057983398e-01 9.000000000000000000e+00
9.181854128837585449e-01 4.243190288543701172e+00 -5.330564975738525391e-01 9.000000000000000000e+00
1.189674973487854004e+00 5.493180751800537109e+00 -4.917326867580413818e-01 9.000000000000000000e+00
1.718715071678162065e+00 7.922590255737304688e+00 -4.248632788658142090e-01 2.000000000000000000e+00
3.121043443679810014e+00 1.436256504058838068e+01 -2.565503716468811035e-01 2.000000000000000000e+00
4.760284125804901123e-01 2.175963878631591797e+00 -5.968367457389831543e-01 1.500000000000000000e+01
5.414406061172485352e-01 2.470836639404296875e+00 -5.839729309082031250e-01 1.100000000000000000e+01
6.312846541404724121e-01 2.878432512283325195e+00 -5.728086233139038086e-01 1.000000000000000000e+01
7.489366531372070312e-01 3.409196138381958008e+00 -5.528393983840942383e-01 9.000000000000000000e+00
9.304316639900207520e-01 4.228326797485351562e+00 -5.315940976142883301e-01 9.000000000000000000e+00
1.211413621902466042e+00 5.500669479370117188e+00 -4.927785694599152166e-01 9.000000000000000000e+00
1.742917656898498979e+00 7.900939464569091797e+00 -4.240259230136870783e-01 1.000000000000000000e+00
3.179788112640380859e+00 1.439063453674316051e+01 -2.572484612464904785e-01 2.000000000000000000e+00
4.873960614204406738e-01 2.191260814666748047e+00 -6.014954447746276855e-01 1.600000000000000000e+01
5.509096980094909668e-01 2.472735881805419922e+00 -5.848727226257324219e-01 1.100000000000000000e+01
6.379102468490600586e-01 2.860881805419921875e+00 -5.697556734085083008e-01 1.100000000000000000e+01
7.634158730506896973e-01 3.418128490447998047e+00 -5.547165870666503906e-01 9.000000000000000000e+00
9.443188309669494629e-01 4.221179008483886719e+00 -5.311065912246704102e-01 9.000000000000000000e+00
1.227560043334960938e+00 5.482797145843505859e+00 -4.915584027767180841e-01 9.000000000000000000e+00
1.772234678268433061e+00 7.902602672576904297e+00 -4.244446158409119207e-01 2.000000000000000000e+00
3.237013816833496094e+00 1.441066455841063920e+01 -2.578069567680358887e-01 2.000000000000000000e+00
4.908747673034667969e-01 2.174643278121947798e+00 -5.973543524742126465e-01 1.600000000000000000e+01
5.586752891540527344e-01 2.470992803573607954e+00 -5.848727226257324219e-01 1.100000000000000000e+01
6.486279368400573730e-01 2.866523027420043945e+00 -5.712821483612060547e-01 1.000000000000000000e+01
7.758969664573669434e-01 3.423419237136840820e+00 -5.559681057929992676e-01 9.000000000000000000e+00
9.558175802230834961e-01 4.210448265075683594e+00 -5.301316380500793457e-01 9.000000000000000000e+00
1.242130160331726074e+00 5.467256546020507812e+00 -4.905125200748444159e-01 9.000000000000000000e+00
1.797938942909240945e+00 7.900891304016113281e+00 -4.246539473533629816e-01 1.000000000000000000e+00
3.260939359664916992e+00 1.430683898925781072e+01 -2.561315298080443781e-01 2.000000000000000000e+00
4.971668422222136896e-01 2.167267799377440962e+00 -5.958014130592346191e-01 1.500000000000000000e+01
5.690428018569946289e-01 2.476624727249145952e+00 -5.866723656654357910e-01 1.100000000000000000e+01
6.568701863288879395e-01 2.856588125228881836e+00 -5.697556734085083008e-01 1.000000000000000000e+01
7.856254577636718750e-01 3.411065101623535156e+00 -5.544037222862243652e-01 9.000000000000000000e+00
9.731862545013427734e-01 4.218691825866699219e+00 -5.315940976142883301e-01 9.000000000000000000e+00
1.262551546096801980e+00 5.468711376190186435e+00 -4.910354614257813055e-01 8.000000000000000000e+00
1.825507283210753950e+00 7.894567012786865234e+00 -4.246539473533629816e-01 1.000000000000000000e+00
3.307250261306763139e+00 1.427978420257568004e+01 -2.558522820472716730e-01 2.000000000000000000e+00
5.073601007461547852e-01 2.176807641983031782e+00 -5.989072918891906738e-01 1.700000000000000000e+01
5.776843428611755371e-01 2.474623203277587891e+00 -5.866723656654357910e-01 1.100000000000000000e+01
6.686241030693054199e-01 2.861924886703491211e+00 -5.712821483612060547e-01 1.000000000000000000e+01
7.979775667190551758e-01 3.410225391387939009e+00 -5.547165870666503906e-01 8.000000000000000000e+00
9.888122081756591797e-01 4.219134330749511719e+00 -5.320815443992614746e-01 9.000000000000000000e+00
1.283452987670897993e+00 5.472029685974121094e+00 -4.917326867580413818e-01 9.000000000000000000e+00
1.855793833732604980e+00 7.899812698364257812e+00 -4.252819716930388849e-01 2.000000000000000000e+00
3.366235494613647017e+00 1.430708312988281072e+01 -2.565503716468811035e-01 2.000000000000000000e+00
5.149554610252380371e-01 2.175023317337036133e+00 -5.989072918891906738e-01 1.600000000000000000e+01
5.827218294143676758e-01 2.457422494888306108e+00 -5.830731391906738281e-01 1.200000000000000000e+01
6.799699068069458008e-01 2.865304231643677202e+00 -5.724269747734069824e-01 9.000000000000000000e+00
8.089630603790283203e-01 3.403575420379639116e+00 -5.540908575057983398e-01 8.000000000000000000e+00
1.001694917678833008e+00 4.207932472229003906e+00 -5.311065912246704102e-01 9.000000000000000000e+00
1.304854869842529075e+00 5.477207183837890625e+00 -4.926042556762694757e-01 8.000000000000000000e+00
1.879649758338928001e+00 7.877744674682617188e+00 -4.244446158409119207e-01 2.000000000000000000e+00
3.416156053543090820e+00 1.429524612426757990e+01 -2.565503716468811035e-01 2.000000000000000000e+00
5.247317552566528320e-01 2.180634260177611861e+00 -6.009778380393981934e-01 1.700000000000000000e+01
5.953774452209472656e-01 2.470426082611083984e+00 -5.866723656654357910e-01 1.100000000000000000e+01
6.900069117546081543e-01 2.860884189605712891e+00 -5.720453858375549316e-01 1.000000000000000000e+01
8.223599791526794434e-01 3.404428005218505859e+00 -5.547165870666503906e-01 8.000000000000000000e+00
1.017110943794250044e+00 4.204233169555664062e+00 -5.311065912246704102e-01 9.000000000000000000e+00
1.323983311653136985e+00 5.468514919281005859e+00 -4.922556281089783270e-01 6.000000000000000000e+00
1.915099620819092019e+00 7.897976875305175781e+00 -4.259100258350371759e-01 2.000000000000000000e+00
3.459089756011962891e+00 1.424376487731933949e+01 -2.558522820472716730e-01 2.000000000000000000e+00
5.300477743148803711e-01 2.169406175613402876e+00 -5.983896255493164062e-01 1.600000000000000000e+01
6.039971709251403809e-01 2.468332767486571822e+00 -5.866723656654357910e-01 1.100000000000000000e+01
6.976541876792907715e-01 2.848923683166503906e+00 -5.701372623443603516e-01 1.100000000000000000e+01
8.351796865463256836e-01 3.405373573303223100e+00 -5.553423762321472168e-01 9.000000000000000000e+00
1.029886245727539062e+00 4.192945957183837891e+00 -5.301316380500793457e-01 9.000000000000000000e+00
1.340210437774657981e+00 5.452251434326171875e+00 -4.912097752094268799e-01 9.000000000000000000e+00
1.942657113075255904e+00 7.891243934631347656e+00 -4.259100258350371759e-01 2.000000000000000000e+00
3.508788585662841797e+00 1.423160362243651988e+01 -2.558522820472716730e-01 2.000000000000000000e+00
5.385473370552062988e-01 2.171292781829833984e+00 -5.994248986244201660e-01 1.600000000000000000e+01
6.135491728782653809e-01 2.469991922378540039e+00 -5.875721573829650879e-01 1.100000000000000000e+01
7.085418105125427246e-01 2.850281476974486861e+00 -5.709004998207092285e-01 1.100000000000000000e+01
8.461071252822875977e-01 3.398603916168212891e+00 -5.547165870666503906e-01 8.000000000000000000e+00
1.048357963562011941e+00 4.204734325408936435e+00 -5.320815443992614746e-01 9.000000000000000000e+00
1.358269453048706055e+00 5.443673610687255859e+00 -4.908611476421356201e-01 9.000000000000000000e+00
1.965833067893981934e+00 7.866975307464599609e+00 -4.249679744243621826e-01 4.000000000000000000e+00
3.548735618591309038e+00 1.418047142028808949e+01 -2.551541924476624090e-01 2.000000000000000000e+00
5.456516742706298828e-01 2.167526245117187944e+00 -5.989072918891906738e-01 1.800000000000000000e+01
6.202617883682250977e-01 2.460276842117310014e+00 -5.857725739479064941e-01 1.100000000000000000e+01
7.184868454933166504e-01 2.847790956497191939e+00 -5.709004998207092285e-01 1.100000000000000000e+01
8.555458188056945801e-01 3.386053800582886186e+00 -5.531522631645202637e-01 9.000000000000000000e+00
1.061081051826477051e+00 4.193351268768311435e+00 -5.311065912246704102e-01 9.000000000000000000e+00
1.379708647727966087e+00 5.448556423187255859e+00 -4.917326867580413818e-01 9.000000000000000000e+00
1.996227622032165971e+00 7.871681213378906250e+00 -4.255959987640380859e-01 4.000000000000000000e+00
3.603135347366333008e+00 1.418737983703612926e+01 -2.555032372474669855e-01 2.000000000000000000e+00
5.532144308090209961e-01 2.165608406066894975e+00 -5.989072918891906738e-01 1.600000000000000000e+01
6.269140243530273438e-01 2.450544834136962891e+00 -5.839729309082031250e-01 1.000000000000000000e+01
7.303707599639892578e-01 2.852873325347899947e+00 -5.724269747734069824e-01 9.000000000000000000e+00
8.688318729400634766e-01 3.388787269592285156e+00 -5.540908575057983398e-01 8.000000000000000000e+00
1.074724793434143066e+00 4.185776710510253906e+00 -5.306191444396972656e-01 9.000000000000000000e+00
1.394256830215454102e+00 5.426339626312255859e+00 -4.901638925075531006e-01 9.000000000000000000e+00
2.016724824905395952e+00 7.837585926055908203e+00 -4.241305887699127197e-01 3.000000000000000000e+00
3.637666702270507812e+00 1.411662292480468928e+01 -2.544560730457305908e-01 2.000000000000000000e+00
5.612550973892211914e-01 2.165534257888793945e+00 -5.994248986244201660e-01 1.600000000000000000e+01
6.364433169364929199e-01 2.452114105224608931e+00 -5.848727226257324219e-01 1.100000000000000000e+01
7.393376231193542480e-01 2.846506118774414062e+00 -5.716637372970581055e-01 1.000000000000000000e+01
8.801584243774414062e-01 3.383821964263916016e+00 -5.537779927253723145e-01 9.000000000000000000e+00
1.087327837944030984e+00 4.174315452575683594e+00 -5.296441912651062012e-01 9.000000000000000000e+00
1.416205167770385964e+00 5.433007717132568359e+00 -4.912097752094268799e-01 9.000000000000000000e+00
2.048106431961060014e+00 7.845958232879638672e+00 -4.249679744243621826e-01 3.000000000000000000e+00
3.686920881271361861e+00 1.410383892059325994e+01 -2.544560730457305908e-01 2.000000000000000000e+00
5.699058175086975098e-01 2.169266462326049805e+00 -6.009778380393981934e-01 1.700000000000000000e+01
6.435797214508056641e-01 2.446220874786376953e+00 -5.839729309082031250e-01 1.100000000000000000e+01
7.462736368179321289e-01 2.834545850753784180e+00 -5.697556734085083008e-01 1.000000000000000000e+01
8.933891057968139648e-01 3.388525009155272993e+00 -5.550295114517211914e-01 9.000000000000000000e+00
1.102177858352660911e+00 4.174525737762451172e+00 -5.301316380500793457e-01 9.000000000000000000e+00
1.435740709304810014e+00 5.434060096740722656e+00 -4.917326867580413818e-01 9.000000000000000000e+00
2.075645923614501953e+00 7.844915866851806641e+00 -4.252819716930388849e-01 2.000000000000000000e+00
3.736743450164794922e+00 1.410313320159911932e+01 -2.546655237674713135e-01 2.000000000000000000e+00
5.710083842277526855e-01 2.142996549606322798e+00 -5.942485332489013672e-01 1.600000000000000000e+01
6.551290750503540039e-01 2.455256700515747070e+00 -5.866723656654357910e-01 1.000000000000000000e+01
7.576829195022583008e-01 2.837614059448242188e+00 -5.709004998207092285e-01 1.100000000000000000e+01
9.041913151741027832e-01 3.381569147109984907e+00 -5.544037222862243652e-01 9.000000000000000000e+00
1.118796706199645996e+00 4.178323268890380859e+00 -5.311065912246704102e-01 9.000000000000000000e+00
1.454184651374816895e+00 5.427091121673583984e+00 -4.915584027767180841e-01 9.000000000000000000e+00
2.100946903228760210e+00 7.829906463623046875e+00 -4.248632788658142090e-01 2.000000000000000000e+00
3.792176723480225053e+00 1.411317729949950994e+01 -2.550843656063079834e-01 2.000000000000000000e+00
5.820127129554748535e-01 2.154045104980469194e+00 -5.978720188140869141e-01 1.500000000000000000e+01
6.647135019302368164e-01 2.456717014312744141e+00 -5.875721573829650879e-01 1.100000000000000000e+01
7.655310630798339844e-01 2.827371835708618164e+00 -5.693740248680114746e-01 9.000000000000000000e+00
9.118542671203613281e-01 3.363140106201171875e+00 -5.519008040428161621e-01 9.000000000000000000e+00
1.131814599037169966e+00 4.168644905090332031e+00 -5.303753614425659180e-01 7.000000000000000000e+00
1.467896103858947976e+00 5.402755260467529297e+00 -4.898152649402617853e-01 9.000000000000000000e+00
2.125119447708129883e+00 7.810962200164794922e+00 -4.242352545261383057e-01 2.000000000000000000e+00
3.821443319320679155e+00 1.402653789520264027e+01 -2.537579834461212158e-01 2.000000000000000000e+00
5.890177488327026367e-01 2.150137186050415039e+00 -5.973543524742126465e-01 1.400000000000000000e+01
6.691607236862182617e-01 2.439347267150878906e+00 -5.839729309082031250e-01 1.100000000000000000e+01
7.774745821952819824e-01 2.832255363464355025e+00 -5.709004998207092285e-01 9.000000000000000000e+00
9.241118431091308594e-01 3.361841440200806108e+00 -5.522136688232421875e-01 8.000000000000000000e+00
1.143724799156188965e+00 4.155099391937255859e+00 -5.291566848754882812e-01 9.000000000000000000e+00
1.488862633705138938e+00 5.405281543731688565e+00 -4.905125200748444159e-01 9.000000000000000000e+00
2.155558347702025923e+00 7.815048694610595703e+00 -4.248632788658142090e-01 2.000000000000000000e+00
3.870381832122803178e+00 1.401311397552490057e+01 -2.537579834461212158e-01 2.000000000000000000e+00
5.980702638626098633e-01 2.153652191162108931e+00 -5.989072918891906738e-01 1.200000000000000000e+01
6.787157058715820312e-01 2.440751791000366211e+00 -5.848727226257324219e-01 1.100000000000000000e+01
7.878825664520263672e-01 2.831415414810181108e+00 -5.712821483612060547e-01 1.000000000000000000e+01
9.390226006507873535e-01 3.370012521743773970e+00 -5.540908575057983398e-01 8.000000000000000000e+00
1.157154917716979980e+00 4.147257804870604581e+00 -5.286692380905151367e-01 9.000000000000000000e+00
1.509864687919616921e+00 5.407727718353270596e+00 -4.912097752094268799e-01 9.000000000000000000e+00
2.179598093032836914e+00 7.795935630798339844e+00 -4.242352545261383057e-01 2.000000000000000000e+00
3.919273138046265093e+00 1.399951839447020951e+01 -2.537579834461212158e-01 2.000000000000000000e+00
6.061077117919921875e-01 2.153411149978638139e+00 -5.994248986244201660e-01 1.600000000000000000e+01
6.882886886596679688e-01 2.442118883132935014e+00 -5.857725739479064941e-01 1.100000000000000000e+01
7.982941865921020508e-01 2.830537557601929155e+00 -5.716637372970581055e-01 1.000000000000000000e+01
9.518541097640991211e-01 3.370516061782836914e+00 -5.547165870666503906e-01 9.000000000000000000e+00
1.171624422073364036e+00 4.143193244934082031e+00 -5.286692380905151367e-01 9.000000000000000000e+00
1.525477051734924094e+00 5.390921592712402344e+00 -4.901638925075531006e-01 9.000000000000000000e+00
2.206797599792480025e+00 7.788280010223388672e+00 -4.242352545261383057e-01 1.000000000000000000e+00
3.968116760253905806e+00 1.398575210571289062e+01 -2.537579834461212158e-01 2.000000000000000000e+00
6.100679039955139160e-01 2.140242099761962891e+00 -5.963190793991088867e-01 1.500000000000000000e+01
6.979877948760986328e-01 2.445444822311400923e+00 -5.871222615242004395e-01 9.000000000000000000e+00
8.082153201103210449e-01 2.829762458801269975e+00 -5.720453858375549316e-01 9.000000000000000000e+00
9.641122221946716309e-01 3.371139526367187944e+00 -5.553423762321472168e-01 9.000000000000000000e+00
1.189729332923888938e+00 4.154551982879638672e+00 -5.306191444396972656e-01 9.000000000000000000e+00
1.541699051856995073e+00 5.380087375640869141e+00 -4.896409511566162109e-01 9.000000000000000000e+00
2.231510639190673828e+00 7.777079582214354581e+00 -4.240259230136870783e-01 2.000000000000000000e+00
4.000116348266601562e+00 1.392254543304443004e+01 -2.528504729270935059e-01 2.000000000000000000e+00
6.191431879997253418e-01 2.143667697906494141e+00 -5.978720188140869141e-01 1.700000000000000000e+01
7.070611715316772461e-01 2.444865465164185014e+00 -5.875721573829650879e-01 1.100000000000000000e+01
8.153593540191650391e-01 2.817494630813599077e+00 -5.701372623443603516e-01 9.000000000000000000e+00
9.698261618614196777e-01 3.346883058547974077e+00 -5.519008040428161621e-01 9.000000000000000000e+00
1.205330491065979004e+00 4.154186725616455078e+00 -5.311065912246704102e-01 9.000000000000000000e+00
1.561025142669677956e+00 5.376586437225341797e+00 -4.898152649402617853e-01 9.000000000000000000e+00
2.259759187698363814e+00 7.773078441619873047e+00 -4.242352545261383057e-01 2.000000000000000000e+00
4.040865898132324219e+00 1.388161754608153942e+01 -2.523618042469025213e-01 2.000000000000000000e+00
6.262484192848205566e-01 2.141602754592895952e+00 -5.978720188140869141e-01 1.600000000000000000e+01
7.107839584350585938e-01 2.427545547485352007e+00 -5.839729309082031250e-01 1.100000000000000000e+01
8.280100822448730469e-01 2.826079845428466797e+00 -5.724269747734069824e-01 1.000000000000000000e+01
9.814755916595458984e-01 3.345544099807738814e+00 -5.522136688232421875e-01 8.000000000000000000e+00
1.217980742454529031e+00 4.146357536315917969e+00 -5.306191444396972656e-01 9.000000000000000000e+00
1.574912905693053977e+00 5.357999801635742188e+00 -4.885950982570648193e-01 8.000000000000000000e+00
2.284395456314086914e+00 7.761710166931152344e+00 -4.240259230136870783e-01 2.000000000000000000e+00
4.075571537017822266e+00 1.382977867126465021e+01 -2.516637146472930908e-01 2.000000000000000000e+00
6.364635825157165527e-01 2.148665189743041992e+00 -6.004601716995239258e-01 1.600000000000000000e+01
7.192533016204833984e-01 2.425049781799315962e+00 -5.839729309082031250e-01 1.100000000000000000e+01
8.361941576004028320e-01 2.817525863647460938e+00 -5.712821483612060547e-01 9.000000000000000000e+00
9.953984618186950684e-01 3.349671840667725053e+00 -5.534651279449462891e-01 9.000000000000000000e+00
1.232446789741515891e+00 4.142080783843994141e+00 -5.306191444396972656e-01 9.000000000000000000e+00
1.598154544830322044e+00 5.367745876312255859e+00 -4.899895787239075262e-01 9.000000000000000000e+00
2.313757419586182085e+00 7.761344909667968750e+00 -4.244446158409119207e-01 2.000000000000000000e+00
4.129541397094726562e+00 1.383463001251221058e+01 -2.520127594470977783e-01 2.000000000000000000e+00
6.428496837615966797e-01 2.142729520797729048e+00 -5.994248986244201660e-01 1.600000000000000000e+01
7.288352251052856445e-01 2.426256895065308061e+00 -5.848727226257324219e-01 1.100000000000000000e+01
8.431982994079589844e-01 2.805189132690430132e+00 -5.693740248680114746e-01 1.000000000000000000e+01
1.007654309272765891e+00 3.348068475723267046e+00 -5.537779927253723145e-01 9.000000000000000000e+00
1.245179533958435059e+00 4.132051467895507812e+00 -5.298879146575927734e-01 1.000000000000000000e+01
1.618607282638550027e+00 5.367857456207275391e+00 -4.905125200748444159e-01 9.000000000000000000e+00
2.335062742233275923e+00 7.734100818634033203e+00 -4.233978986740111750e-01 2.000000000000000000e+00
4.160448551177979404e+00 1.376270580291748047e+01 -2.509655952453612726e-01 2.000000000000000000e+00
6.480789184570312500e-01 2.133078813552856001e+00 -5.973543524742126465e-01 1.500000000000000000e+01
7.395686507225036621e-01 2.431155681610106978e+00 -5.866723656654357910e-01 1.100000000000000000e+01
8.535568118095397949e-01 2.804106950759888139e+00 -5.697556734085083008e-01 9.000000000000000000e+00
1.020486831665039062e+00 3.348309993743896040e+00 -5.544037222862243652e-01 7.000000000000000000e+00
1.260174870491028054e+00 4.129578590393066406e+00 -5.301316380500793457e-01 9.000000000000000000e+00
1.630934357643126997e+00 5.341213703155517578e+00 -4.885950982570648193e-01 9.000000000000000000e+00
2.366717100143433061e+00 7.741182804107666016e+00 -4.242352545261383057e-01 2.000000000000000000e+00
4.213146686553955078e+00 1.376339626312256037e+01 -2.512448430061339777e-01 2.000000000000000000e+00
6.560888290405273438e-01 2.132650136947631836e+00 -5.978720188140869141e-01 1.600000000000000000e+01
7.480504512786865234e-01 2.428559303283690962e+00 -5.866723656654357910e-01 1.000000000000000000e+01
8.650745749473571777e-01 2.806738853454589844e+00 -5.709004998207092285e-01 1.000000000000000000e+01
1.028673529624938965e+00 3.333402156829833984e+00 -5.525265336036682129e-01 9.000000000000000000e+00
1.275754213333130105e+00 4.128947734832763672e+00 -5.306191444396972656e-01 1.000000000000000000e+01
1.651334285736083984e+00 5.341198444366455078e+00 -4.891180396080017090e-01 9.000000000000000000e+00
2.394905567169189009e+00 7.736690044403076172e+00 -4.244446158409119207e-01 2.000000000000000000e+00
4.268268108367919922e+00 1.377152729034424006e+01 -2.516637146472930908e-01 2.000000000000000000e+00
6.675505638122558594e-01 2.143258094787598100e+00 -6.014954447746276855e-01 1.600000000000000000e+01
7.530422210693359375e-01 2.414771080017089844e+00 -5.839729309082031250e-01 1.100000000000000000e+01
8.777906298637390137e-01 2.813072681427001953e+00 -5.728086233139038086e-01 9.000000000000000000e+00
1.040892004966736062e+00 3.331676483154296875e+00 -5.528393983840942383e-01 8.000000000000000000e+00
1.288973927497863992e+00 4.120680332183837891e+00 -5.301316380500793457e-01 9.000000000000000000e+00
1.675324797630310059e+00 5.352514743804931641e+00 -4.906868338584899902e-01 8.000000000000000000e+00
2.408757448196411133e+00 7.686354160308837891e+00 -4.221418201923369806e-01 2.000000000000000000e+00
4.311524391174316406e+00 1.374128055572509943e+01 -2.513844668865203857e-01 2.000000000000000000e+00
6.717512011528015137e-01 2.131819963455200195e+00 -5.989072918891906738e-01 1.500000000000000000e+01
7.645636796951293945e-01 2.423411130905150923e+00 -5.866723656654357910e-01 1.000000000000000000e+01
8.841592073440551758e-01 2.800785541534423828e+00 -5.709004998207092285e-01 1.000000000000000000e+01
1.053125143051147017e+00 3.331973552703856978e+00 -5.534651279449462891e-01 9.000000000000000000e+00
1.299037933349608931e+00 4.105027675628662109e+00 -5.286692380905151367e-01 9.000000000000000000e+00
1.693666577339171919e+00 5.348829269409179688e+00 -4.908611476421356201e-01 9.000000000000000000e+00
2.439061641693114790e+00 7.693555355072020596e+00 -4.229792058467864990e-01 2.000000000000000000e+00
4.355858325958251953e+00 1.372309494018555043e+01 -2.513146400451660156e-01 2.000000000000000000e+00
6.797755956649780273e-01 2.131302595138549805e+00 -5.994248986244201660e-01 1.400000000000000000e+01
7.724254727363586426e-01 2.418871164321898970e+00 -5.862224698066711426e-01 9.000000000000000000e+00
8.915402293205261230e-01 2.790201663970946822e+00 -5.693740248680114746e-01 1.000000000000000000e+01
1.066555261611938032e+00 3.333921432495117188e+00 -5.544037222862243652e-01 9.000000000000000000e+00
1.314570307731627974e+00 4.104249477386474609e+00 -5.291566848754882812e-01 9.000000000000000000e+00
1.711111068725585938e+00 5.339089870452880859e+00 -4.905125200748444159e-01 9.000000000000000000e+00
2.469563722610474077e+00 7.696404933929443359e+00 -4.236072301864624023e-01 2.000000000000000000e+00
4.403734683990479404e+00 1.370780658721924006e+01 -2.513146400451660156e-01 2.000000000000000000e+00
6.850601434707641602e-01 2.123521089553833008e+00 -5.978720188140869141e-01 1.600000000000000000e+01
7.822393774986267090e-01 2.421859741210937944e+00 -5.875721573829650879e-01 1.000000000000000000e+01
9.013916850090026855e-01 2.789098024368286133e+00 -5.697556734085083008e-01 1.000000000000000000e+01
1.076388716697693093e+00 3.326607465744018999e+00 -5.537779927253723145e-01 9.000000000000000000e+00
1.330620408058166948e+00 4.107421398162841797e+00 -5.301316380500793457e-01 9.000000000000000000e+00
1.721434354782104048e+00 5.310642719268798828e+00 -4.884207844734191895e-01 9.000000000000000000e+00
2.495072126388549805e+00 7.688173294067382812e+00 -4.236072301864624023e-01 2.000000000000000000e+00
4.461525917053222656e+00 1.373116397857666016e+01 -2.520127594470977783e-01 2.000000000000000000e+00
6.936675310134887695e-01 2.124789714813231978e+00 -5.989072918891906738e-01 1.600000000000000000e+01
7.870559096336364746e-01 2.408000707626343218e+00 -5.848727226257324219e-01 1.000000000000000000e+01
9.117322564125061035e-01 2.787800550460814986e+00 -5.701372623443603516e-01 9.000000000000000000e+00
1.086764812469481978e+00 3.319075345993041992e+00 -5.531522631645202637e-01 9.000000000000000000e+00
1.347423315048217995e+00 4.110296726226806641e+00 -5.311065912246704102e-01 9.000000000000000000e+00
1.743687272071837935e+00 5.315960407257080078e+00 -4.894666373729705811e-01 9.000000000000000000e+00
2.521893739700316939e+00 7.679417133331298828e+00 -4.236072301864624023e-01 1.000000000000000000e+00
4.563142776489257812e+00 1.387887763977050959e+01 -2.550145685672760010e-01 2.000000000000000000e+00
7.016861438751220703e-01 2.124189853668212891e+00 -5.994248986244201660e-01 1.400000000000000000e+01
7.966803908348083496e-01 2.408938884735106978e+00 -5.857725739479064941e-01 1.100000000000000000e+01
9.239250421524047852e-01 2.792056322097777876e+00 -5.716637372970581055e-01 9.000000000000000000e+00
1.098343968391418013e+00 3.315261602401732954e+00 -5.531522631645202637e-01 9.000000000000000000e+00
1.357388138771056907e+00 4.092379570007324219e+00 -5.294004082679748535e-01 7.000000000000000000e+00
1.763488054275512917e+00 5.313622951507568359e+00 -4.898152649402617853e-01 9.000000000000000000e+00
2.544905900955200195e+00 7.659194946289063388e+00 -4.229792058467864990e-01 2.000000000000000000e+00
4.611561298370361328e+00 1.386286449432373047e+01 -2.550145685672760010e-01 2.000000000000000000e+00
7.115460634231567383e-01 2.129056453704833984e+00 -6.014954447746276855e-01 1.600000000000000000e+01
8.038476109504699707e-01 2.402447223663330078e+00 -5.848727226257324219e-01 1.100000000000000000e+01
9.349120259284973145e-01 2.792537689208983931e+00 -5.724269747734069824e-01 1.000000000000000000e+01
1.109909772872925027e+00 3.311407327651977983e+00 -5.531522631645202637e-01 9.000000000000000000e+00
1.372296452522278054e+00 4.089498043060302734e+00 -5.296441912651062012e-01 9.000000000000000000e+00
1.780756950378417969e+00 5.303657531738281250e+00 -4.894666373729705811e-01 9.000000000000000000e+00
2.575444221496582031e+00 7.661623954772949219e+00 -4.236072301864624023e-01 1.000000000000000000e+00
4.675231456756591797e+00 1.389216899871825994e+01 -2.558522820472716730e-01 2.000000000000000000e+00
7.167471051216125488e-01 2.121194601058959961e+00 -5.999425649642944336e-01 1.500000000000000000e+01
8.143078684806823730e-01 2.407152414321898970e+00 -5.866723656654357910e-01 1.100000000000000000e+01
9.422789216041564941e-01 2.783843278884888139e+00 -5.712821483612060547e-01 1.000000000000000000e+01
1.121518611907958984e+00 3.309579372406005859e+00 -5.534651279449462891e-01 9.000000000000000000e+00
1.385850191116333008e+00 4.084925174713134766e+00 -5.296441912651062012e-01 9.000000000000000000e+00
1.799615502357482910e+00 5.301496505737304688e+00 -4.898152649402617853e-01 9.000000000000000000e+00
2.603407621383666992e+00 7.660605430603027344e+00 -4.240259230136870783e-01 1.000000000000000000e+00
4.701950550079345703e+00 1.381979465484618963e+01 -2.548051476478577215e-01 2.000000000000000000e+00
7.203982472419738770e-01 2.107711553573607954e+00 -5.968367457389831543e-01 1.500000000000000000e+01
8.264908790588378906e-01 2.415357828140258789e+00 -5.893717408180236816e-01 1.000000000000000000e+01
9.513546824455261230e-01 2.778679609298706055e+00 -5.709004998207092285e-01 1.000000000000000000e+01
1.133064389228821023e+00 3.305644512176514116e+00 -5.534651279449462891e-01 9.000000000000000000e+00
1.403966665267943892e+00 4.091328144073486328e+00 -5.311065912246704102e-01 9.000000000000000000e+00
1.819404244422913042e+00 5.298951148986816406e+00 -4.901638925075531006e-01 9.000000000000000000e+00
2.630132198333739790e+00 7.651471138000488281e+00 -4.240259230136870783e-01 2.000000000000000000e+00
4.750162124633789062e+00 1.380329799652099965e+01 -2.548051476478577215e-01 2.000000000000000000e+00
7.312760353088378906e-01 2.114185571670531782e+00 -5.994248986244201660e-01 1.600000000000000000e+01
8.302367925643920898e-01 2.397580862045288086e+00 -5.857725739479064941e-01 1.200000000000000000e+01
9.608899354934692383e-01 2.773319005966186968e+00 -5.705189108848571777e-01 1.100000000000000000e+01
1.145172595977782981e+00 3.301469326019287109e+00 -5.534651279449462891e-01 8.000000000000000000e+00
1.416347861289978027e+00 4.078654289245604581e+00 -5.301316380500793457e-01 9.000000000000000000e+00
1.830966711044311968e+00 5.269662857055664062e+00 -4.880721569061278742e-01 9.000000000000000000e+00
2.655534029006958008e+00 7.634234428405761719e+00 -4.236072301864624023e-01 2.000000000000000000e+00
4.798091411590576172e+00 1.377824115753174006e+01 -2.546655237674713135e-01 2.000000000000000000e+00
7.405650615692138672e-01 2.117090702056885210e+00 -6.009778380393981934e-01 1.600000000000000000e+01
8.373126387596130371e-01 2.390989542007445845e+00 -5.848727226257324219e-01 1.100000000000000000e+01
9.712139964103698730e-01 2.771800756454468218e+00 -5.709004998207092285e-01 9.000000000000000000e+00
1.154728293418884055e+00 3.291859865188599077e+00 -5.525265336036682129e-01 9.000000000000000000e+00
1.430576443672179954e+00 4.073685169219970703e+00 -5.301316380500793457e-01 1.000000000000000000e+01
1.858596801757812944e+00 5.289555549621582031e+00 -4.905125200748444159e-01 9.000000000000000000e+00
2.676864147186278853e+00 7.609845638275145596e+00 -4.227698445320128839e-01 1.000000000000000000e+00
4.855456352233886719e+00 1.378781509399414062e+01 -2.551541924476624090e-01 2.000000000000000000e+00
7.472124695777893066e-01 2.114753723144530806e+00 -6.009778380393981934e-01 1.600000000000000000e+01
8.448200225830078125e-01 2.388347387313843218e+00 -5.848727226257324219e-01 1.100000000000000000e+01
9.786069989204406738e-01 2.765034437179564986e+00 -5.701372623443603516e-01 9.000000000000000000e+00
1.169022560119628906e+00 3.299387693405150923e+00 -5.544037222862243652e-01 9.000000000000000000e+00
1.437394618988037109e+00 4.052332878112792969e+00 -5.279380083084106445e-01 9.000000000000000000e+00
1.872539758682250977e+00 5.276180267333984375e+00 -4.898152649402617853e-01 9.000000000000000000e+00
2.704770088195800781e+00 7.612690448760986328e+00 -4.233978986740111750e-01 2.000000000000000000e+00
4.871942043304443359e+00 1.369713020324707031e+01 -2.537579834461212158e-01 2.000000000000000000e+00
7.513400316238403320e-01 2.103036403656005859e+00 -5.983896255493164062e-01 1.500000000000000000e+01
8.557768464088439941e-01 2.392723560333251953e+00 -5.866723656654357910e-01 1.100000000000000000e+01
9.849454164505004883e-01 2.752359390258789062e+00 -5.682291984558105469e-01 1.000000000000000000e+01
1.180532455444335938e+00 3.295286893844604048e+00 -5.544037222862243652e-01 9.000000000000000000e+00
1.453541636466979980e+00 4.052896499633789062e+00 -5.286692380905151367e-01 9.000000000000000000e+00
1.891618609428405984e+00 5.271486759185791016e+00 -4.899895787239075262e-01 8.000000000000000000e+00
2.727275371551514116e+00 7.591924667358398438e+00 -4.227698445320128839e-01 1.000000000000000000e+00
4.927845001220703125e+00 1.370262145996093928e+01 -2.541768550872802734e-01 2.000000000000000000e+00
7.564165592193603516e-01 2.093001127243041992e+00 -5.963190793991088867e-01 1.600000000000000000e+01
8.645408749580383301e-01 2.389570713043212891e+00 -5.866723656654357910e-01 1.000000000000000000e+01
9.976996779441833496e-01 2.756114959716796875e+00 -5.697556734085083008e-01 1.000000000000000000e+01
1.189237236976623979e+00 3.281651973724364790e+00 -5.528393983840942383e-01 8.000000000000000000e+00
1.473802328109740989e+00 4.062470436096191406e+00 -5.306191444396972656e-01 9.000000000000000000e+00
1.906848073005676047e+00 5.253281116485595703e+00 -4.889437258243560791e-01 9.000000000000000000e+00
2.759175539016724077e+00 7.593140602111816406e+00 -4.233978986740111750e-01 2.000000000000000000e+00
4.969830989837645596e+00 1.366191768646240057e+01 -2.537579834461212158e-01 2.000000000000000000e+00
7.637178897857666016e-01 2.090348005294799805e+00 -5.963190793991088867e-01 1.500000000000000000e+01
8.715379834175109863e-01 2.382878065109252930e+00 -5.857725739479064941e-01 1.100000000000000000e+01
1.007314205169677956e+00 2.752615451812744141e+00 -5.697556734085083008e-01 1.000000000000000000e+01
1.200685024261475053e+00 3.277480840682982954e+00 -5.528393983840942383e-01 9.000000000000000000e+00
1.486607074737549050e+00 4.053573608398438388e+00 -5.301316380500793457e-01 9.000000000000000000e+00
1.925860166549683061e+00 5.248463630676270419e+00 -4.891180396080017090e-01 9.000000000000000000e+00
2.796682357788085938e+00 7.613459587097167969e+00 -4.250726401805878241e-01 1.000000000000000000e+00
4.995404720306395596e+00 1.358442783355713068e+01 -2.526410222053527832e-01 2.000000000000000000e+00
7.756948471069335938e-01 2.100354909896851030e+00 -5.999425649642944336e-01 1.700000000000000000e+01
8.757959008216857910e-01 2.368854522705078125e+00 -5.830731391906738281e-01 1.100000000000000000e+01
1.020322203636168990e+00 2.758289098739624023e+00 -5.716637372970581055e-01 1.000000000000000000e+01
1.214862227439879927e+00 3.280679464340209961e+00 -5.540908575057983398e-01 8.000000000000000000e+00
1.500747561454772949e+00 4.048359870910645419e+00 -5.301316380500793457e-01 9.000000000000000000e+00
1.946940422058105025e+00 5.249181270599365234e+00 -4.898152649402617853e-01 9.000000000000000000e+00
2.806556463241577148e+00 7.558714389801025391e+00 -4.225605130195618231e-01 2.000000000000000000e+00
5.041399002075195312e+00 1.356315898895264027e+01 -2.525712251663208008e-01 5.000000000000000000e+00
7.836973667144775391e-01 2.099444150924683061e+00 -6.004601716995239258e-01 1.600000000000000000e+01
8.854236602783203125e-01 2.369433879852294922e+00 -5.839729309082031250e-01 1.100000000000000000e+01
1.029944181442260964e+00 2.754710912704468218e+00 -5.716637372970581055e-01 1.000000000000000000e+01
1.222844362258910911e+00 3.267168521881103960e+00 -5.525265336036682129e-01 9.000000000000000000e+00
1.512780427932739036e+00 4.037519931793212891e+00 -5.294004082679748535e-01 1.000000000000000000e+01
1.959656596183777078e+00 5.227428436279296875e+00 -4.884207844734191895e-01 9.000000000000000000e+00
2.825906753540039062e+00 7.530172348022460938e+00 -4.215137958526610773e-01 1.000000000000000000e+00
5.081680297851563388e+00 1.352675914764403942e+01 -2.522221803665161133e-01 2.000000000000000000e+00
7.913366556167602539e-01 2.098641395568848100e+00 -6.009778380393981934e-01 1.900000000000000000e+01
8.974052667617797852e-01 2.377423763275146040e+00 -5.866723656654357910e-01 1.100000000000000000e+01
1.036298871040344016e+00 2.743933677673339844e+00 -5.701372623443603516e-01 1.100000000000000000e+01
1.238561868667602983e+00 3.276029586791992188e+00 -5.547165870666503906e-01 8.000000000000000000e+00
1.527566313743591087e+00 4.036194324493408203e+00 -5.298879146575927734e-01 1.000000000000000000e+01
1.986152887344359907e+00 5.245123863220214844e+00 -4.906868338584899902e-01 9.000000000000000000e+00
2.862189054489136186e+00 7.550641059875488281e+00 -4.231885373592377264e-01 1.000000000000000000e+00
5.099549293518066406e+00 1.343878841400145951e+01 -2.508957982063292902e-01 5.000000000000000000e+00
7.965937256813049316e-01 2.090450763702393022e+00 -5.994248986244201660e-01 2.100000000000000000e+01
9.084768295288085938e-01 2.381559610366820845e+00 -5.884719491004943848e-01 1.100000000000000000e+01
1.045170664787292036e+00 2.738465309143065962e+00 -5.697556734085083008e-01 1.100000000000000000e+01
1.248579740524291992e+00 3.267995595932006836e+00 -5.540908575057983398e-01 8.000000000000000000e+00
1.542355060577393022e+00 4.032691478729248047e+00 -5.301316380500793457e-01 9.000000000000000000e+00
2.000177383422852007e+00 5.226994037628173828e+00 -4.896409511566162109e-01 9.000000000000000000e+00
2.888528347015380859e+00 7.540604114532470703e+00 -4.231885373592377264e-01 2.000000000000000000e+00
5.143564701080322266e+00 1.341343688964843928e+01 -2.507561743259429932e-01 2.000000000000000000e+00
8.038859367370605469e-01 2.087657451629639116e+00 -5.994248986244201660e-01 1.900000000000000000e+01
9.139808416366577148e-01 2.371100664138793945e+00 -5.866723656654357910e-01 1.100000000000000000e+01
1.055429697036742942e+00 2.736632108688354048e+00 -5.701372623443603516e-01 1.000000000000000000e+01
1.256422400474547896e+00 3.254403352737427202e+00 -5.525265336036682129e-01 9.000000000000000000e+00
1.554991245269774947e+00 4.023580074310302734e+00 -5.296441912651062012e-01 9.000000000000000000e+00
2.017692089080810991e+00 5.218122005462645596e+00 -4.894666373729705811e-01 9.000000000000000000e+00
2.910506486892700195e+00 7.519299983978270596e+00 -4.225605130195618231e-01 2.000000000000000000e+00
5.197579860687255859e+00 1.341404724121093928e+01 -2.511052191257476807e-01 2.000000000000000000e+00
8.104677796363830566e-01 2.083038091659545898e+00 -5.989072918891906738e-01 1.600000000000000000e+01
9.187157154083251953e-01 2.358816623687744141e+00 -5.844228267669677734e-01 1.200000000000000000e+01
1.067114472389220969e+00 2.738419055938721147e+00 -5.712821483612060547e-01 1.000000000000000000e+01
1.272081971168518066e+00 3.261039733886719194e+00 -5.544037222862243652e-01 9.000000000000000000e+00
1.567582488059998003e+00 4.014429092407226562e+00 -5.291566848754882812e-01 9.000000000000000000e+00
2.038794755935668945e+00 5.218470096588134766e+00 -4.901638925075531006e-01 9.000000000000000000e+00
2.949830293655395952e+00 7.542575836181640625e+00 -4.244446158409119207e-01 1.000000000000000000e+00
5.244371891021729404e+00 1.339582252502441051e+01 -2.511052191257476807e-01 2.000000000000000000e+00
8.194903135299682617e-01 2.085733175277709961e+00 -6.004601716995239258e-01 1.400000000000000000e+01
9.286725521087646484e-01 2.361197471618651900e+00 -5.857725739479064941e-01 1.100000000000000000e+01
1.073313951492310014e+00 2.727557897567749023e+00 -5.697556734085083008e-01 1.000000000000000000e+01
1.281440973281859907e+00 3.253127574920653853e+00 -5.537779927253723145e-01 9.000000000000000000e+00
1.577973484992980957e+00 4.001821994781494141e+00 -5.281817317008972168e-01 9.000000000000000000e+00
2.056088447570800781e+00 5.211680889129638672e+00 -4.901638925075531006e-01 9.000000000000000000e+00
2.967489957809447798e+00 7.514175891876220703e+00 -4.233978986740111750e-01 2.000000000000000000e+00
5.288765430450438565e+00 1.337835788726806996e+01 -2.511052191257476807e-01 2.000000000000000000e+00
8.232022523880004883e-01 2.073882102966309038e+00 -5.978720188140869141e-01 1.500000000000000000e+01
9.397873878479003906e-01 2.365185499191284180e+00 -5.875721573829650879e-01 1.100000000000000000e+01
1.080652475357056108e+00 2.718321561813354048e+00 -5.686107873916625977e-01 1.000000000000000000e+01
1.293519139289855957e+00 3.250470161437987837e+00 -5.540908575057983398e-01 9.000000000000000000e+00
1.591932892799376997e+00 3.996289491653441939e+00 -5.281817317008972168e-01 1.000000000000000000e+01
2.074268102645874023e+00 5.204472064971923828e+00 -4.901638925075531006e-01 9.000000000000000000e+00
2.989260673522949219e+00 7.492640972137451172e+00 -4.227698445320128839e-01 2.000000000000000000e+00
5.317632675170898438e+00 1.331524467468262074e+01 -2.502675056457520086e-01 2.000000000000000000e+00
8.297174572944641113e-01 2.069202899932860884e+00 -5.973543524742126465e-01 1.600000000000000000e+01
9.465858936309814453e-01 2.358273744583129883e+00 -5.866723656654357910e-01 1.100000000000000000e+01
1.090866327285767046e+00 2.716354608535767046e+00 -5.689924359321594238e-01 1.000000000000000000e+01
1.304120779037476030e+00 3.244102239608765093e+00 -5.537779927253723145e-01 9.000000000000000000e+00
1.608837008476257102e+00 3.998074531555175781e+00 -5.291566848754882812e-01 9.000000000000000000e+00
2.086469650268555132e+00 5.182413578033447266e+00 -4.887694120407103937e-01 9.000000000000000000e+00
3.021369218826293945e+00 7.496980667114257812e+00 -4.236072301864624023e-01 2.000000000000000000e+00
5.373056411743164062e+00 1.331885528564452947e+01 -2.506863772869110107e-01 2.000000000000000000e+00
8.383857607841491699e-01 2.069875240325928178e+00 -5.983896255493164062e-01 1.900000000000000000e+01
9.533476233482360840e-01 2.351343154907227007e+00 -5.857725739479064941e-01 1.100000000000000000e+01
1.100341439247130904e+00 2.712530136108397993e+00 -5.689924359321594238e-01 1.000000000000000000e+01
1.310977697372436968e+00 3.228548765182495117e+00 -5.519008040428161621e-01 9.000000000000000000e+00
1.627267956733704057e+00 4.003468036651611328e+00 -5.306191444396972656e-01 9.000000000000000000e+00
2.104547023773192915e+00 5.175098896026611328e+00 -4.887694120407103937e-01 9.000000000000000000e+00
3.038483858108520952e+00 7.464190006256104404e+00 -4.223511815071105957e-01 2.000000000000000000e+00
5.410459995269775391e+00 1.327779674530028942e+01 -2.502675056457520086e-01 2.000000000000000000e+00
8.463460206985473633e-01 2.070807695388793945e+00 -5.994248986244201660e-01 1.900000000000000000e+01
9.607298374176025391e-01 2.348336458206177202e+00 -5.857725739479064941e-01 1.100000000000000000e+01
1.113319873809814009e+00 2.719961643218994141e+00 -5.712821483612060547e-01 1.000000000000000000e+01
1.324109673500061035e+00 3.231725931167602983e+00 -5.531522631645202637e-01 9.000000000000000000e+00
1.635317683219909890e+00 3.987316608428955078e+00 -5.291566848754882812e-01 1.000000000000000000e+01
2.125332593917847124e+00 5.179521560668945312e+00 -4.898152649402617853e-01 9.000000000000000000e+00
3.066471338272095171e+00 7.465692520141601562e+00 -4.229792058467864990e-01 2.000000000000000000e+00
5.432375907897949219e+00 1.321264743804931996e+01 -2.493599802255629938e-01 2.000000000000000000e+00
8.557806611061096191e-01 2.073197841644287109e+00 -6.009778380393981934e-01 1.900000000000000000e+01
9.704095721244812012e-01 2.348570823669434038e+00 -5.866723656654357910e-01 1.000000000000000000e+01
1.122807621955872026e+00 2.716058969497681108e+00 -5.712821483612060547e-01 1.000000000000000000e+01
1.336137771606445090e+00 3.228909492492675781e+00 -5.534651279449462891e-01 8.000000000000000000e+00
1.648466348648071067e+00 3.979749917984008789e+00 -5.289129614830017090e-01 1.000000000000000000e+01
2.145688056945800781e+00 5.177592754364013672e+00 -4.903382062911986750e-01 9.000000000000000000e+00
3.092512607574462891e+00 7.454943180084229404e+00 -4.229792058467864990e-01 2.000000000000000000e+00
5.483065128326416016e+00 1.320468521118164062e+01 -2.495694160461426059e-01 2.000000000000000000e+00
8.630122542381286621e-01 2.070197820663452148e+00 -6.009778380393981934e-01 1.900000000000000000e+01
9.740989208221435547e-01 2.334378480911254883e+00 -5.839729309082031250e-01 1.100000000000000000e+01
1.129256129264831987e+00 2.704876184463500977e+00 -5.697556734085083008e-01 1.000000000000000000e+01
1.348162293434143066e+00 3.226048469543457031e+00 -5.537779927253723145e-01 9.000000000000000000e+00
1.663880348205565962e+00 3.977634191513061968e+00 -5.294004082679748535e-01 1.000000000000000000e+01
2.158363580703734907e+00 5.157206058502197266e+00 -4.891180396080017090e-01 9.000000000000000000e+00
3.116972923278809038e+00 7.440418720245361328e+00 -4.227698445320128839e-01 1.000000000000000000e+00
5.521391391754150391e+00 1.316702461242675959e+01 -2.492203712463378906e-01 2.000000000000000000e+00
8.627378344535827637e-01 2.049367666244506836e+00 -5.958014130592346191e-01 1.900000000000000000e+01
9.867818951606750488e-01 2.341738939285277876e+00 -5.866723656654357910e-01 1.000000000000000000e+01
1.136402964591979980e+00 2.695490598678588867e+00 -5.686107873916625977e-01 9.000000000000000000e+00
1.360183119773864968e+00 3.223142623901367188e+00 -5.540908575057983398e-01 8.000000000000000000e+00
1.683161973953247070e+00 3.984602212905883789e+00 -5.311065912246704102e-01 1.000000000000000000e+01
2.179455041885375977e+00 5.156981468200683594e+00 -4.898152649402617853e-01 9.000000000000000000e+00
3.142925977706909180e+00 7.429492950439453125e+00 -4.227698445320128839e-01 2.000000000000000000e+00
5.559522151947020596e+00 1.312925624847411932e+01 -2.488713115453720093e-01 2.000000000000000000e+00
8.736650347709655762e-01 2.055233240127563032e+00 -5.983896255493164062e-01 1.900000000000000000e+01
9.949501156806945801e-01 2.338280200958251953e+00 -5.866723656654357910e-01 1.100000000000000000e+01
1.148112058639525923e+00 2.696926593780518022e+00 -5.697556734085083008e-01 1.000000000000000000e+01
1.367553830146789995e+00 3.209288835525513139e+00 -5.525265336036682129e-01 9.000000000000000000e+00
1.693945169448852983e+00 3.971399068832397017e+00 -5.301316380500793457e-01 9.000000000000000000e+00
2.192750930786132812e+00 5.138347148895263672e+00 -4.887694120407103937e-01 9.000000000000000000e+00
3.171978712081909180e+00 7.425823688507080078e+00 -4.231885373592377264e-01 2.000000000000000000e+00
5.577015876770020419e+00 1.304357814788818004e+01 -2.476147413253783902e-01 2.000000000000000000e+00
8.823577165603637695e-01 2.055721521377563032e+00 -5.994248986244201660e-01 1.600000000000000000e+01
1.001567602157592995e+00 2.331211805343627930e+00 -5.857725739479064941e-01 1.000000000000000000e+01
1.159069657325745073e+00 2.696509838104248047e+00 -5.705189108848571777e-01 1.000000000000000000e+01
1.380309462547302024e+00 3.208124637603760210e+00 -5.531522631645202637e-01 9.000000000000000000e+00
1.704656839370727983e+00 3.958168983459473100e+00 -5.291566848754882812e-01 9.000000000000000000e+00
2.210673570632935014e+00 5.130661964416503906e+00 -4.887694120407103937e-01 9.000000000000000000e+00
3.189970731735229048e+00 7.396366596221923828e+00 -4.221418201923369806e-01 2.000000000000000000e+00
5.643119335174561435e+00 1.307176494598389027e+01 -2.485222667455672940e-01 2.000000000000000000e+00
8.945448398590087891e-01 2.065192937850952148e+00 -6.030483841896057129e-01 1.800000000000000000e+01
1.007742404937743919e+00 2.324301958084106001e+00 -5.848727226257324219e-01 1.100000000000000000e+01
1.166442632675170898e+00 2.689049243927001953e+00 -5.697556734085083008e-01 1.000000000000000000e+01
1.392513871192931907e+00 3.207153797149658203e+00 -5.537779927253723145e-01 9.000000000000000000e+00
1.713817119598388894e+00 3.943391561508179155e+00 -5.279380083084106445e-01 1.000000000000000000e+01
2.237209081649779829e+00 5.145228385925292969e+00 -4.908611476421356201e-01 9.000000000000000000e+00
3.214480400085449219e+00 7.385747432708740234e+00 -4.221418201923369806e-01 2.000000000000000000e+00
5.247174739837645596e+00 1.204467391967773082e+01 -2.293246239423752109e-01 2.000000000000000000e+00
8.971040844917297363e-01 2.051437854766846147e+00 -5.999425649642944336e-01 1.700000000000000000e+01
1.022100925445557085e+00 2.335051774978638139e+00 -5.884719491004943848e-01 1.000000000000000000e+01
1.177397251129149947e+00 2.688557863235474077e+00 -5.705189108848571777e-01 1.000000000000000000e+01
1.407665729522705078e+00 3.211319446563721147e+00 -5.553423762321472168e-01 8.000000000000000000e+00
1.725178956985474077e+00 3.931931734085083008e+00 -5.272067785263061523e-01 9.000000000000000000e+00
2.246346235275268999e+00 5.117319583892822266e+00 -4.889437258243560791e-01 9.000000000000000000e+00
3.232207536697388139e+00 7.356196403503417969e+00 -4.210951030254364014e-01 2.000000000000000000e+00
5.691712379455566406e+00 1.294152641296387074e+01 -2.467770278453826904e-01 2.000000000000000000e+00
9.011386036872863770e-01 2.041224718093872070e+00 -5.978720188140869141e-01 1.700000000000000000e+01
1.027094960212707964e+00 2.324339866638184038e+00 -5.866723656654357910e-01 1.100000000000000000e+01
1.182011842727660911e+00 2.673658132553101030e+00 -5.682291984558105469e-01 1.100000000000000000e+01
1.415669202804564986e+00 3.199160575866699219e+00 -5.540908575057983398e-01 8.000000000000000000e+00
1.746932625770569070e+00 3.944036006927489790e+00 -5.296441912651062012e-01 9.000000000000000000e+00
2.260966539382935014e+00 5.102161407470703125e+00 -4.882464706897736151e-01 8.000000000000000000e+00
3.267583608627318892e+00 7.366777896881104404e+00 -4.223511815071105957e-01 2.000000000000000000e+00
5.759572029113770419e+00 1.297275447845458984e+01 -2.477543652057647983e-01 2.000000000000000000e+00
9.129765629768371582e-01 2.048654079437255859e+00 -6.009778380393981934e-01 1.700000000000000000e+01
1.036789894104003906e+00 2.324299812316894975e+00 -5.875721573829650879e-01 1.000000000000000000e+01
1.195337891578674094e+00 2.678479909896851030e+00 -5.701372623443603516e-01 9.000000000000000000e+00
1.424410820007323997e+00 3.188788652420043945e+00 -5.531522631645202637e-01 9.000000000000000000e+00
1.763930320739746094e+00 3.945162773132324219e+00 -5.306191444396972656e-01 9.000000000000000000e+00
2.284457683563231978e+00 5.106968879699707031e+00 -4.894666373729705811e-01 9.000000000000000000e+00
3.286749124526977983e+00 7.340744018554688388e+00 -4.215137958526610773e-01 2.000000000000000000e+00
5.795006752014160156e+00 1.293067264556884943e+01 -2.473355084657669067e-01 2.000000000000000000e+00
9.217072129249572754e-01 2.048978328704833984e+00 -6.020131111145019531e-01 1.600000000000000000e+01
1.040096402168273926e+00 2.310004949569702148e+00 -5.848727226257324219e-01 1.000000000000000000e+01
1.206292986869812012e+00 2.677871227264403853e+00 -5.709004998207092285e-01 9.000000000000000000e+00
1.435533046722412109e+00 3.183797121047974077e+00 -5.531522631645202637e-01 9.000000000000000000e+00
1.774424433708190918e+00 3.931744098663330078e+00 -5.296441912651062012e-01 9.000000000000000000e+00
2.308829545974731001e+00 5.113490581512451172e+00 -4.908611476421356201e-01 9.000000000000000000e+00
3.309062957763671875e+00 7.321946144104003906e+00 -4.210951030254364014e-01 2.000000000000000000e+00
5.836811065673828125e+00 1.290307807922362926e+01 -2.471958845853806097e-01 2.000000000000000000e+00
9.256591796875000000e-01 2.038712263107299805e+00 -5.999425649642944336e-01 1.600000000000000000e+01
1.046540975570678933e+00 2.302812099456787109e+00 -5.839729309082031250e-01 1.100000000000000000e+01
1.214820623397826926e+00 2.671856880187987837e+00 -5.705189108848571777e-01 1.000000000000000000e+01
1.449910759925842063e+00 3.185958385467528853e+00 -5.544037222862243652e-01 9.000000000000000000e+00
1.779909133911133035e+00 3.907461166381835938e+00 -5.272067785263061523e-01 9.000000000000000000e+00
2.316750049591064009e+00 5.083643913269042969e+00 -4.887694120407103937e-01 9.000000000000000000e+00
3.334601163864136186e+00 7.310350894927979404e+00 -4.210951030254364014e-01 2.000000000000000000e+00
5.888460159301757812e+00 1.289717769622802912e+01 -2.474751174449920932e-01 2.000000000000000000e+00
9.316101670265197754e-01 2.033875226974486861e+00 -5.994248986244201660e-01 1.500000000000000000e+01
1.055795907974242942e+00 2.302871942520142046e+00 -5.848727226257324219e-01 1.100000000000000000e+01
1.215489029884337935e+00 2.649968862533568892e+00 -5.667027235031127930e-01 1.000000000000000000e+01
1.458819389343261941e+00 3.177542448043822798e+00 -5.537779927253723145e-01 9.000000000000000000e+00
1.799487948417664018e+00 3.915967464447021040e+00 -5.291566848754882812e-01 9.000000000000000000e+00
2.330266475677489790e+00 5.068692684173583984e+00 -4.880721569061278742e-01 9.000000000000000000e+00
3.373852968215941939e+00 7.331911563873291016e+00 -4.229792058467864990e-01 2.000000000000000000e+00
5.924503803253173828e+00 1.286304950714110973e+01 -2.471958845853806097e-01 2.000000000000000000e+00
9.362722039222717285e-01 2.025350093841553178e+00 -5.978720188140869141e-01 1.600000000000000000e+01
1.067101359367371050e+00 2.306246757507324219e+00 -5.866723656654357910e-01 1.100000000000000000e+01
1.230504870414734109e+00 2.658181190490723100e+00 -5.693740248680114746e-01 9.000000000000000000e+00
1.468241333961487038e+00 3.168846130371094194e+00 -5.531522631645202637e-01 9.000000000000000000e+00
1.813146233558655007e+00 3.909662246704102007e+00 -5.291566848754882812e-01 9.000000000000000000e+00
2.348783731460570845e+00 5.062335014343261719e+00 -4.882464706897736151e-01 9.000000000000000000e+00
3.392695903778076172e+00 7.305598258972167969e+00 -4.221418201923369806e-01 2.000000000000000000e+00
5.939023971557617188e+00 1.277700996398925959e+01 -2.459393143653869906e-01 2.000000000000000000e+00
9.482367038726806641e-01 2.032573938369750977e+00 -6.009778380393981934e-01 1.700000000000000000e+01
1.078443169593811035e+00 2.309570789337158203e+00 -5.884719491004943848e-01 1.100000000000000000e+01
1.243099927902221902e+00 2.660984516143798828e+00 -5.709004998207092285e-01 9.000000000000000000e+00
1.477620363235474077e+00 3.160122871398925781e+00 -5.525265336036682129e-01 9.000000000000000000e+00
1.828465342521667036e+00 3.906905174255371094e+00 -5.296441912651062012e-01 9.000000000000000000e+00
2.362215995788574219e+00 5.045083045959472656e+00 -4.873749017715454102e-01 9.000000000000000000e+00
3.409700870513916016e+00 7.275626182556152344e+00 -4.210951030254364014e-01 2.000000000000000000e+00
6.003969192504882812e+00 1.279965114593506037e+01 -2.467770278453826904e-01 2.000000000000000000e+00
9.528573751449584961e-01 2.024008035659790039e+00 -5.994248986244201660e-01 1.900000000000000000e+01
1.081514477729796919e+00 2.295215129852294922e+00 -5.857725739479064941e-01 1.100000000000000000e+01
1.253218054771422896e+00 2.658405065536499023e+00 -5.712821483612060547e-01 1.000000000000000000e+01
1.488642215728759988e+00 3.154945850372314009e+00 -5.525265336036682129e-01 9.000000000000000000e+00
1.837853193283081055e+00 3.891523838043212891e+00 -5.284254550933837891e-01 9.000000000000000000e+00
2.395133018493651900e+00 5.069232463836669922e+00 -4.905125200748444159e-01 9.000000000000000000e+00
3.435076713562012163e+00 7.263679504394531250e+00 -4.210951030254364014e-01 2.000000000000000000e+00
6.022945404052734375e+00 1.272439193725585938e+01 -2.457298785448074063e-01 2.000000000000000000e+00
9.610986113548278809e-01 2.022246837615966797e+00 -5.999425649642944336e-01 1.600000000000000000e+01
1.089919686317444070e+00 2.291235923767089844e+00 -5.857725739479064941e-01 1.200000000000000000e+01
1.257047653198241965e+00 2.641384601593018022e+00 -5.686107873916625977e-01 9.000000000000000000e+00
1.500195622444153054e+00 3.149468421936035156e+00 -5.525265336036682129e-01 9.000000000000000000e+00
1.849541187286376953e+00 3.879385948181151900e+00 -5.276942849159240723e-01 9.000000000000000000e+00
2.413696527481079102e+00 5.060420036315917969e+00 -4.905125200748444159e-01 9.000000000000000000e+00
3.465118408203125000e+00 7.258250236511229581e+00 -4.215137958526610773e-01 2.000000000000000000e+00
6.078163623809813565e+00 1.272027397155762074e+01 -2.460789233446120938e-01 2.000000000000000000e+00
9.698224067687988281e-01 2.022363424301147017e+00 -6.009778380393981934e-01 1.600000000000000000e+01
1.097910881042480025e+00 2.287417411804199219e+00 -5.857725739479064941e-01 1.100000000000000000e+01
1.267109870910644975e+00 2.638750553131103960e+00 -5.689924359321594238e-01 1.000000000000000000e+01
1.516314506530761941e+00 3.154895067214965820e+00 -5.544037222862243652e-01 9.000000000000000000e+00
1.863071441650391069e+00 3.872906208038330078e+00 -5.276942849159240723e-01 9.000000000000000000e+00
2.422705888748168945e+00 5.034010887145996094e+00 -4.887694120407103937e-01 9.000000000000000000e+00
3.486966133117675781e+00 7.238913059234619141e+00 -4.210951030254364014e-01 2.000000000000000000e+00
6.103423118591308594e+00 1.265935134887694957e+01 -2.453110218048095981e-01 2.000000000000000000e+00
9.697946310043334961e-01 2.005223274230957031e+00 -5.968367457389831543e-01 1.700000000000000000e+01
1.110584616661071999e+00 2.294288158416748047e+00 -5.884719491004943848e-01 1.100000000000000000e+01
1.277564764022826926e+00 2.638067960739136186e+00 -5.697556734085083008e-01 1.000000000000000000e+01
1.524183273315429910e+00 3.144516706466674805e+00 -5.534651279449462891e-01 1.000000000000000000e+01
1.882835984230041948e+00 3.880995035171508789e+00 -5.296441912651062012e-01 9.000000000000000000e+00
2.444605588912963867e+00 5.036703586578369141e+00 -4.898152649402617853e-01 9.000000000000000000e+00
3.510952234268188032e+00 7.227310180664063388e+00 -4.210951030254364014e-01 2.000000000000000000e+00
6.152364730834960938e+00 1.265342903137207031e+01 -2.455902695655823031e-01 2.000000000000000000e+00
9.784825444221496582e-01 2.005298137664794922e+00 -5.978720188140869141e-01 1.700000000000000000e+01
1.113455295562743919e+00 2.279891252517700195e+00 -5.857725739479064941e-01 1.100000000000000000e+01
1.287627458572387917e+00 2.635356426239014116e+00 -5.701372623443603516e-01 9.000000000000000000e+00
1.529943585395812988e+00 3.128529787063599077e+00 -5.515879392623901367e-01 9.000000000000000000e+00
1.898989796638488992e+00 3.879747867584228960e+00 -5.303753614425659180e-01 1.000000000000000000e+01
2.460419654846190962e+00 5.024560928344726562e+00 -4.894666373729705811e-01 9.000000000000000000e+00
3.539674758911132812e+00 7.222184181213378906e+00 -4.215137958526610773e-01 1.000000000000000000e+00
6.182404994964599609e+00 1.260315132141112926e+01 -2.450317889451980868e-01 2.000000000000000000e+00
9.897425174713134766e-01 2.010536670684814009e+00 -6.004601716995239258e-01 1.600000000000000000e+01
1.121406793594359907e+00 2.275990486145019975e+00 -5.857725739479064941e-01 1.100000000000000000e+01
1.301158785820007102e+00 2.639650344848632812e+00 -5.720453858375549316e-01 1.000000000000000000e+01
1.545224905014038086e+00 3.132027864456177202e+00 -5.531522631645202637e-01 9.000000000000000000e+00
1.905489802360534890e+00 3.858856201171875000e+00 -5.284254550933837891e-01 1.000000000000000000e+01
2.472648859024047852e+00 5.005224227905273438e+00 -4.884207844734191895e-01 9.000000000000000000e+00
3.561322212219237837e+00 7.202622890472412109e+00 -4.210951030254364014e-01 1.000000000000000000e+00
6.226360797882080078e+00 1.258149433135985973e+01 -2.450317889451980868e-01 2.000000000000000000e+00
1.001050949096679910e+00 2.015720605850220171e+00 -6.030483841896057129e-01 1.600000000000000000e+01
1.127609968185425027e+00 2.268572092056273970e+00 -5.848727226257324219e-01 1.200000000000000000e+01
1.307742476463318093e+00 2.629818677902222124e+00 -5.709004998207092285e-01 9.000000000000000000e+00
1.556148290634155051e+00 3.126615047454833984e+00 -5.531522631645202637e-01 9.000000000000000000e+00
1.916292786598206010e+00 3.846850872039794922e+00 -5.276942849159240723e-01 1.000000000000000000e+01
2.499881029129027876e+00 5.016177654266357422e+00 -4.903382062911986750e-01 9.000000000000000000e+00
3.584659576416016069e+00 7.186573505401611328e+00 -4.208857715129851740e-01 1.000000000000000000e+00
6.261308193206787109e+00 1.254179191589354936e+01 -2.446827441453933993e-01 2.000000000000000000e+00
1.005999803543091042e+00 2.008935213088988814e+00 -6.020131111145019531e-01 1.600000000000000000e+01
1.140365600585937944e+00 2.275273323059082031e+00 -5.875721573829650879e-01 1.100000000000000000e+01
1.313816189765929954e+00 2.620202541351317915e+00 -5.697556734085083008e-01 1.000000000000000000e+01
1.570052027702331987e+00 3.128499507904053178e+00 -5.544037222862243652e-01 9.000000000000000000e+00
1.927256822586060014e+00 3.836927175521851030e+00 -5.272067785263061523e-01 9.000000000000000000e+00
2.520079851150513139e+00 5.014981269836425781e+00 -4.910354614257813055e-01 9.000000000000000000e+00
3.613855838775635210e+00 7.185352325439453125e+00 -4.215137958526610773e-01 2.000000000000000000e+00
6.288477897644042969e+00 1.249238109588623047e+01 -2.441242635250092108e-01 2.000000000000000000e+00
1.006037950515747070e+00 1.991616606712341087e+00 -5.978720188140869141e-01 1.600000000000000000e+01
1.153576374053955078e+00 2.281713724136352983e+00 -5.902715921401977539e-01 1.100000000000000000e+01
1.322954297065735085e+00 2.615600585937500000e+00 -5.697556734085083008e-01 1.000000000000000000e+01
1.580963015556335005e+00 3.122999906539916992e+00 -5.544037222862243652e-01 9.000000000000000000e+00
1.950507640838623047e+00 3.849654912948607954e+00 -5.298879146575927734e-01 1.000000000000000000e+01
2.526760339736938032e+00 4.984828472137451172e+00 -4.889437258243560791e-01 9.000000000000000000e+00
3.635300874710083008e+00 7.165569305419921875e+00 -4.210951030254364014e-01 2.000000000000000000e+00
6.328424930572509766e+00 1.246322250366210938e+01 -2.439846396446228027e-01 2.000000000000000000e+00
1.014737963676453081e+00 1.991535305976867898e+00 -5.989072918891906738e-01 1.700000000000000000e+01
1.154451489448546919e+00 2.263784646987915039e+00 -5.866723656654357910e-01 1.100000000000000000e+01
1.332076430320739968e+00 2.610966682434082031e+00 -5.697556734085083008e-01 1.000000000000000000e+01
1.584668040275573953e+00 3.103388071060181108e+00 -5.519008040428161621e-01 9.000000000000000000e+00
1.966643691062927024e+00 3.848125696182250977e+00 -5.306191444396972656e-01 9.000000000000000000e+00
2.545959234237670898e+00 4.979526042938232422e+00 -4.892923533916472834e-01 8.000000000000000000e+00
3.660291194915771040e+00 7.152835845947265625e+00 -4.210951030254364014e-01 2.000000000000000000e+00
6.371891021728515625e+00 1.244105625152588068e+01 -2.439846396446228027e-01 2.000000000000000000e+00
1.026981830596924050e+00 1.998290419578552024e+00 -6.020131111145019531e-01 1.900000000000000000e+01
1.164129257202147993e+00 2.263206958770751953e+00 -5.875721573829650879e-01 1.000000000000000000e+01
1.344775557518004927e+00 2.613283634185791016e+00 -5.712821483612060547e-01 1.000000000000000000e+01
1.596395611763000044e+00 3.099593639373778853e+00 -5.522136688232421875e-01 8.000000000000000000e+00
1.974606871604918990e+00 3.830650806427001953e+00 -5.291566848754882812e-01 9.000000000000000000e+00
2.561499118804932085e+00 4.967067241668701172e+00 -4.889437258243560791e-01 9.000000000000000000e+00
3.672412395477294922e+00 7.115168571472167969e+00 -4.196296930313109796e-01 2.000000000000000000e+00
6.424457550048828125e+00 1.243650436401367010e+01 -2.443336844444274902e-01 2.000000000000000000e+00
1.035728931427001953e+00 1.998123645782470925e+00 -6.030483841896057129e-01 1.900000000000000000e+01
1.172022223472594993e+00 2.259129762649536133e+00 -5.875721573829650879e-01 1.100000000000000000e+01
1.352985024452209029e+00 2.606831073760985884e+00 -5.709004998207092285e-01 9.000000000000000000e+00
1.609937310218811035e+00 3.099261283874512163e+00 -5.531522631645202637e-01 9.000000000000000000e+00
1.982472181320189986e+00 3.813167095184326172e+00 -5.276942849159240723e-01 9.000000000000000000e+00
2.585257530212401900e+00 4.970468521118164062e+00 -4.901638925075531006e-01 9.000000000000000000e+00
3.689848661422729048e+00 7.088133335113525391e+00 -4.187923073768615723e-01 2.000000000000000000e+00
6.440110206604003906e+00 1.236080074310302912e+01 -2.432865500450134000e-01 2.000000000000000000e+00
1.040012359619141069e+00 1.989360094070435014e+00 -6.014954447746276855e-01 2.100000000000000000e+01
1.179900884628295898e+00 2.255024671554564986e+00 -5.875721573829650879e-01 1.100000000000000000e+01
1.357523918151855025e+00 2.593395471572875977e+00 -5.689924359321594238e-01 1.000000000000000000e+01
1.622579336166382058e+00 3.097122192382812944e+00 -5.537779927253723145e-01 9.000000000000000000e+00
1.997614264488219993e+00 3.809739828109741211e+00 -5.281817317008972168e-01 1.000000000000000000e+01
2.598889827728271040e+00 4.954356670379638672e+00 -4.894666373729705811e-01 9.000000000000000000e+00
3.725709199905395952e+00 7.096430301666259766e+00 -4.200483858585358221e-01 2.000000000000000000e+00
6.483218669891357422e+00 1.233824539184569957e+01 -2.432865500450134000e-01 2.000000000000000000e+00
1.043346166610717995e+00 1.978882193565369096e+00 -5.994248986244201660e-01 1.900000000000000000e+01
1.185946345329284890e+00 2.247445344924927202e+00 -5.866723656654357910e-01 1.100000000000000000e+01
1.363818645477294922e+00 2.583432674407958984e+00 -5.678475499153137207e-01 1.000000000000000000e+01
1.636148929595947044e+00 3.096679210662841797e+00 -5.547165870666503906e-01 8.000000000000000000e+00
2.013684511184691939e+00 3.808008193969727007e+00 -5.289129614830017090e-01 1.000000000000000000e+01
2.605919361114501953e+00 4.925882339477539062e+00 -4.875492155551909845e-01 9.000000000000000000e+00
3.757934331893920898e+00 7.097503185272216797e+00 -4.208857715129851740e-01 1.000000000000000000e+00
6.537483692169188565e+00 1.233674240112305043e+01 -2.437054067850112915e-01 2.000000000000000000e+00
1.051154375076293945e+00 1.976933836936950906e+00 -5.999425649642944336e-01 2.000000000000000000e+01
1.195615053176880105e+00 2.246732711791992188e+00 -5.875721573829650879e-01 1.100000000000000000e+01
1.378363847732543945e+00 2.589054107666016069e+00 -5.701372623443603516e-01 9.000000000000000000e+00
1.639517068862915039e+00 3.077002286911011186e+00 -5.522136688232421875e-01 8.000000000000000000e+00
2.036305427551269975e+00 3.818471908569335938e+00 -5.313503146171569824e-01 1.000000000000000000e+01
2.634351968765258789e+00 4.937850475311279297e+00 -4.896409511566162109e-01 9.000000000000000000e+00
3.777041912078856978e+00 7.073770999908447266e+00 -4.202577173709868830e-01 2.000000000000000000e+00
6.569197177886962891e+00 1.229268360137938920e+01 -2.432865500450134000e-01 2.000000000000000000e+00
1.059874534606934038e+00 1.976657629013061968e+00 -6.009778380393981934e-01 1.800000000000000000e+01
1.201607465744018999e+00 2.239111185073852983e+00 -5.866723656654357910e-01 1.100000000000000000e+01
1.386464238166809082e+00 2.582497119903564009e+00 -5.697556734085083008e-01 9.000000000000000000e+00
1.651182889938354048e+00 3.073000669479370117e+00 -5.525265336036682129e-01 9.000000000000000000e+00
2.046801328659058061e+00 3.806095600128173828e+00 -5.306191444396972656e-01 9.000000000000000000e+00
2.648740291595458984e+00 4.923360824584960938e+00 -4.891180396080017090e-01 9.000000000000000000e+00
3.805498600006103960e+00 7.067577838897705078e+00 -4.206764101982117254e-01 2.000000000000000000e+00
6.612066268920898438e+00 1.226967811584473012e+01 -2.432865500450134000e-01 2.000000000000000000e+00
1.070443272590636985e+00 1.979743361473083052e+00 -6.030483841896057129e-01 1.900000000000000000e+01
1.205706238746643066e+00 2.228047609329224077e+00 -5.848727226257324219e-01 1.100000000000000000e+01
1.396405100822448953e+00 2.579368114471435991e+00 -5.701372623443603516e-01 9.000000000000000000e+00
1.666604876518249956e+00 3.075902462005614790e+00 -5.540908575057983398e-01 8.000000000000000000e+00
2.056289434432982954e+00 3.791947603225708008e+00 -5.296441912651062012e-01 9.000000000000000000e+00
2.678260803222655806e+00 4.936851501464843750e+00 -4.913840889930725098e-01 8.000000000000000000e+00
3.828239917755126953e+00 7.050740718841552734e+00 -4.204670786857604980e-01 1.000000000000000000e+00
6.635759353637695312e+00 1.221138191223145064e+01 -2.425884455442428866e-01 2.000000000000000000e+00
1.068682193756103960e+00 1.960916161537169966e+00 -5.983896255493164062e-01 1.900000000000000000e+01
1.220553159713744895e+00 2.237723588943481001e+00 -5.884719491004943848e-01 1.100000000000000000e+01
1.402129650115967019e+00 2.569553136825561968e+00 -5.689924359321594238e-01 1.000000000000000000e+01
1.681529760360717995e+00 3.079027175903319868e+00 -5.556552410125732422e-01 9.000000000000000000e+00
2.063140392303466797e+00 3.774656534194945845e+00 -5.281817317008972168e-01 9.000000000000000000e+00
2.698440790176392046e+00 4.934935569763183594e+00 -4.920813143253325861e-01 9.000000000000000000e+00
3.845846891403197798e+00 7.027494430541992188e+00 -4.198390543460845947e-01 2.000000000000000000e+00
6.683902263641357422e+00 1.220334053039550959e+01 -2.428676933050155917e-01 2.000000000000000000e+00
1.075520634651184082e+00 1.957173824310302956e+00 -5.983896255493164062e-01 1.900000000000000000e+01
1.228356838226317915e+00 2.233449459075928178e+00 -5.884719491004943848e-01 1.100000000000000000e+01
1.411090612411499023e+00 2.564643144607543945e+00 -5.689924359321594238e-01 1.000000000000000000e+01
1.686550259590148926e+00 3.062756538391112837e+00 -5.537779927253723145e-01 9.000000000000000000e+00
2.087801456451416016e+00 3.788294315338135210e+00 -5.311065912246704102e-01 1.000000000000000000e+01
2.703144788742064986e+00 4.902804374694824219e+00 -4.898152649402617853e-01 9.000000000000000000e+00
3.872283935546875000e+00 7.017524719238281250e+00 -4.200483858585358221e-01 2.000000000000000000e+00
6.722592353820800781e+00 1.217293262481688920e+01 -2.427280694246292114e-01 2.000000000000000000e+00
1.084812879562377930e+00 1.958666324615478960e+00 -5.999425649642944336e-01 1.900000000000000000e+01
1.231977462768554910e+00 2.222546100616455078e+00 -5.866723656654357910e-01 1.200000000000000000e+01
1.424347996711730957e+00 2.568534374237060991e+00 -5.709004998207092285e-01 1.100000000000000000e+01
1.692863106727600098e+00 3.050238132476807085e+00 -5.525265336036682129e-01 9.000000000000000000e+00
2.102280378341674805e+00 3.784820795059204102e+00 -5.315940976142883301e-01 9.000000000000000000e+00
2.713581800460814986e+00 4.883363723754882812e+00 -4.887694120407103937e-01 9.000000000000000000e+00
3.907182216644287109e+00 7.025590896606445312e+00 -4.213044345378875732e-01 2.000000000000000000e+00
6.755142211914063388e+00 1.213659477233887074e+01 -2.424488365650177002e-01 2.000000000000000000e+00
1.095410823822021040e+00 1.961614489555359109e+00 -6.020131111145019531e-01 1.900000000000000000e+01
1.239728093147278054e+00 2.218232154846190962e+00 -5.866723656654357910e-01 1.200000000000000000e+01
1.437137603759766069e+00 2.570401430130004883e+00 -5.724269747734069824e-01 1.100000000000000000e+01
1.711216926574707031e+00 3.058101177215576172e+00 -5.550295114517211914e-01 9.000000000000000000e+00
2.107719421386719194e+00 3.763603687286376953e+00 -5.296441912651062012e-01 9.000000000000000000e+00
2.730611324310303178e+00 4.873861789703369141e+00 -4.887694120407103937e-01 9.000000000000000000e+00
3.918006896972655806e+00 6.987520217895507812e+00 -4.198390543460845947e-01 2.000000000000000000e+00
6.791594028472900391e+00 1.210247802734375000e+01 -2.422394007444381991e-01 2.000000000000000000e+00
1.104146957397460938e+00 1.961145639419556108e+00 -6.030483841896057129e-01 2.000000000000000000e+01
1.247463583946228027e+00 2.213891267776488814e+00 -5.866723656654357910e-01 1.100000000000000000e+01
1.439352750778198020e+00 2.553397417068481001e+00 -5.697556734085083008e-01 1.000000000000000000e+01
1.717998862266540971e+00 3.045227527618408203e+00 -5.537779927253723145e-01 9.000000000000000000e+00
2.116940021514893022e+00 3.749309062957764116e+00 -5.286692380905151367e-01 9.000000000000000000e+00
2.754467010498046875e+00 4.876443862915039062e+00 -4.899895787239075262e-01 8.000000000000000000e+00
3.930579423904418945e+00 6.952937126159667969e+00 -4.185829758644104004e-01 2.000000000000000000e+00
6.833797931671142578e+00 1.207869720458984020e+01 -2.422394007444381991e-01 2.000000000000000000e+00
1.108125090599060059e+00 1.952239274978637917e+00 -6.014954447746276855e-01 1.900000000000000000e+01
1.257109045982361062e+00 2.212912082672119141e+00 -5.875721573829650879e-01 1.100000000000000000e+01
1.446316838264465110e+00 2.544943809509276900e+00 -5.689924359321594238e-01 1.100000000000000000e+01
1.729594826698303001e+00 3.040929079055786133e+00 -5.540908575057983398e-01 9.000000000000000000e+00
2.130014657974243164e+00 3.741896629333496094e+00 -5.286692380905151367e-01 1.000000000000000000e+01
2.767528295516968218e+00 4.859874248504638672e+00 -4.892923533916472834e-01 9.000000000000000000e+00
3.960759401321411133e+00 6.949585914611816406e+00 -4.192110002040863037e-01 2.000000000000000000e+00
6.856103420257568359e+00 1.202002906799316051e+01 -2.415413111448287964e-01 2.000000000000000000e+00
1.111433744430541992e+00 1.941458463668823020e+00 -5.994248986244201660e-01 1.900000000000000000e+01
1.269086360931396040e+00 2.215053081512451172e+00 -5.893717408180236816e-01 1.100000000000000000e+01
1.461492538452147993e+00 2.549845457077025923e+00 -5.712821483612060547e-01 1.100000000000000000e+01
1.741711616516113059e+00 3.036282777786254883e+00 -5.544037222862243652e-01 9.000000000000000000e+00
2.145691633224486861e+00 3.737507820129394975e+00 -5.291566848754882812e-01 9.000000000000000000e+00
2.786314249038695845e+00 4.851425647735595703e+00 -4.894666373729705811e-01 8.000000000000000000e+00
3.980232477188109907e+00 6.924633026123046875e+00 -4.185829758644104004e-01 2.000000000000000000e+00
6.886153221130371094e+00 1.197055244445800959e+01 -2.410526424646378119e-01 2.000000000000000000e+00
1.120135188102721946e+00 1.940913319587707964e+00 -6.004601716995239258e-01 2.100000000000000000e+01
1.272912025451659934e+00 2.203859806060791016e+00 -5.875721573829650879e-01 1.200000000000000000e+01
1.470384240150452104e+00 2.544728517532349077e+00 -5.712821483612060547e-01 1.100000000000000000e+01
1.744388580322266069e+00 3.016504287719727007e+00 -5.519008040428161621e-01 9.000000000000000000e+00
2.165685415267943892e+00 3.742021799087523970e+00 -5.308628678321838379e-01 1.000000000000000000e+01
2.801235437393188032e+00 4.838221549987792969e+00 -4.891180396080017090e-01 9.000000000000000000e+00
4.016396045684813565e+00 6.931434631347656250e+00 -4.198390543460845947e-01 2.000000000000000000e+00
6.921877384185791016e+00 1.193606376647949041e+01 -2.408432066440581998e-01 2.000000000000000000e+00
1.127874970436095969e+00 1.938661336898803933e+00 -6.009778380393981934e-01 1.800000000000000000e+01
1.274713873863219993e+00 2.189298629760742188e+00 -5.848727226257324219e-01 1.100000000000000000e+01
1.478269934654236062e+00 2.537883996963500977e+00 -5.709004998207092285e-01 1.100000000000000000e+01
1.756897211074829102e+00 3.013809919357299805e+00 -5.525265336036682129e-01 9.000000000000000000e+00
2.175733327865601030e+00 3.729295492172241211e+00 -5.301316380500793457e-01 9.000000000000000000e+00
2.820115566253662109e+00 4.831855297088623047e+00 -4.894666373729705811e-01 8.000000000000000000e+00
4.032507896423339844e+00 6.903575420379638672e+00 -4.190016686916350763e-01 2.000000000000000000e+00
6.971573352813720703e+00 1.192563915252686080e+01 -2.411224544048309049e-01 2.000000000000000000e+00
1.134635210037231001e+00 1.934712529182434082e+00 -6.009778380393981934e-01 1.700000000000000000e+01
1.282348155975342019e+00 2.184835672378540039e+00 -5.848727226257324219e-01 1.200000000000000000e+01
1.486125707626342995e+00 2.531015396118164062e+00 -5.705189108848571777e-01 1.000000000000000000e+01
1.773411393165587935e+00 3.017877340316772017e+00 -5.544037222862243652e-01 9.000000000000000000e+00
2.182699680328369141e+00 3.711411476135253906e+00 -5.286692380905151367e-01 9.000000000000000000e+00
2.835954427719116211e+00 4.820264816284179688e+00 -4.892923533916472834e-01 9.000000000000000000e+00
4.040367126464843750e+00 6.861920356750488281e+00 -4.173269271850585938e-01 2.000000000000000000e+00
6.992855072021484375e+00 1.186677551269531072e+01 -2.404243499040603915e-01 2.000000000000000000e+00
1.138742685317992942e+00 1.927811741828918013e+00 -5.999425649642944336e-01 1.500000000000000000e+01
1.291189074516295943e+00 2.184151411056518999e+00 -5.857725739479064941e-01 1.100000000000000000e+01
1.489072918891906960e+00 2.517884731292725053e+00 -5.686107873916625977e-01 1.100000000000000000e+01
1.790932774543761985e+00 3.025890827178955078e+00 -5.569067001342773438e-01 9.000000000000000000e+00
2.197383642196654829e+00 3.709659814834595171e+00 -5.294004082679748535e-01 1.000000000000000000e+01
2.854130744934082031e+00 4.816473484039306641e+00 -4.898152649402617853e-01 9.000000000000000000e+00
4.065979480743408203e+00 6.856064796447753906e+00 -4.177455902099608820e-01 2.000000000000000000e+00
7.032142162322998047e+00 1.184818744659424006e+01 -2.404941618442535123e-01 2.000000000000000000e+00
1.136570096015929954e+00 1.908885955810547097e+00 -5.952838063240051270e-01 1.000000000000000000e+01
1.307783246040344016e+00 2.194697618484497070e+00 -5.898216366767883301e-01 1.300000000000000000e+01
1.502879261970520020e+00 2.521103382110596147e+00 -5.705189108848571777e-01 1.100000000000000000e+01
1.795411705970763938e+00 3.009442329406737837e+00 -5.550295114517211914e-01 9.000000000000000000e+00
2.211337089538574219e+00 3.703671216964722124e+00 -5.296441912651062012e-01 9.000000000000000000e+00
2.862752437591553178e+00 4.792797565460205078e+00 -4.884207844734191895e-01 9.000000000000000000e+00
4.091936588287354404e+00 6.845258712768554688e+00 -4.179549515247344971e-01 2.000000000000000000e+00
7.073457241058349609e+00 1.182356834411620916e+01 -2.404941618442535123e-01 2.000000000000000000e+00
1.143226504325866921e+00 1.904906988143920898e+00 -5.952838063240051270e-01 1.000000000000000000e+01
1.310419201850890891e+00 2.181766271591186968e+00 -5.875721573829650879e-01 1.100000000000000000e+01
1.508636951446532981e+00 2.510793447494506836e+00 -5.693740248680114746e-01 1.100000000000000000e+01
1.796743869781493919e+00 2.987920999526977983e+00 -5.522136688232421875e-01 8.000000000000000000e+00
2.228346347808837891e+00 3.702733039855957031e+00 -5.306191444396972656e-01 9.000000000000000000e+00
2.897962808609008789e+00 4.813499927520751953e+00 -4.915584027767180841e-01 9.000000000000000000e+00
4.117867469787597656e+00 6.834354877471923828e+00 -4.181642830371857245e-01 1.000000000000000000e+00
7.114686012268066406e+00 1.179880523681640980e+01 -2.404941618442535123e-01 2.000000000000000000e+00
1.154868364334106001e+00 1.909169554710387962e+00 -5.978720188140869141e-01 9.000000000000000000e+00
1.316008687019347922e+00 2.173844814300537109e+00 -5.866723656654357910e-01 1.100000000000000000e+01
1.523494124412537065e+00 2.515587806701660156e+00 -5.716637372970581055e-01 1.100000000000000000e+01
1.808186650276184082e+00 2.983320236206055132e+00 -5.525265336036682129e-01 9.000000000000000000e+00
2.241257667541503906e+00 3.694932222366333008e+00 -5.306191444396972656e-01 9.000000000000000000e+00
2.903377771377563032e+00 4.784618377685546875e+00 -4.896409511566162109e-01 9.000000000000000000e+00
4.137551784515380859e+00 6.813110828399658203e+00 -4.177455902099608820e-01 2.000000000000000000e+00
7.151673793792724609e+00 1.176706314086914062e+01 -2.403545379638671875e-01 2.000000000000000000e+00
1.162863969802856001e+00 1.906573176383971946e+00 -5.983896255493164062e-01 9.000000000000000000e+00
1.323967337608336958e+00 2.169006586074829102e+00 -5.866723656654357910e-01 1.200000000000000000e+01
1.529634475708008035e+00 2.504960298538208008e+00 -5.705189108848571777e-01 1.100000000000000000e+01
1.827349424362183061e+00 2.990157127380371094e+00 -5.550295114517211914e-01 9.000000000000000000e+00
2.252713680267333984e+00 3.683305740356444868e+00 -5.301316380500793457e-01 9.000000000000000000e+00
2.932332992553710938e+00 4.792639732360839844e+00 -4.915584027767180841e-01 9.000000000000000000e+00
4.158323287963867188e+00 6.791086673736572266e+00 -4.173269271850585938e-01 2.000000000000000000e+00
7.194754123687744141e+00 1.174077224731444957e+01 -2.403545379638671875e-01 2.000000000000000000e+00
1.167488694190979004e+00 1.899210929870605025e+00 -5.973543524742126465e-01 8.000000000000000000e+00
1.335614919662476030e+00 2.171011209487915039e+00 -5.884719491004943848e-01 1.100000000000000000e+01
1.534253120422363059e+00 2.492917776107788086e+00 -5.689924359321594238e-01 1.000000000000000000e+01
1.839847803115844949e+00 2.987124204635620117e+00 -5.556552410125732422e-01 9.000000000000000000e+00
2.261390686035155806e+00 3.668660402297974077e+00 -5.291566848754882812e-01 9.000000000000000000e+00
2.942770004272460938e+00 4.772199153900145596e+00 -4.905125200748444159e-01 9.000000000000000000e+00
4.171514034271240234e+00 6.759533882141113281e+00 -4.162802100181580145e-01 2.000000000000000000e+00
7.218880653381347656e+00 1.168836402893066051e+01 -2.397960573434829989e-01 2.000000000000000000e+00
1.163608908653259055e+00 1.878904938697814941e+00 -5.921779870986938477e-01 8.000000000000000000e+00
1.348966598510741965e+00 2.176508665084838867e+00 -5.911713838577270508e-01 1.100000000000000000e+01
1.542511463165282981e+00 2.487816333770751953e+00 -5.689924359321594238e-01 1.100000000000000000e+01
1.843494176864624023e+00 2.970935821533203125e+00 -5.537779927253723145e-01 9.000000000000000000e+00
2.278779983520507812e+00 3.669573307037353960e+00 -5.303753614425659180e-01 1.000000000000000000e+01
2.957527637481689009e+00 4.760722160339354581e+00 -4.903382062911986750e-01 9.000000000000000000e+00
4.204452037811279297e+00 6.762624740600585938e+00 -4.173269271850585938e-01 2.000000000000000000e+00
7.274503707885742188e+00 1.169152736663818004e+01 -2.403545379638671875e-01 2.000000000000000000e+00
1.177320480346679910e+00 1.886303544044495073e+00 -5.958014130592346191e-01 9.000000000000000000e+00
1.350361466407776101e+00 2.161869764328002930e+00 -5.884719491004943848e-01 1.000000000000000000e+01
1.557428359985352007e+00 2.492406368255614790e+00 -5.712821483612060547e-01 1.000000000000000000e+01
1.851758718490601030e+00 2.961133003234862837e+00 -5.531522631645202637e-01 9.000000000000000000e+00
2.290522336959838867e+00 3.659913778305054155e+00 -5.301316380500793457e-01 1.000000000000000000e+01
2.963554859161376953e+00 4.733482360839843750e+00 -4.885950982570648193e-01 9.000000000000000000e+00
4.238636970520020419e+00 6.764832496643066406e+00 -4.183736443519591730e-01 2.000000000000000000e+00
7.298273086547851562e+00 1.163895606994629084e+01 -2.397960573434829989e-01 2.000000000000000000e+00
1.180484294891356978e+00 1.877482771873473899e+00 -5.942485332489013672e-01 1.100000000000000000e+01
1.351295948028564009e+00 2.147483587265015093e+00 -5.857725739479064941e-01 1.100000000000000000e+01
1.570914387702941895e+00 2.495535373687744141e+00 -5.731902122497558594e-01 1.100000000000000000e+01
1.859462141990662065e+00 2.951633214950561968e+00 -5.525265336036682129e-01 9.000000000000000000e+00
2.304763793945312944e+00 3.655656337738037109e+00 -5.306191444396972656e-01 9.000000000000000000e+00
2.990926742553710938e+00 4.742166042327880859e+00 -4.905125200748444159e-01 9.000000000000000000e+00
4.231196880340576172e+00 6.703448772430419922e+00 -4.154428243637084961e-01 2.000000000000000000e+00
7.349644660949707031e+00 1.163497829437256037e+01 -2.402149289846420011e-01 2.000000000000000000e+00
1.194268703460692915e+00 1.884773492813109907e+00 -5.978720188140869141e-01 1.600000000000000000e+01
1.356696605682373047e+00 2.139462232589722124e+00 -5.848727226257324219e-01 1.200000000000000000e+01
1.572254061698914018e+00 2.478431940078734907e+00 -5.705189108848571777e-01 1.000000000000000000e+01
1.876106500625609907e+00 2.955130577087401900e+00 -5.544037222862243652e-01 9.000000000000000000e+00
2.314316749572753906e+00 3.642562389373778853e+00 -5.298879146575927734e-01 1.000000000000000000e+01
3.006393194198607954e+00 4.730015277862548828e+00 -4.903382062911986750e-01 9.000000000000000000e+00
4.276009559631347656e+00 6.722342491149902344e+00 -4.175362586975098211e-01 2.000000000000000000e+00
7.345111846923828125e+00 1.153840255737305043e+01 -2.387489229440689087e-01 2.000000000000000000e+00
1.204999327659606934e+00 1.887106180191040039e+00 -5.999425649642944336e-01 1.900000000000000000e+01
1.370452523231505904e+00 2.144565820693970171e+00 -5.875721573829650879e-01 1.100000000000000000e+01
1.570321321487426980e+00 2.456387519836425781e+00 -5.667027235031127930e-01 1.000000000000000000e+01
1.886410355567931907e+00 2.948563814163208008e+00 -5.544037222862243652e-01 9.000000000000000000e+00
2.321665525436400923e+00 3.626102924346923828e+00 -5.286692380905151367e-01 9.000000000000000000e+00
3.022885560989379883e+00 4.719492435455322266e+00 -4.903382062911986750e-01 9.000000000000000000e+00
4.303760051727294922e+00 6.714101314544677734e+00 -4.179549515247344971e-01 3.000000000000000000e+00
7.400459766387938565e+00 1.153625679016112926e+01 -2.392375916242598932e-01 2.000000000000000000e+00
1.207397699356079102e+00 1.876390099525452104e+00 -5.978720188140869141e-01 2.000000000000000000e+01
1.382150411605834961e+00 2.146322727203369141e+00 -5.893717408180236816e-01 1.100000000000000000e+01
1.587391853332519975e+00 2.464094400405883789e+00 -5.697556734085083008e-01 1.000000000000000000e+01
1.890269041061400923e+00 2.931999444961547852e+00 -5.525265336036682129e-01 9.000000000000000000e+00
2.342918634414672852e+00 3.631320953369141069e+00 -5.306191444396972656e-01 9.000000000000000000e+00
3.039341449737548828e+00 4.708911418914794922e+00 -4.903382062911986750e-01 9.000000000000000000e+00
4.338007450103759766e+00 6.715814590454101562e+00 -4.190016686916350763e-01 3.000000000000000000e+00
7.431999206542968750e+00 1.149691963195800959e+01 -2.389583438634871881e-01 2.000000000000000000e+00
1.217420816421509011e+00 1.876814365386962891e+00 -5.994248986244201660e-01 2.100000000000000000e+01
1.390007853507996050e+00 2.141242504119873047e+00 -5.893717408180236816e-01 1.200000000000000000e+01
1.600689649581908958e+00 2.464845895767211914e+00 -5.712821483612060547e-01 1.100000000000000000e+01
1.901002764701843040e+00 2.925051689147949219e+00 -5.525265336036682129e-01 9.000000000000000000e+00
2.362706184387207031e+00 3.632693767547606978e+00 -5.320815443992614746e-01 1.000000000000000000e+01
3.053320169448852983e+00 4.692730426788330078e+00 -4.898152649402617853e-01 9.000000000000000000e+00
4.344066143035888672e+00 6.671416759490966797e+00 -4.172222316265106201e-01 4.000000000000000000e+00
7.469720363616943359e+00 1.146290111541748047e+01 -2.388187348842621127e-01 2.000000000000000000e+00
1.223964691162108931e+00 1.872553348541259988e+00 -5.994248986244201660e-01 2.100000000000000000e+01
1.395340204238892046e+00 2.133115768432617188e+00 -5.884719491004943848e-01 1.100000000000000000e+01
1.612508893013000044e+00 2.464171886444091797e+00 -5.724269747734069824e-01 1.100000000000000000e+01
1.913365960121155007e+00 2.921703100204468218e+00 -5.531522631645202637e-01 9.000000000000000000e+00
2.371019840240478960e+00 3.617783069610596147e+00 -5.311065912246704102e-01 1.000000000000000000e+01
3.077329158782958984e+00 4.693706989288330078e+00 -4.910354614257813055e-01 8.000000000000000000e+00
4.366231441497802734e+00 6.654542446136474609e+00 -4.171175658702849787e-01 4.000000000000000000e+00
7.514078140258789062e+00 1.144344329833984020e+01 -2.389583438634871881e-01 2.000000000000000000e+00
1.234089612960814986e+00 1.875153899192810059e+00 -6.014954447746276855e-01 2.100000000000000000e+01
1.402034640312195046e+00 2.128721714019774947e+00 -5.884719491004943848e-01 1.200000000000000000e+01
1.611600995063781960e+00 2.445978641510010210e+00 -5.693740248680114746e-01 1.100000000000000000e+01
1.922535300254821999e+00 2.915677785873413086e+00 -5.531522631645202637e-01 9.000000000000000000e+00
2.373626947402954102e+00 3.597061634063721147e+00 -5.291566848754882812e-01 9.000000000000000000e+00
3.092059612274169922e+00 4.684016227722167969e+00 -4.910354614257813055e-01 9.000000000000000000e+00
4.393721103668212891e+00 6.650791645050048828e+00 -4.177455902099608820e-01 4.000000000000000000e+00
7.543375015258789062e+00 1.140977191925049006e+01 -2.387489229440689087e-01 2.000000000000000000e+00
1.233153939247130904e+00 1.859564542770385964e+00 -5.978720188140869141e-01 1.900000000000000000e+01
1.411611795425415039e+00 2.127062082290648970e+00 -5.893717408180236816e-01 1.100000000000000000e+01
1.619043350219727007e+00 2.438702583312987837e+00 -5.689924359321594238e-01 1.100000000000000000e+01
1.934887409210205078e+00 2.912239789962768999e+00 -5.537779927253723145e-01 9.000000000000000000e+00
2.383970499038695845e+00 3.585448026657104048e+00 -5.286692380905151367e-01 9.000000000000000000e+00
3.111701488494873047e+00 4.678171157836914062e+00 -4.915584027767180841e-01 9.000000000000000000e+00
4.410269737243652344e+00 6.625438690185546875e+00 -4.171175658702849787e-01 6.000000000000000000e+00
7.576504707336425781e+00 1.137338542938232067e+01 -2.385394871234894076e-01 2.000000000000000000e+00
1.236740708351135032e+00 1.850214123725890891e+00 -5.963190793991088867e-01 2.100000000000000000e+01
1.418314933776855025e+00 2.120254278182982954e+00 -5.889218449592590332e-01 1.200000000000000000e+01
1.631246328353882058e+00 2.437646865844727007e+00 -5.701372623443603516e-01 1.100000000000000000e+01
1.947746753692626953e+00 2.908411026000977007e+00 -5.544037222862243652e-01 9.000000000000000000e+00
2.411462783813477007e+00 3.598123311996459961e+00 -5.318378210067749023e-01 9.000000000000000000e+00
3.129936456680297852e+00 4.668389797210693359e+00 -4.917326867580413818e-01 9.000000000000000000e+00
4.426733970642089844e+00 6.597620010375976562e+00 -4.163848757743834894e-01 6.000000000000000000e+00
7.620368480682373047e+00 1.134886074066161932e+01 -2.386092990636826117e-01 2.000000000000000000e+00
1.246429085731505904e+00 1.850692749023437944e+00 -5.978720188140869141e-01 2.300000000000000000e+01
1.428974866867064986e+00 2.120138406753540039e+00 -5.902715921401977539e-01 1.400000000000000000e+01
1.637550354003906028e+00 2.428682327270507812e+00 -5.693740248680114746e-01 1.200000000000000000e+01
1.955677270889282005e+00 2.898319482803345171e+00 -5.537779927253723145e-01 9.000000000000000000e+00
2.425118923187255859e+00 3.591328859329224077e+00 -5.320815443992614746e-01 9.000000000000000000e+00
3.142867088317871094e+00 4.652482509613037109e+00 -4.912097752094268799e-01 9.000000000000000000e+00
4.454211235046386719e+00 6.588746070861816406e+00 -4.168035686016082764e-01 4.000000000000000000e+00
7.659937381744384766e+00 1.132219123840332031e+01 -2.386092990636826117e-01 2.000000000000000000e+00
1.259066104888916016e+00 1.856141686439513938e+00 -6.009778380393981934e-01 2.300000000000000000e+01
1.428336024284363015e+00 2.104101657867432085e+00 -5.871222615242004395e-01 1.300000000000000000e+01
1.656624555587768999e+00 2.439480304718018022e+00 -5.731902122497558594e-01 1.200000000000000000e+01
1.960836410522460938e+00 2.885283231735229048e+00 -5.525265336036682129e-01 9.000000000000000000e+00
2.434782028198242188e+00 3.579984426498413086e+00 -5.315940976142883301e-01 9.000000000000000000e+00
3.162761211395264116e+00 4.648623943328857422e+00 -4.919070005416870117e-01 9.000000000000000000e+00
4.481656074523925781e+00 6.582193374633789062e+00 -4.173269271850585938e-01 6.000000000000000000e+00
7.679424762725830078e+00 1.127028751373291016e+01 -2.380508184432983121e-01 2.000000000000000000e+00
1.262267470359802024e+00 1.846950650215148926e+00 -5.994248986244201660e-01 2.200000000000000000e+01
1.434571862220763938e+00 2.097494363784790039e+00 -5.866723656654357910e-01 1.400000000000000000e+01
1.656260967254638894e+00 2.420720338821411133e+00 -5.701372623443603516e-01 9.000000000000000000e+00
1.972012042999268022e+00 2.880050897598267046e+00 -5.528393983840942383e-01 8.000000000000000000e+00
2.438287019729613814e+00 3.558363199234008789e+00 -5.296441912651062012e-01 9.000000000000000000e+00
3.180094957351685014e+00 4.639198780059813565e+00 -4.920813143253325861e-01 8.000000000000000000e+00
4.527201175689697266e+00 6.599449157714843750e+00 -4.194203615188599188e-01 4.000000000000000000e+00
7.718718528747558594e+00 1.124341201782226918e+01 -2.380508184432983121e-01 2.000000000000000000e+00
1.270124316215514915e+00 1.843902707099914995e+00 -5.999425649642944336e-01 2.000000000000000000e+01
1.447780013084412065e+00 2.100244760513306108e+00 -5.889218449592590332e-01 1.500000000000000000e+01
1.660664081573486106e+00 2.408168792724608931e+00 -5.686107873916625977e-01 1.100000000000000000e+01
1.990408658981323020e+00 2.884184360504149947e+00 -5.550295114517211914e-01 9.000000000000000000e+00
2.460337400436400923e+00 3.562469959259033203e+00 -5.315940976142883301e-01 9.000000000000000000e+00
3.191414594650268999e+00 4.619316101074218750e+00 -4.912097752094268799e-01 8.000000000000000000e+00
4.579755306243895596e+00 6.623882770538330078e+00 -4.220371544361115057e-01 3.000000000000000000e+00
7.746222019195556641e+00 1.119531250000000000e+01 -2.376319617033005038e-01 2.000000000000000000e+00
1.271045804023742898e+00 1.831522345542907937e+00 -5.973543524742126465e-01 2.200000000000000000e+01
1.460660457611083984e+00 2.103181123733520952e+00 -5.911713838577270508e-01 1.400000000000000000e+01
1.675781130790710005e+00 2.412031173706055132e+00 -5.709004998207092285e-01 1.100000000000000000e+01
1.998208880424499956e+00 2.873975276947021040e+00 -5.544037222862243652e-01 9.000000000000000000e+00
2.470490217208861861e+00 3.550601005554199219e+00 -5.311065912246704102e-01 9.000000000000000000e+00
3.201828479766846147e+00 4.599971771240234375e+00 -4.903382062911986750e-01 9.000000000000000000e+00
4.598282814025878906e+00 6.601300239562988281e+00 -4.216184616088867188e-01 3.000000000000000000e+00
7.785253524780273438e+00 1.116820526123047053e+01 -2.376319617033005038e-01 2.000000000000000000e+00
1.278219103813170943e+00 1.828880786895751953e+00 -5.978720188140869141e-01 2.000000000000000000e+01
1.462042331695557085e+00 2.090341329574584961e+00 -5.889218449592590332e-01 1.500000000000000000e+01
1.686021447181702104e+00 2.409677982330321822e+00 -5.716637372970581055e-01 1.100000000000000000e+01
2.003196239471435991e+00 2.860860586166381836e+00 -5.531522631645202637e-01 9.000000000000000000e+00
2.489085912704468218e+00 3.552143335342406782e+00 -5.325690507888793945e-01 9.000000000000000000e+00
3.222783088684082031e+00 4.597486019134520596e+00 -4.912097752094268799e-01 8.000000000000000000e+00
4.635059356689453125e+00 6.607271671295166016e+00 -4.229792058467864990e-01 2.000000000000000000e+00
7.808458328247070312e+00 1.112268733978270951e+01 -2.372131049633026123e-01 2.000000000000000000e+00
1.287931919097899947e+00 1.829146623611449973e+00 -5.994248986244201660e-01 2.100000000000000000e+01
1.465962648391724077e+00 2.080446243286132812e+00 -5.875721573829650879e-01 1.300000000000000000e+01
1.692160248756408913e+00 2.400568723678588867e+00 -5.709004998207092285e-01 1.100000000000000000e+01
2.009754180908203125e+00 2.849008321762084961e+00 -5.522136688232421875e-01 8.000000000000000000e+00
2.503759622573852983e+00 3.546676635742187944e+00 -5.330564975738525391e-01 9.000000000000000000e+00
3.244558334350585938e+00 4.594345569610595703e+00 -4.920813143253325861e-01 9.000000000000000000e+00
4.669621944427490234e+00 6.607362270355224609e+00 -4.240259230136870783e-01 2.000000000000000000e+00
7.884186267852783203e+00 1.114760684967041016e+01 -2.383300662040709894e-01 2.000000000000000000e+00
1.301015257835387962e+00 1.834093809127808061e+00 -6.025307178497314453e-01 2.200000000000000000e+01
1.474343776702881081e+00 2.076905488967895952e+00 -5.880220532417297363e-01 1.500000000000000000e+01
1.702803015708922896e+00 2.397848844528197798e+00 -5.716637372970581055e-01 1.200000000000000000e+01
2.020831108093262163e+00 2.843585729598999023e+00 -5.525265336036682129e-01 9.000000000000000000e+00
2.506920576095581055e+00 3.524973630905150923e+00 -5.311065912246704102e-01 9.000000000000000000e+00
3.267505884170531782e+00 4.592732906341552734e+00 -4.931271970272064209e-01 8.000000000000000000e+00
4.701924800872802734e+00 6.604038238525390625e+00 -4.248632788658142090e-01 2.000000000000000000e+00
7.888238906860351562e+00 1.107116031646729049e+01 -2.372829169034957886e-01 2.000000000000000000e+00
1.298423886299133079e+00 1.816967129707335982e+00 -5.983896255493164062e-01 2.100000000000000000e+01
1.481584548950195090e+00 2.071746349334716797e+00 -5.880220532417297363e-01 1.500000000000000000e+01
1.706593513488769975e+00 2.385503292083739790e+00 -5.701372623443603516e-01 1.100000000000000000e+01
2.039944171905518022e+00 2.849363803863524947e+00 -5.550295114517211914e-01 9.000000000000000000e+00
2.520365953445435014e+00 3.517814874649047852e+00 -5.313503146171569824e-01 9.000000000000000000e+00
3.284678220748900923e+00 4.582918643951416016e+00 -4.933015108108521063e-01 8.000000000000000000e+00
4.729604721069335938e+00 6.594077110290527344e+00 -4.252819716930388849e-01 2.000000000000000000e+00
7.936164855957031250e+00 1.105655384063721058e+01 -2.375621497631072998e-01 2.000000000000000000e+00
1.303313612937927024e+00 1.811083316802978960e+00 -5.978720188140869141e-01 2.000000000000000000e+01
1.499834895133971946e+00 2.082635402679442915e+00 -5.925210714340209961e-01 1.500000000000000000e+01
1.715642333030700906e+00 2.381423950195312944e+00 -5.705189108848571777e-01 1.100000000000000000e+01
2.047071218490601030e+00 2.839378833770751953e+00 -5.544037222862243652e-01 9.000000000000000000e+00
2.536663532257080078e+00 3.515877246856689009e+00 -5.323252677917480469e-01 7.000000000000000000e+00
3.291695594787598100e+00 4.560692310333251953e+00 -4.920813143253325861e-01 8.000000000000000000e+00
4.749106407165527344e+00 6.575118541717529297e+00 -4.250726401805878241e-01 1.000000000000000000e+00
7.963414669036865234e+00 1.101721096038818004e+01 -2.372829169034957886e-01 2.000000000000000000e+00
1.314162969589232954e+00 1.812779188156127930e+00 -5.999425649642944336e-01 2.000000000000000000e+01
1.500229477882385032e+00 2.067923069000244141e+00 -5.898216366767883301e-01 1.500000000000000000e+01
1.728557109832763894e+00 2.381776332855225053e+00 -5.720453858375549316e-01 1.100000000000000000e+01
2.047683477401732954e+00 2.819429397583007812e+00 -5.519008040428161621e-01 9.000000000000000000e+00
2.559424638748168945e+00 3.521453142166138139e+00 -5.345189571380615234e-01 9.000000000000000000e+00
3.313453674316405806e+00 4.557231426239013672e+00 -4.929528832435607910e-01 8.000000000000000000e+00
4.779079437255859375e+00 6.568191051483154297e+00 -4.257006645202637274e-01 3.000000000000000000e+00
8.001823425292968750e+00 1.098934650421142933e+01 -2.372829169034957886e-01 2.000000000000000000e+00
1.315610885620116965e+00 1.802170038223267046e+00 -5.978720188140869141e-01 1.900000000000000000e+01
1.503630042076111062e+00 2.058216094970703125e+00 -5.884719491004943848e-01 1.400000000000000000e+01
1.735287427902221902e+00 2.374446153640747070e+00 -5.716637372970581055e-01 1.200000000000000000e+01
2.062852382659912109e+00 2.820595741271973100e+00 -5.534651279449462891e-01 9.000000000000000000e+00
2.558191537857056108e+00 3.495325565338135210e+00 -5.318378210067749023e-01 7.000000000000000000e+00
3.320308685302733931e+00 4.534965515136718750e+00 -4.917326867580413818e-01 8.000000000000000000e+00
4.800834178924561435e+00 6.552306652069091797e+00 -4.257006645202637274e-01 2.000000000000000000e+00
8.047680854797363281e+00 1.097565174102783025e+01 -2.375621497631072998e-01 2.000000000000000000e+00
1.333338618278502974e+00 1.813130140304564986e+00 -6.030483841896057129e-01 2.000000000000000000e+01
1.511960387229918990e+00 2.054524421691894975e+00 -5.889218449592590332e-01 1.300000000000000000e+01
1.743565201759337935e+00 2.368374347686768022e+00 -5.716637372970581055e-01 1.100000000000000000e+01
2.079715490341186968e+00 2.822920083999633789e+00 -5.553423762321472168e-01 9.000000000000000000e+00
2.572732925415039062e+00 3.489570140838623047e+00 -5.323252677917480469e-01 7.000000000000000000e+00
3.339666366577147993e+00 4.528158187866210938e+00 -4.922556281089783270e-01 8.000000000000000000e+00
4.835537433624267578e+00 6.551578521728515625e+00 -4.267473816871643066e-01 2.000000000000000000e+00
8.078815460205078125e+00 1.093784236907958984e+01 -2.373527288436889926e-01 2.000000000000000000e+00
1.334224224090575950e+00 1.800470352172852007e+00 -6.004601716995239258e-01 2.100000000000000000e+01
1.522962808609009011e+00 2.053664922714232954e+00 -5.902715921401977539e-01 1.300000000000000000e+01
1.745215773582458052e+00 2.352507352828979048e+00 -5.693740248680114746e-01 1.200000000000000000e+01
2.086515665054320845e+00 2.810520410537720171e+00 -5.544037222862243652e-01 9.000000000000000000e+00
2.576034784317017046e+00 3.467369318008422852e+00 -5.303753614425659180e-01 7.000000000000000000e+00
3.360994338989257812e+00 4.522284030914306641e+00 -4.929528832435607910e-01 6.000000000000000000e+00
4.873820781707763672e+00 6.553042411804199219e+00 -4.280034601688385010e-01 1.000000000000000000e+00
8.111686706542968750e+00 1.089853382110596058e+01 -2.371432930231094083e-01 2.000000000000000000e+00
1.338189601898192915e+00 1.792705893516540971e+00 -5.994248986244201660e-01 2.100000000000000000e+01
1.537119746208190918e+00 2.057703733444213867e+00 -5.929709672927856445e-01 1.400000000000000000e+01
1.761643409729003906e+00 2.357409715652465820e+00 -5.720453858375549316e-01 1.100000000000000000e+01
2.098679542541503906e+00 2.806383848190308061e+00 -5.550295114517211914e-01 9.000000000000000000e+00
2.597637653350830078e+00 3.471070766448975053e+00 -5.323252677917480469e-01 7.000000000000000000e+00
3.371983289718627930e+00 4.504144191741943359e+00 -4.922556281089783270e-01 8.000000000000000000e+00
4.882295131683349609e+00 6.516808509826660156e+00 -4.267473816871643066e-01 2.000000000000000000e+00
8.144882202148437500e+00 1.086375236511229936e+01 -2.370036840438843051e-01 2.000000000000000000e+00
1.339484214782715066e+00 1.782081365585326926e+00 -5.973543524742126465e-01 2.100000000000000000e+01
1.534563422203063965e+00 2.040136337280272993e+00 -5.893717408180236816e-01 1.400000000000000000e+01
1.765909910202025923e+00 2.346848726272583008e+00 -5.709004998207092285e-01 1.100000000000000000e+01
2.096091747283935991e+00 2.783628702163695845e+00 -5.519008040428161621e-01 1.000000000000000000e+01
2.611523151397705078e+00 3.465608358383179155e+00 -5.328127741813659668e-01 7.000000000000000000e+00
3.386901140213013139e+00 4.492937564849854404e+00 -4.922556281089783270e-01 9.000000000000000000e+00
4.899067878723145419e+00 6.494204998016357422e+00 -4.263286888599395752e-01 2.000000000000000000e+00
8.168814659118652344e+00 1.082072353363036932e+01 -2.366546243429183960e-01 2.000000000000000000e+00
1.351527214050292969e+00 1.785095810890197976e+00 -5.999425649642944336e-01 2.300000000000000000e+01
1.539321780204772949e+00 2.031660795211791992e+00 -5.884719491004943848e-01 1.400000000000000000e+01
1.785950064659119096e+00 2.356316328048706055e+00 -5.747166872024536133e-01 1.100000000000000000e+01
2.115345716476439986e+00 2.788886070251464844e+00 -5.544037222862243652e-01 9.000000000000000000e+00
2.618803739547729048e+00 3.450146675109862837e+00 -5.318378210067749023e-01 9.000000000000000000e+00
3.396539211273192915e+00 4.473154067993164062e+00 -4.913840889930725098e-01 9.000000000000000000e+00
4.926540374755859375e+00 6.483425140380859375e+00 -4.267473816871643066e-01 2.000000000000000000e+00
8.223482131958007812e+00 1.081442832946776988e+01 -2.371432930231094083e-01 2.000000000000000000e+00
1.363919615745543990e+00 1.787809848785399947e+00 -6.025307178497314453e-01 2.200000000000000000e+01
1.546757817268372026e+00 2.026005029678345171e+00 -5.884719491004943848e-01 1.400000000000000000e+01
1.783849835395812988e+00 2.335712432861328125e+00 -5.712821483612060547e-01 1.200000000000000000e+01
2.125553369522095171e+00 2.781114101409912109e+00 -5.544037222862243652e-01 9.000000000000000000e+00
2.629019737243651900e+00 3.437371492385863814e+00 -5.313503146171569824e-01 7.000000000000000000e+00
3.420175552368164062e+00 4.470169067382813388e+00 -4.924299418926239014e-01 9.000000000000000000e+00
4.945413589477539062e+00 6.458981990814208984e+00 -4.263286888599395752e-01 2.000000000000000000e+00
8.253334045410156250e+00 1.077151584625243963e+01 -2.368640601634978970e-01 2.000000000000000000e+00
1.361912131309509055e+00 1.772315263748168945e+00 -5.989072918891906738e-01 2.000000000000000000e+01
1.560948133468627930e+00 2.029862403869628906e+00 -5.911713838577270508e-01 1.300000000000000000e+01
1.794386267662047896e+00 2.332583427429199219e+00 -5.720453858375549316e-01 1.100000000000000000e+01
2.136453151702880859e+00 2.775242805480957031e+00 -5.547165870666503906e-01 1.000000000000000000e+01
2.643425226211547852e+00 3.431318521499633789e+00 -5.318378210067749023e-01 7.000000000000000000e+00
3.444271802902222124e+00 4.469250202178955078e+00 -4.936501383781433105e-01 9.000000000000000000e+00
4.980126380920410156e+00 6.457495212554931641e+00 -4.273754060268402100e-01 2.000000000000000000e+00
8.251787185668945312e+00 1.069198322296142933e+01 -2.357470989227294922e-01 2.000000000000000000e+00
1.369272828102112038e+00 1.769078135490417036e+00 -5.994248986244201660e-01 2.100000000000000000e+01
1.566830873489380105e+00 2.022860765457152876e+00 -5.907214879989624023e-01 1.300000000000000000e+01
1.798910140991210938e+00 2.321650028228760210e+00 -5.709004998207092285e-01 1.100000000000000000e+01
2.142496347427368164e+00 2.763085126876831055e+00 -5.537779927253723145e-01 9.000000000000000000e+00
2.663905382156372070e+00 3.433048725128173828e+00 -5.335440039634704590e-01 9.000000000000000000e+00
3.451299667358397993e+00 4.446183204650878906e+00 -4.924299418926239014e-01 9.000000000000000000e+00
5.014889240264892578e+00 6.455844879150390625e+00 -4.284221231937407892e-01 1.000000000000000000e+00
8.296422004699707031e+00 1.067258644104004084e+01 -2.359565347433089932e-01 2.000000000000000000e+00
1.373064279556273970e+00 1.761240601539612038e+00 -5.983896255493164062e-01 2.100000000000000000e+01
1.575081110000609907e+00 2.018915414810181108e+00 -5.911713838577270508e-01 1.400000000000000000e+01
1.807003259658813032e+00 2.315356492996215820e+00 -5.709004998207092285e-01 1.100000000000000000e+01
2.148480415344237837e+00 2.750919103622436968e+00 -5.528393983840942383e-01 1.000000000000000000e+01
2.679539918899536133e+00 3.428421258926392046e+00 -5.342751741409301758e-01 9.000000000000000000e+00
3.474161863327025923e+00 4.443526268005371094e+00 -4.934758245944976807e-01 8.000000000000000000e+00
5.017702102661132812e+00 6.413132190704345703e+00 -4.267473816871643066e-01 2.000000000000000000e+00
8.321297645568847656e+00 1.062781715393066051e+01 -2.356074899435043057e-01 2.000000000000000000e+00
1.380396842956542969e+00 1.757956385612488015e+00 -5.989072918891906738e-01 2.000000000000000000e+01
1.571282386779784934e+00 1.999614715576172097e+00 -5.871222615242004395e-01 1.200000000000000000e+01
1.819927453994750977e+00 2.315208673477172852e+00 -5.724269747734069824e-01 1.100000000000000000e+01
2.159291267395019975e+00 2.744955301284790039e+00 -5.531522631645202637e-01 1.000000000000000000e+01
2.679212331771851030e+00 3.403449058532714844e+00 -5.318378210067749023e-01 9.000000000000000000e+00
3.483488082885742188e+00 4.423545360565186435e+00 -4.926042556762694757e-01 8.000000000000000000e+00
5.047474861145020419e+00 6.404990673065186435e+00 -4.273754060268402100e-01 1.000000000000000000e+00
8.402923583984375000e+00 1.065523147583007990e+01 -2.368640601634978970e-01 2.000000000000000000e+00
1.393715143203734907e+00 1.762218594551085982e+00 -6.020131111145019531e-01 2.000000000000000000e+01
1.581880927085876021e+00 1.998701930046081987e+00 -5.884719491004943848e-01 1.400000000000000000e+01
1.827997922897339089e+00 2.308841943740845171e+00 -5.724269747734069824e-01 1.100000000000000000e+01
2.176220178604125977e+00 2.746691226959228960e+00 -5.550295114517211914e-01 9.000000000000000000e+00
2.689842939376831055e+00 3.392520666122436968e+00 -5.315940976142883301e-01 9.000000000000000000e+00
3.510051012039185014e+00 4.425407886505126953e+00 -4.941730499267578125e-01 9.000000000000000000e+00
5.057384967803955078e+00 6.371688842773438388e+00 -4.263286888599395752e-01 1.000000000000000000e+00
8.395290374755859375e+00 1.056946468353270951e+01 -2.356074899435043057e-01 2.000000000000000000e+00
1.394737601280211958e+00 1.751542210578918013e+00 -5.999425649642944336e-01 1.900000000000000000e+01
1.593358039855957031e+00 1.999541401863097922e+00 -5.902715921401977539e-01 1.200000000000000000e+01
1.830749273300170898e+00 2.296626567840576172e+00 -5.709004998207092285e-01 1.200000000000000000e+01
2.187780141830443892e+00 2.742547988891602007e+00 -5.556552410125732422e-01 9.000000000000000000e+00
2.709747314453125000e+00 3.394441843032836914e+00 -5.333002209663391113e-01 7.000000000000000000e+00
3.523463487625122070e+00 4.412187099456787109e+00 -4.939987361431121826e-01 9.000000000000000000e+00
5.078486442565917969e+00 6.354882717132568359e+00 -4.263286888599395752e-01 2.000000000000000000e+00
8.435290336608886719e+00 1.054781341552734020e+01 -2.357470989227294922e-01 2.000000000000000000e+00
1.393591046333312988e+00 1.737620711326598899e+00 -5.968367457389831543e-01 1.900000000000000000e+01
1.599108219146728960e+00 1.992447614669800027e+00 -5.898216366767883301e-01 1.300000000000000000e+01
1.839983940124511941e+00 2.291753053665161133e+00 -5.712821483612060547e-01 1.200000000000000000e+01
2.194865703582764116e+00 2.731814622879027876e+00 -5.550295114517211914e-01 1.000000000000000000e+01
2.716604232788085938e+00 3.378774166107178178e+00 -5.323252677917480469e-01 9.000000000000000000e+00
3.527605056762694868e+00 4.385888099670410156e+00 -4.924299418926239014e-01 8.000000000000000000e+00
5.100638389587402344e+00 6.337116718292236328e+00 -4.263286888599395752e-01 2.000000000000000000e+00
8.449478149414062500e+00 1.049027252197265980e+01 -2.351188212633132935e-01 2.000000000000000000e+00
1.402075886726378950e+00 1.735751271247863992e+00 -5.978720188140869141e-01 1.900000000000000000e+01
1.610953688621520996e+00 1.992915630340575950e+00 -5.916212797164916992e-01 1.600000000000000000e+01
1.854144692420959029e+00 2.292949199676514116e+00 -5.731902122497558594e-01 1.200000000000000000e+01
2.199417829513549805e+00 2.717993974685668945e+00 -5.537779927253723145e-01 1.000000000000000000e+01
2.735877275466918945e+00 3.378527164459228960e+00 -5.337877273559570312e-01 9.000000000000000000e+00
3.549163818359375000e+00 4.381288528442382812e+00 -4.933015108108521063e-01 8.000000000000000000e+00
5.127758502960205078e+00 6.325479507446289062e+00 -4.267473816871643066e-01 2.000000000000000000e+00
8.503682136535644531e+00 1.048245525360107067e+01 -2.356074899435043057e-01 2.000000000000000000e+00
1.414222002029418945e+00 1.738339304924011008e+00 -6.004601716995239258e-01 1.900000000000000000e+01
1.611748695373534934e+00 1.979723930358886941e+00 -5.893717408180236816e-01 1.400000000000000000e+01
1.862137317657470925e+00 2.286463022232056108e+00 -5.731902122497558594e-01 1.100000000000000000e+01
2.213883638381958008e+00 2.716424942016602007e+00 -5.550295114517211914e-01 1.000000000000000000e+01
2.752672433853148970e+00 3.375109910964965820e+00 -5.347626805305480957e-01 7.000000000000000000e+00
3.566954851150513139e+00 4.371960639953613281e+00 -4.936501383781433105e-01 6.000000000000000000e+00
5.154860019683837891e+00 6.313730239868164062e+00 -4.271660745143889826e-01 3.000000000000000000e+00
8.522507667541503906e+00 1.043102836608887074e+01 -2.351188212633132935e-01 2.000000000000000000e+00
1.420281291007996050e+00 1.733392238616942915e+00 -6.004601716995239258e-01 1.600000000000000000e+01
1.619885087013245073e+00 1.975592851638793945e+00 -5.898216366767883301e-01 1.500000000000000000e+01
1.867617011070251021e+00 2.276913166046143022e+00 -5.724269747734069824e-01 1.100000000000000000e+01
2.219592332839965820e+00 2.704099893569945845e+00 -5.540908575057983398e-01 1.000000000000000000e+01
2.748057126998900923e+00 3.345539331436156782e+00 -5.315940976142883301e-01 9.000000000000000000e+00
3.574604749679564986e+00 4.350246906280517578e+00 -4.926042556762694757e-01 9.000000000000000000e+00
5.178136348724365234e+00 6.297240734100341797e+00 -4.272707402706146240e-01 3.000000000000000000e+00
8.602067947387695312e+00 1.045371627807617010e+01 -2.363055795431137085e-01 2.000000000000000000e+00
1.417716264724731001e+00 1.717993736267090066e+00 -5.968367457389831543e-01 1.500000000000000000e+01
1.630493879318237083e+00 1.974434137344359907e+00 -5.911713838577270508e-01 1.400000000000000000e+01
1.874303221702575906e+00 2.268866539001464844e+00 -5.720453858375549316e-01 1.200000000000000000e+01
2.234052419662476030e+00 2.702425718307495117e+00 -5.553423762321472168e-01 1.000000000000000000e+01
2.757187843322753906e+00 3.332867383956909180e+00 -5.311065912246704102e-01 9.000000000000000000e+00
3.599930286407471147e+00 4.350021839141845703e+00 -4.939987361431121826e-01 9.000000000000000000e+00
5.198812007904052734e+00 6.277589321136474609e+00 -4.271660745143889826e-01 2.000000000000000000e+00
8.587466239929199219e+00 1.036203861236572088e+01 -2.349093854427337924e-01 2.000000000000000000e+00
1.423405528068542036e+00 1.713283061981200950e+00 -5.968367457389831543e-01 1.700000000000000000e+01
1.634540677070617898e+00 1.966019392013550027e+00 -5.902715921401977539e-01 1.400000000000000000e+01
1.876795172691344993e+00 2.256600856781005859e+00 -5.705189108848571777e-01 1.200000000000000000e+01
2.244265317916870117e+00 2.696520805358887163e+00 -5.556552410125732422e-01 1.000000000000000000e+01
2.780928850173950195e+00 3.338959217071533203e+00 -5.335440039634704590e-01 9.000000000000000000e+00
3.601582050323485884e+00 4.322752952575683594e+00 -4.922556281089783270e-01 9.000000000000000000e+00
5.209368705749511719e+00 6.248042583465576172e+00 -4.263286888599395752e-01 2.000000000000000000e+00
8.619218826293945312e+00 1.033043384552001953e+01 -2.348395884037018100e-01 2.000000000000000000e+00
1.428137660026550071e+00 1.706822395324707031e+00 -5.963190793991088867e-01 1.600000000000000000e+01
1.643895506858825906e+00 1.963290095329284890e+00 -5.911713838577270508e-01 1.400000000000000000e+01
1.894745945930480957e+00 2.262076377868651900e+00 -5.735718607902526855e-01 1.300000000000000000e+01
2.239705801010131836e+00 2.672017574310303178e+00 -5.522136688232421875e-01 9.000000000000000000e+00
2.795118570327758789e+00 3.332273483276367188e+00 -5.340314507484436035e-01 9.000000000000000000e+00
3.619210720062255859e+00 4.313207626342773438e+00 -4.926042556762694757e-01 9.000000000000000000e+00
5.218303203582763672e+00 6.214525222778320312e+00 -4.252819716930388849e-01 2.000000000000000000e+00
8.670662879943847656e+00 1.031865596771240057e+01 -2.352584451436995905e-01 2.000000000000000000e+00
1.440311193466186968e+00 1.709213256835937944e+00 -5.989072918891906738e-01 1.800000000000000000e+01
1.641944766044616921e+00 1.947111606597899947e+00 -5.880220532417297363e-01 1.300000000000000000e+01
1.902630448341370073e+00 2.255448579788208008e+00 -5.735718607902526855e-01 1.200000000000000000e+01
2.263035774230957031e+00 2.680787324905395952e+00 -5.556552410125732422e-01 9.000000000000000000e+00
2.799047231674193892e+00 3.313397884368896040e+00 -5.325690507888793945e-01 9.000000000000000000e+00
3.638102531433105025e+00 4.305113315582275391e+00 -4.931271970272064209e-01 9.000000000000000000e+00
5.246412754058837891e+00 6.203896999359130859e+00 -4.258053302764893133e-01 3.000000000000000000e+00
8.680793762207031250e+00 1.025779724121093928e+01 -2.345603406429291049e-01 2.000000000000000000e+00
1.448768734931946023e+00 1.707121014595031960e+00 -5.999425649642944336e-01 1.500000000000000000e+01
1.647469997406006081e+00 1.939882874488831010e+00 -5.875721573829650879e-01 1.200000000000000000e+01
1.910491943359375000e+00 2.248793363571166992e+00 -5.735718607902526855e-01 1.200000000000000000e+01
2.264702796936035156e+00 2.663841485977172852e+00 -5.537779927253723145e-01 9.000000000000000000e+00
2.813168525695800781e+00 3.306631088256835938e+00 -5.330564975738525391e-01 9.000000000000000000e+00
3.654399394989014116e+00 4.293904781341552734e+00 -4.933015108108521063e-01 9.000000000000000000e+00
5.255086421966552734e+00 6.170340538024902344e+00 -4.247586131095886230e-01 3.000000000000000000e+00
8.716547012329101562e+00 1.022743320465088068e+01 -2.345603406429291049e-01 2.000000000000000000e+00
1.457229137420654075e+00 1.704990625381469949e+00 -6.009778380393981934e-01 1.700000000000000000e+01
1.659297943115233931e+00 1.940044164657592995e+00 -5.893717408180236816e-01 1.200000000000000000e+01
1.909395694732666016e+00 2.231668710708618164e+00 -5.709004998207092285e-01 1.200000000000000000e+01
2.279126405715941939e+00 2.661921977996826172e+00 -5.550295114517211914e-01 9.000000000000000000e+00
2.822110652923583984e+00 3.293776273727416992e+00 -5.325690507888793945e-01 9.000000000000000000e+00
3.670662403106689009e+00 4.282635211944580078e+00 -4.934758245944976807e-01 9.000000000000000000e+00
5.285695075988770419e+00 6.162571430206298828e+00 -4.254913330078125000e-01 2.000000000000000000e+00
8.731355667114257812e+00 1.017266559600830078e+01 -2.340018600225448886e-01 2.000000000000000000e+00
1.453089594841002974e+00 1.688180208206176980e+00 -5.968367457389831543e-01 1.500000000000000000e+01
1.671147108078002930e+00 1.940146327018738015e+00 -5.911713838577270508e-01 1.100000000000000000e+01
1.924863219261168990e+00 2.233913660049438032e+00 -5.731902122497558594e-01 1.200000000000000000e+01
2.285824537277222124e+00 2.650958061218262163e+00 -5.544037222862243652e-01 9.000000000000000000e+00
2.838778257369995117e+00 3.289916992187500000e+00 -5.335440039634704590e-01 9.000000000000000000e+00
3.667362928390502930e+00 4.248681068420410156e+00 -4.910354614257813055e-01 9.000000000000000000e+00
5.301951885223388672e+00 6.138037204742431641e+00 -4.250726401805878241e-01 2.000000000000000000e+00
8.798196792602539062e+00 1.017843437194824041e+01 -2.348395884037018100e-01 2.000000000000000000e+00
1.466270565986633079e+00 1.692112207412719949e+00 -5.999425649642944336e-01 1.800000000000000000e+01
1.675018310546875000e+00 1.931649327278136985e+00 -5.902715921401977539e-01 1.100000000000000000e+01
1.932260513305664062e+00 2.227518320083618164e+00 -5.731902122497558594e-01 1.200000000000000000e+01
2.289423227310181108e+00 2.637396574020386186e+00 -5.531522631645202637e-01 9.000000000000000000e+00
2.854879617691040039e+00 3.286479473114014116e+00 -5.345189571380615234e-01 9.000000000000000000e+00
3.689273118972777876e+00 4.245519638061523438e+00 -4.920813143253325861e-01 6.000000000000000000e+00
5.322277069091796875e+00 6.120421886444091797e+00 -4.250726401805878241e-01 2.000000000000000000e+00
8.821399688720703125e+00 1.013713455200194957e+01 -2.345603406429291049e-01 2.000000000000000000e+00
1.469627737998961958e+00 1.684072494506835938e+00 -5.989072918891906738e-01 1.700000000000000000e+01
1.679187178611754927e+00 1.922855019569396973e+00 -5.893717408180236816e-01 1.000000000000000000e+01
1.947774052619934082e+00 2.229631185531616211e+00 -5.754799246788024902e-01 1.200000000000000000e+01
2.309016466140747070e+00 2.641286611557006836e+00 -5.556552410125732422e-01 9.000000000000000000e+00
2.858491897583007812e+00 3.267529726028441939e+00 -5.330564975738525391e-01 9.000000000000000000e+00
3.711942911148070845e+00 4.241611480712890625e+00 -4.931271970272064209e-01 8.000000000000000000e+00
5.343608856201171875e+00 6.101806163787841797e+00 -4.250726401805878241e-01 2.000000000000000000e+00
8.846187591552734375e+00 1.009424877166748047e+01 -2.342811077833175937e-01 2.000000000000000000e+00
1.478341460227966087e+00 1.681576490402221902e+00 -5.999425649642944336e-01 1.700000000000000000e+01
1.690085053443908913e+00 1.921076893806457964e+00 -5.907214879989624023e-01 9.000000000000000000e+00
1.946853756904602051e+00 2.212160587310791016e+00 -5.728086233139038086e-01 1.200000000000000000e+01
2.313459396362305132e+00 2.626876115798950195e+00 -5.544037222862243652e-01 9.000000000000000000e+00
2.867823839187622070e+00 3.254052400588988814e+00 -5.325690507888793945e-01 9.000000000000000000e+00
3.730099439620972124e+00 4.230967044830322266e+00 -4.934758245944976807e-01 8.000000000000000000e+00
5.368579864501953125e+00 6.085175514221191406e+00 -4.252819716930388849e-01 2.000000000000000000e+00
8.883125305175781250e+00 1.006175804138183949e+01 -2.342811077833175937e-01 2.000000000000000000e+00
1.480360388755797896e+00 1.672066688537598100e+00 -5.983896255493164062e-01 1.600000000000000000e+01
1.695488333702086958e+00 1.913707137107848899e+00 -5.902715921401977539e-01 7.000000000000000000e+00
1.953261494636536089e+00 2.203882217407227007e+00 -5.724269747734069824e-01 1.100000000000000000e+01
2.330479145050048828e+00 2.627651691436768022e+00 -5.562809705734252930e-01 9.000000000000000000e+00
2.873894453048706055e+00 3.238083124160767046e+00 -5.315940976142883301e-01 9.000000000000000000e+00
3.743522644042969194e+00 4.216431140899658203e+00 -4.933015108108521063e-01 8.000000000000000000e+00
5.397747993469238281e+00 6.075356960296630859e+00 -4.259100258350371759e-01 2.000000000000000000e+00
3.697453689575195312e+01 4.158690643310546875e+01 1.491056537628174006e+01 1.900000000000000000e+01
1.479470133781433105e+00 1.659937500953674094e+00 -5.958014130592346191e-01 1.700000000000000000e+01
1.705716371536255105e+00 1.912437081336975098e+00 -5.916212797164916992e-01 6.000000000000000000e+00
1.960559129714966042e+00 2.197392702102661133e+00 -5.724269747734069824e-01 1.300000000000000000e+01
2.341811180114746094e+00 2.622856140136719194e+00 -5.569067001342773438e-01 9.000000000000000000e+00
2.897842645645142046e+00 3.243338346481322798e+00 -5.340314507484436035e-01 9.000000000000000000e+00
3.757484436035155806e+00 4.203993797302246094e+00 -4.933015108108521063e-01 8.000000000000000000e+00
5.417864799499511719e+00 6.057424068450927734e+00 -4.259100258350371759e-01 2.000000000000000000e+00
8.962076187133789062e+00 1.001298046112061080e+01 -2.345603406429291049e-01 2.000000000000000000e+00
1.491707444190979004e+00 1.661951541900634988e+00 -5.983896255493164062e-01 1.600000000000000000e+01
1.709777235984802024e+00 1.903571844100951926e+00 -5.907214879989624023e-01 7.000000000000000000e+00
1.980026841163635032e+00 2.203679084777832031e+00 -5.758615732192993164e-01 1.300000000000000000e+01
2.344348669052124023e+00 2.607321262359619141e+00 -5.553423762321472168e-01 9.000000000000000000e+00
2.914457321166992188e+00 3.239105939865111861e+00 -5.350064039230346680e-01 9.000000000000000000e+00
3.780133485794066939e+00 4.199737548828125000e+00 -4.943473637104033869e-01 8.000000000000000000e+00
5.422935962677001953e+00 6.020667076110839844e+00 -4.246539473533629816e-01 2.000000000000000000e+00
9.015716552734375000e+00 1.000243091583251953e+01 -2.350490093231200894e-01 2.000000000000000000e+00
1.498795032501220925e+00 1.658167481422424094e+00 -5.989072918891906738e-01 1.600000000000000000e+01
1.709875345230102983e+00 1.890365839004517046e+00 -5.884719491004943848e-01 8.000000000000000000e+00
1.985072612762450950e+00 2.193842411041260210e+00 -5.750983357429504395e-01 1.300000000000000000e+01
2.353435754776000977e+00 2.599122047424315962e+00 -5.553423762321472168e-01 8.000000000000000000e+00
2.920414447784423828e+00 3.223028659820557085e+00 -5.340314507484436035e-01 9.000000000000000000e+00
3.777375459671020952e+00 4.167325973510742188e+00 -4.920813143253325861e-01 6.000000000000000000e+00
5.451970100402832031e+00 6.010576725006104404e+00 -4.252819716930388849e-01 2.000000000000000000e+00
9.031761169433593750e+00 9.950169563293457031e+00 -2.345603406429291049e-01 2.000000000000000000e+00
1.508475303649901900e+00 1.657211542129517046e+00 -6.004601716995239258e-01 1.600000000000000000e+01
1.715151309967041016e+00 1.882945060729980025e+00 -5.880220532417297363e-01 1.000000000000000000e+01
1.990073800086975098e+00 2.183997631072998047e+00 -5.743350982666015625e-01 1.200000000000000000e+01
2.367817878723144975e+00 2.596729755401610884e+00 -5.565938353538513184e-01 9.000000000000000000e+00
2.928971052169799805e+00 3.209882020950316939e+00 -5.335440039634704590e-01 9.000000000000000000e+00
3.803987979888916016e+00 4.167358875274658203e+00 -4.936501383781433105e-01 8.000000000000000000e+00
5.472917556762695312e+00 5.991509437561035156e+00 -4.252819716930388849e-01 2.000000000000000000e+00
9.042153358459472656e+00 9.892014503479003906e+00 -2.339320629835129062e-01 2.000000000000000000e+00
1.511352181434630904e+00 1.649351477622986062e+00 -5.994248986244201660e-01 1.600000000000000000e+01
1.729288220405579057e+00 1.885864853858947976e+00 -5.907214879989624023e-01 1.300000000000000000e+01
1.994651079177856001e+00 2.174492835998535156e+00 -5.735718607902526855e-01 1.300000000000000000e+01
2.385766744613647017e+00 2.599050283432006836e+00 -5.587838888168334961e-01 9.000000000000000000e+00
2.940942287445067915e+00 3.201613664627075195e+00 -5.337877273559570312e-01 1.000000000000000000e+01
3.815090417861938032e+00 4.151787281036376953e+00 -4.933015108108521063e-01 8.000000000000000000e+00
5.492756366729736328e+00 5.973327636718750000e+00 -4.252819716930388849e-01 1.000000000000000000e+00
9.064074516296386719e+00 9.850203514099121094e+00 -2.336528152227402011e-01 2.000000000000000000e+00
1.515790224075316939e+00 1.642646074295043945e+00 -5.989072918891906738e-01 1.900000000000000000e+01
1.737182617187500000e+00 1.881248712539673074e+00 -5.911713838577270508e-01 1.400000000000000000e+01
1.998232841491698997e+00 2.163190364837646040e+00 -5.724269747734069824e-01 1.100000000000000000e+01
2.386779069900513139e+00 2.582003116607666016e+00 -5.569067001342773438e-01 9.000000000000000000e+00
2.953448057174683061e+00 3.192785501480102983e+00 -5.340314507484436035e-01 9.000000000000000000e+00
3.834972381591796875e+00 4.144294261932373047e+00 -4.939987361431121826e-01 6.000000000000000000e+00
5.524429798126220703e+00 5.965841293334960938e+00 -4.261193573474884033e-01 1.000000000000000000e+00
9.103838920593261719e+00 9.824371337890625000e+00 -2.337924391031264981e-01 2.000000000000000000e+00
1.516254663467407005e+00 1.631684303283690962e+00 -5.968367457389831543e-01 2.000000000000000000e+01
1.735776543617248979e+00 1.866611003875731978e+00 -5.884719491004943848e-01 1.400000000000000000e+01
2.012457609176636186e+00 2.163389444351195845e+00 -5.743350982666015625e-01 1.300000000000000000e+01
2.390393733978271040e+00 2.567872524261475053e+00 -5.556552410125732422e-01 9.000000000000000000e+00
2.969987154006958008e+00 3.188266515731811968e+00 -5.350064039230346680e-01 9.000000000000000000e+00
3.843982219696044922e+00 4.125051975250244141e+00 -4.933015108108521063e-01 8.000000000000000000e+00
5.547945022583007812e+00 5.949442386627197266e+00 -4.263286888599395752e-01 2.000000000000000000e+00
9.116248130798339844e+00 9.769140243530273438e+00 -2.332339584827423096e-01 2.000000000000000000e+00
1.532500982284545898e+00 1.637666225433350053e+00 -6.009778380393981934e-01 2.000000000000000000e+01
1.742281675338744895e+00 1.860540628433227983e+00 -5.884719491004943848e-01 1.400000000000000000e+01
2.028049945831298828e+00 2.164948225021361861e+00 -5.766248106956481934e-01 1.300000000000000000e+01
2.402044773101807085e+00 2.562395095825194868e+00 -5.562809705734252930e-01 9.000000000000000000e+00
2.978381872177124023e+00 3.174984455108643022e+00 -5.345189571380615234e-01 9.000000000000000000e+00
3.867901563644409180e+00 4.121778964996337891e+00 -4.945216774940490723e-01 6.000000000000000000e+00
5.568678379058837891e+00 5.930040359497070312e+00 -4.263286888599395752e-01 2.000000000000000000e+00
9.161249160766601562e+00 9.748917579650878906e+00 -2.335131913423537930e-01 2.000000000000000000e+00
1.539533019065856934e+00 1.633712768554687944e+00 -6.014954447746276855e-01 1.900000000000000000e+01
1.751439452171325906e+00 1.857283115386962891e+00 -5.893717408180236816e-01 1.700000000000000000e+01
2.028858900070189986e+00 2.150715351104735884e+00 -5.747166872024536133e-01 1.200000000000000000e+01
2.410974502563477007e+00 2.553994894027709961e+00 -5.562809705734252930e-01 9.000000000000000000e+00
2.986720323562622070e+00 3.161682605743408203e+00 -5.340314507484436035e-01 9.000000000000000000e+00
3.886370897293090820e+00 4.112596511840820312e+00 -4.950446188449860174e-01 6.000000000000000000e+00
5.583855152130126953e+00 5.904761314392089844e+00 -4.259100258350371759e-01 2.000000000000000000e+00
9.250202178955078125e+00 9.774977684020996094e+00 -2.349093854427337924e-01 2.000000000000000000e+00
1.542566776275634988e+00 1.625526189804076926e+00 -6.004601716995239258e-01 1.600000000000000000e+01
1.759253859519958052e+00 1.852571249008178933e+00 -5.898216366767883301e-01 1.600000000000000000e+01
2.036353826522827148e+00 2.143620252609252930e+00 -5.747166872024536133e-01 1.200000000000000000e+01
2.425318956375122070e+00 2.551290273666381836e+00 -5.575324296951293945e-01 1.000000000000000000e+01
3.004579305648804155e+00 3.158428907394409180e+00 -5.352501273155212402e-01 1.000000000000000000e+01
3.888341426849364790e+00 4.086015701293945312e+00 -4.934758245944976807e-01 6.000000000000000000e+00
5.593413829803466797e+00 5.873662948608398438e+00 -4.250726401805878241e-01 1.000000000000000000e+00
9.245639801025390625e+00 9.702094078063964844e+00 -2.339320629835129062e-01 2.000000000000000000e+00
1.534604310989380105e+00 1.606432914733886941e+00 -5.952838063240051270e-01 1.600000000000000000e+01
1.772120594978332964e+00 1.853770375251770020e+00 -5.920711755752563477e-01 1.700000000000000000e+01
2.040737390518188032e+00 2.134017944335937944e+00 -5.739534497261047363e-01 1.100000000000000000e+01
2.431034564971923828e+00 2.540379285812377930e+00 -5.569067001342773438e-01 9.000000000000000000e+00
3.010917663574219194e+00 3.144146919250487837e+00 -5.345189571380615234e-01 1.000000000000000000e+01
3.903248071670531782e+00 4.074537754058837891e+00 -4.936501383781433105e-01 6.000000000000000000e+00
5.626682281494140625e+00 5.869500160217285156e+00 -4.261193573474884033e-01 1.000000000000000000e+00
9.261150360107421875e+00 9.654065132141113281e+00 -2.335131913423537930e-01 2.000000000000000000e+00
1.552256226539612038e+00 1.613596439361572044e+00 -5.999425649642944336e-01 1.800000000000000000e+01
1.775877594947814941e+00 1.844765305519104004e+00 -5.911713838577270508e-01 1.300000000000000000e+01
2.052259445190430132e+00 2.131123781204224077e+00 -5.750983357429504395e-01 1.200000000000000000e+01
2.438516616821289062e+00 2.530455350875854048e+00 -5.565938353538513184e-01 1.000000000000000000e+01
3.020496606826781782e+00 3.132188796997069868e+00 -5.342751741409301758e-01 1.000000000000000000e+01
3.924363613128662109e+00 4.068058013916015625e+00 -4.945216774940490723e-01 9.000000000000000000e+00
5.663782119750976562e+00 5.867067337036132812e+00 -4.273754060268402100e-01 1.000000000000000000e+00
9.311465263366699219e+00 9.638936996459960938e+00 -2.339320629835129062e-01 2.000000000000000000e+00
1.559223413467407005e+00 1.609555840492248979e+00 -6.004601716995239258e-01 1.600000000000000000e+01
1.778236985206604004e+00 1.834357500076293945e+00 -5.898216366767883301e-01 1.500000000000000000e+01
2.062419652938843218e+00 2.126765966415404829e+00 -5.758615732192993164e-01 1.200000000000000000e+01
2.445958852767943892e+00 2.520510435104370117e+00 -5.562809705734252930e-01 9.000000000000000000e+00
3.023113965988159180e+00 3.113081693649291992e+00 -5.328127741813659668e-01 1.000000000000000000e+01
3.934375047683715820e+00 4.050047397613525391e+00 -4.939987361431121826e-01 8.000000000000000000e+00
5.667521476745604581e+00 5.830075740814208984e+00 -4.261193573474884033e-01 1.000000000000000000e+00
9.345054626464843750e+00 9.606375694274902344e+00 -2.339320629835129062e-01 2.000000000000000000e+00
1.563483357429503950e+00 1.602720379829406960e+00 -5.999425649642944336e-01 1.600000000000000000e+01
1.783267974853516069e+00 1.826744675636291948e+00 -5.893717408180236816e-01 1.400000000000000000e+01
2.071202516555786133e+00 2.120958328247069868e+00 -5.762431621551513672e-01 1.200000000000000000e+01
2.463026046752930132e+00 2.520433902740478960e+00 -5.581581592559814453e-01 9.000000000000000000e+00
3.042289495468140093e+00 3.111025571823120117e+00 -5.342751741409301758e-01 1.000000000000000000e+01
3.955454587936400923e+00 4.043410301208496094e+00 -4.948703050613402765e-01 9.000000000000000000e+00
5.676660537719726562e+00 5.798839092254638672e+00 -4.252819716930388849e-01 1.000000000000000000e+00
9.395322799682617188e+00 9.590838432312011719e+00 -2.343509197235106867e-01 2.000000000000000000e+00
1.568789601325988992e+00 1.597526907920836958e+00 -5.999425649642944336e-01 1.500000000000000000e+01
1.793413639068603960e+00 1.824990868568419966e+00 -5.907214879989624023e-01 1.200000000000000000e+01
2.076848030090332031e+00 2.112678289413452148e+00 -5.758615732192993164e-01 1.200000000000000000e+01
2.476911544799805132e+00 2.517885208129882812e+00 -5.594096183776855469e-01 9.000000000000000000e+00
3.052589416503905806e+00 3.100919961929320845e+00 -5.342751741409301758e-01 1.000000000000000000e+01
3.963249444961547852e+00 4.024592876434326172e+00 -4.941730499267578125e-01 8.000000000000000000e+00
5.701466560363770419e+00 5.785673141479492188e+00 -4.257006645202637274e-01 2.000000000000000000e+00
9.393377304077148438e+00 9.525457382202148438e+00 -2.335131913423537930e-01 2.000000000000000000e+00
1.572998046875000000e+00 1.590667486190795898e+00 -5.994248986244201660e-01 1.600000000000000000e+01
1.802514553070067915e+00 1.821489930152893066e+00 -5.916212797164916992e-01 1.200000000000000000e+01
2.080066442489624023e+00 2.101230144500731978e+00 -5.747166872024536133e-01 1.100000000000000000e+01
2.471783638000487837e+00 2.495190143585205078e+00 -5.562809705734252930e-01 9.000000000000000000e+00
3.071780204772949219e+00 3.098704099655150923e+00 -5.357376337051391602e-01 1.000000000000000000e+01
3.971662044525146040e+00 4.005074977874755859e+00 -4.934758245944976807e-01 8.000000000000000000e+00
5.718813896179199219e+00 5.762900829315186435e+00 -4.254913330078125000e-01 2.000000000000000000e+00
9.468841552734375000e+00 9.535178184509277344e+00 -2.345603406429291049e-01 2.000000000000000000e+00
1.570086717605591042e+00 1.577227711677551047e+00 -5.963190793991088867e-01 1.600000000000000000e+01
1.811295509338378906e+00 1.818263769149780051e+00 -5.925210714340209961e-01 1.300000000000000000e+01
2.092566251754761186e+00 2.099883317947388139e+00 -5.762431621551513672e-01 1.200000000000000000e+01
2.477254629135131836e+00 2.484182119369506836e+00 -5.556552410125732422e-01 1.000000000000000000e+01
3.079234600067139116e+00 3.085690498352050781e+00 -5.352501273155212402e-01 1.000000000000000000e+01
3.990551948547362837e+00 3.997522830963135210e+00 -4.941730499267578125e-01 6.000000000000000000e+00
5.740715980529785156e+00 5.746730804443359375e+00 -4.257006645202637274e-01 2.000000000000000000e+00
9.500409126281738281e+00 9.503726005554199219e+00 -2.345603406429291049e-01 2.000000000000000000e+00
1.578318119049072044e+00 1.574466228485106978e+00 -5.973543524742126465e-01 1.500000000000000000e+01
1.812110900878906028e+00 1.806426882743835005e+00 -5.907214879989624023e-01 1.200000000000000000e+01
2.101274013519287109e+00 2.093951940536499023e+00 -5.766248106956481934e-01 1.300000000000000000e+01
2.490110158920288086e+00 2.479701280593872070e+00 -5.565938353538513184e-01 1.000000000000000000e+01
3.089986801147460938e+00 3.074923038482666016e+00 -5.352501273155212402e-01 1.000000000000000000e+01
4.003068923950195312e+00 3.982163667678833008e+00 -4.939987361431121826e-01 6.000000000000000000e+00
5.786237239837645596e+00 5.752002239227294922e+00 -4.275847673416138250e-01 1.000000000000000000e+00
9.502314567565917969e+00 9.439500808715820312e+00 -2.337924391031264981e-01 2.000000000000000000e+00
1.593411445617676003e+00 1.578464269638061968e+00 -6.009778380393981934e-01 1.600000000000000000e+01
1.817020535469054954e+00 1.798719525337219016e+00 -5.902715921401977539e-01 1.100000000000000000e+01
2.102988719940185991e+00 2.081080675125122070e+00 -5.750983357429504395e-01 1.200000000000000000e+01
2.505773544311522993e+00 2.477939128875731978e+00 -5.581581592559814453e-01 9.000000000000000000e+00
3.096465587615966797e+00 3.059932470321654829e+00 -5.345189571380615234e-01 9.000000000000000000e+00
4.029701709747313565e+00 3.980767965316772017e+00 -4.955675601959229071e-01 6.000000000000000000e+00
5.806280136108398438e+00 5.731769561767578125e+00 -4.275847673416138250e-01 1.000000000000000000e+00
9.580761909484863281e+00 9.451212882995605469e+00 -2.349093854427337924e-01 2.000000000000000000e+00
1.590648531913757102e+00 1.564764022827147993e+00 -5.978720188140869141e-01 1.600000000000000000e+01
1.823288202285767046e+00 1.792365908622741921e+00 -5.902715921401977539e-01 1.200000000000000000e+01
2.110240221023560014e+00 2.073727130889893022e+00 -5.750983357429504395e-01 1.300000000000000000e+01
2.515817403793334961e+00 2.470561265945435014e+00 -5.584710240364074707e-01 1.000000000000000000e+01
3.107127904891968218e+00 3.049105167388916016e+00 -5.345189571380615234e-01 1.000000000000000000e+01
4.042150497436523438e+00 3.965282201766968218e+00 -4.953932464122772217e-01 9.000000000000000000e+00
5.843367576599121094e+00 5.728244781494140625e+00 -4.288408160209655762e-01 1.000000000000000000e+00
9.587981224060058594e+00 9.392523765563964844e+00 -2.342811077833175937e-01 2.000000000000000000e+00
1.599137306213378906e+00 1.561622858047484907e+00 -5.989072918891906738e-01 1.700000000000000000e+01
1.835424065589905007e+00 1.791115283966064009e+00 -5.920711755752563477e-01 1.100000000000000000e+01
2.116421222686768022e+00 2.064607858657836914e+00 -5.747166872024536133e-01 1.300000000000000000e+01
2.517783164978026900e+00 2.454429149627685991e+00 -5.569067001342773438e-01 9.000000000000000000e+00
3.128236055374145952e+00 3.047392606735229048e+00 -5.362251400947570801e-01 1.000000000000000000e+01
4.040955543518066406e+00 3.935150146484375000e+00 -4.934758245944976807e-01 8.000000000000000000e+00
5.835695743560791016e+00 5.678930759429931641e+00 -4.267473816871643066e-01 1.000000000000000000e+00
9.648146629333496094e+00 9.382412910461425781e+00 -2.349093854427337924e-01 2.000000000000000000e+00
1.604578614234924094e+00 1.556031346321105957e+00 -5.989072918891906738e-01 1.700000000000000000e+01
1.841665029525757058e+00 1.784697651863097922e+00 -5.920711755752563477e-01 1.100000000000000000e+01
2.127845525741577148e+00 2.061305761337279829e+00 -5.758615732192993164e-01 1.200000000000000000e+01
2.523496866226195845e+00 2.442877769470214844e+00 -5.562809705734252930e-01 1.000000000000000000e+01
3.144561290740966797e+00 3.041975259780883789e+00 -5.372000932693481445e-01 1.000000000000000000e+01
4.064692497253417969e+00 3.930715799331665039e+00 -4.946959912776947021e-01 9.000000000000000000e+00
5.864100933074951172e+00 5.666853427886962891e+00 -4.273754060268402100e-01 1.000000000000000000e+00
9.666454315185546875e+00 9.334786415100097656e+00 -2.345603406429291049e-01 2.000000000000000000e+00
1.614174962043761985e+00 1.554440975189208984e+00 -6.004601716995239258e-01 1.600000000000000000e+01
1.840862751007080078e+00 1.771501779556273970e+00 -5.898216366767883301e-01 1.200000000000000000e+01
2.140687227249145952e+00 2.059309959411621094e+00 -5.773880481719970703e-01 1.300000000000000000e+01
2.534856796264647993e+00 2.436792135238647017e+00 -5.569067001342773438e-01 9.000000000000000000e+00
3.152297496795653853e+00 3.028229713439940962e+00 -5.367125868797302246e-01 1.000000000000000000e+01
4.081262588500976562e+00 3.919263362884521040e+00 -4.950446188449860174e-01 8.000000000000000000e+00
5.863671302795410156e+00 5.626988887786865234e+00 -4.259100258350371759e-01 2.000000000000000000e+00
9.736505508422851562e+00 9.336973190307617188e+00 -2.354678660631180087e-01 2.000000000000000000e+00
1.625175952911376953e+00 1.554137587547302024e+00 -6.025307178497314453e-01 1.600000000000000000e+01
1.845626354217529075e+00 1.763718843460083008e+00 -5.893717408180236816e-01 1.100000000000000000e+01
2.146442890167235884e+00 2.050468921661376953e+00 -5.770063996315002441e-01 1.300000000000000000e+01
2.551920413970946822e+00 2.436113119125366211e+00 -5.587838888168334961e-01 9.000000000000000000e+00
3.151358127593994141e+00 3.006246089935303178e+00 -5.347626805305480957e-01 1.000000000000000000e+01
4.099244117736816406e+00 3.909118175506591797e+00 -4.955675601959229071e-01 9.000000000000000000e+00
5.903519630432128906e+00 5.625776767730712891e+00 -4.273754060268402100e-01 2.000000000000000000e+00
9.731387138366699219e+00 9.267074584960937500e+00 -2.345603406429291049e-01 2.000000000000000000e+00
1.625849246978759988e+00 1.545032024383544922e+00 -6.009778380393981934e-01 1.700000000000000000e+01
1.858223676681518999e+00 1.764621496200561968e+00 -5.916212797164916992e-01 1.200000000000000000e+01
2.150026321411132812e+00 2.041012048721313032e+00 -5.762431621551513672e-01 1.400000000000000000e+01
2.559561014175415039e+00 2.428083896636962891e+00 -5.587838888168334961e-01 9.000000000000000000e+00
3.167990207672119141e+00 3.003159523010253906e+00 -5.359813570976257324e-01 1.000000000000000000e+01
4.095596790313720703e+00 3.881145715713500977e+00 -4.936501383781433105e-01 9.000000000000000000e+00
5.921164512634277344e+00 5.607202529907226562e+00 -4.273754060268402100e-01 2.000000000000000000e+00
9.760453224182128906e+00 9.236456871032714844e+00 -2.345603406429291049e-01 2.000000000000000000e+00
1.619992375373840110e+00 1.528740286827086958e+00 -5.968367457389831543e-01 1.500000000000000000e+01
1.867207527160644975e+00 1.760798335075377974e+00 -5.925210714340209961e-01 1.200000000000000000e+01
2.152852058410644975e+00 2.029454708099364790e+00 -5.750983357429504395e-01 1.300000000000000000e+01
2.562269687652587891e+00 2.413716554641724077e+00 -5.575324296951293945e-01 9.000000000000000000e+00
3.185680866241455078e+00 2.998886108398437944e+00 -5.372000932693481445e-01 1.000000000000000000e+01
4.125080108642578125e+00 3.881845235824584961e+00 -4.955675601959229071e-01 9.000000000000000000e+00
5.946520805358886719e+00 5.591972351074218750e+00 -4.277940988540648859e-01 2.000000000000000000e+00
9.804292678833007812e+00 9.213285446166992188e+00 -2.348395884037018100e-01 2.000000000000000000e+00
1.628404259681702104e+00 1.525433897972106934e+00 -5.978720188140869141e-01 1.500000000000000000e+01
1.872225999832153098e+00 1.752611041069030984e+00 -5.920711755752563477e-01 1.200000000000000000e+01
2.166009902954102007e+00 2.026916265487670898e+00 -5.766248106956481934e-01 1.200000000000000000e+01
2.565327882766724077e+00 2.398912429809569868e+00 -5.562809705734252930e-01 9.000000000000000000e+00
3.199551582336425781e+00 2.989900588989257812e+00 -5.376875400543212891e-01 1.000000000000000000e+01
4.149471759796142578e+00 3.876220464706420898e+00 -4.967877268791198730e-01 9.000000000000000000e+00
5.966976642608642578e+00 5.570139884948729581e+00 -4.277940988540648859e-01 2.000000000000000000e+00
9.840919494628906250e+00 9.180017471313476562e+00 -2.349093854427337924e-01 2.000000000000000000e+00
1.639376997947693093e+00 1.525003552436829057e+00 -5.999425649642944336e-01 1.800000000000000000e+01
1.871195793151855025e+00 1.739431142807007058e+00 -5.898216366767883301e-01 1.300000000000000000e+01
2.178824663162231001e+00 2.024688720703125000e+00 -5.781512856483459473e-01 1.300000000000000000e+01
2.573686122894287109e+00 2.389943122863769975e+00 -5.562809705734252930e-01 9.000000000000000000e+00
3.198328018188477007e+00 2.967911481857299805e+00 -5.357376337051391602e-01 1.000000000000000000e+01
4.154212951660156250e+00 3.853582620620727983e+00 -4.957418739795684814e-01 9.000000000000000000e+00
6.001030921936035156e+00 5.562855243682861328e+00 -4.288408160209655762e-01 2.000000000000000000e+00
9.869969367980957031e+00 9.142892837524414062e+00 -2.348395884037018100e-01 2.000000000000000000e+00
1.650100469589232954e+00 1.524803161621093972e+00 -6.020131111145019531e-01 1.900000000000000000e+01
1.872658610343933105e+00 1.729250311851501021e+00 -5.884719491004943848e-01 1.200000000000000000e+01
2.179756402969359907e+00 2.012125730514525923e+00 -5.766248106956481934e-01 1.300000000000000000e+01
2.587405204772949219e+00 2.386752605438231978e+00 -5.575324296951293945e-01 9.000000000000000000e+00
3.205233335494995117e+00 2.954598188400268999e+00 -5.352501273155212402e-01 1.000000000000000000e+01
4.177225112915039062e+00 3.849236488342285156e+00 -4.969620406627655029e-01 9.000000000000000000e+00
6.013568401336669922e+00 5.537512779235839844e+00 -4.284221231937407892e-01 2.000000000000000000e+00
9.888462066650390625e+00 9.099279403686523438e+00 -2.345603406429291049e-01 2.000000000000000000e+00
1.652566194534301980e+00 1.516421675682068093e+00 -6.009778380393981934e-01 1.800000000000000000e+01
1.890173792839050071e+00 1.733239412307739036e+00 -5.920711755752563477e-01 1.100000000000000000e+01
2.176635980606079102e+00 1.995218515396117942e+00 -5.739534497261047363e-01 1.200000000000000000e+01
2.601547241210937944e+00 2.383043527603148970e+00 -5.587838888168334961e-01 9.000000000000000000e+00
3.216991424560546875e+00 2.944732189178466797e+00 -5.354939103126525879e-01 1.000000000000000000e+01
4.183286666870117188e+00 3.827906847000122070e+00 -4.960905015468596857e-01 9.000000000000000000e+00
6.035809040069580078e+00 5.519183158874511719e+00 -4.286314845085144043e-01 2.000000000000000000e+00
9.920165061950683594e+00 9.064706802368164062e+00 -2.345603406429291049e-01 2.000000000000000000e+00
3.923485183715820312e+01 3.583890151977539062e+01 1.423867130279541016e+01 1.700000000000000000e+01
1.657849431037903054e+00 1.510643959045409934e+00 -6.009778380393981934e-01 1.900000000000000000e+01
1.894771575927733931e+00 1.725318789482116921e+00 -5.916212797164916992e-01 1.300000000000000000e+01
2.189394950866699219e+00 1.992894649505615012e+00 -5.754799246788024902e-01 1.200000000000000000e+01
2.615694761276245117e+00 2.379264831542969194e+00 -5.600354075431823730e-01 9.000000000000000000e+00
3.234595537185668945e+00 2.940160989761352983e+00 -5.367125868797302246e-01 1.000000000000000000e+01
4.195148468017578125e+00 3.811941146850585938e+00 -4.959161877632141113e-01 9.000000000000000000e+00
6.081653594970703125e+00 5.522248268127441406e+00 -4.305155873298645020e-01 2.000000000000000000e+00
9.951745986938476562e+00 9.030024528503417969e+00 -2.345603406429291049e-01 2.000000000000000000e+00
1.657382488250731978e+00 1.499663114547729048e+00 -5.989072918891906738e-01 2.000000000000000000e+01
1.908009767532349077e+00 1.725229263305664062e+00 -5.938707590103149414e-01 1.300000000000000000e+01
2.199250936508179155e+00 1.987873077392577903e+00 -5.762431621551513672e-01 1.300000000000000000e+01
2.609324932098389116e+00 2.356878995895386186e+00 -5.569067001342773438e-01 9.000000000000000000e+00
3.246312618255614790e+00 2.930182456970214844e+00 -5.369563102722167969e-01 9.000000000000000000e+00
4.205470561981201172e+00 3.794604778289794922e+00 -4.955675601959229071e-01 9.000000000000000000e+00
6.086059570312500000e+00 5.487610816955566406e+00 -4.294688701629639227e-01 2.000000000000000000e+00
9.968350410461425781e+00 8.981844902038574219e+00 -2.342112958431243896e-01 2.000000000000000000e+00
1.666656732559204102e+00 1.498032927513123003e+00 -6.004601716995239258e-01 1.900000000000000000e+01
1.902122020721435991e+00 1.708475112915039062e+00 -5.902715921401977539e-01 1.400000000000000000e+01
2.207291603088378906e+00 1.981880784034729004e+00 -5.766248106956481934e-01 1.500000000000000000e+01
2.634769916534423828e+00 2.364043712615966797e+00 -5.606611371040344238e-01 9.000000000000000000e+00
3.251577615737915039e+00 2.915425539016724077e+00 -5.362251400947570801e-01 1.000000000000000000e+01
4.232867717742919922e+00 3.793936014175415039e+00 -4.973106682300568182e-01 9.000000000000000000e+00
6.089345932006835938e+00 5.454073429107666016e+00 -4.284221231937407892e-01 2.000000000000000000e+00
1.000106048583984020e+01 8.951406478881835938e+00 -2.342811077833175937e-01 2.000000000000000000e+00
1.673316955566406028e+00 1.493492484092711958e+00 -6.009778380393981934e-01 2.000000000000000000e+01
1.910982847213744895e+00 1.704419255256653054e+00 -5.911713838577270508e-01 1.300000000000000000e+01
2.212730884552001953e+00 1.972857236862183061e+00 -5.762431621551513672e-01 1.400000000000000000e+01
2.625307083129882812e+00 2.339063405990601030e+00 -5.569067001342773438e-01 1.000000000000000000e+01
3.258769273757935014e+00 2.901417493820189986e+00 -5.357376337051391602e-01 1.000000000000000000e+01
4.249061584472656250e+00 3.781786680221558061e+00 -4.976592957973480225e-01 8.000000000000000000e+00
6.108347415924072266e+00 5.432784080505371094e+00 -4.284221231937407892e-01 2.000000000000000000e+00
1.005914974212645951e+01 8.940354347229003906e+00 -2.349093854427337924e-01 2.000000000000000000e+00
1.684563636779784934e+00 1.492473840713500977e+00 -6.030483841896057129e-01 1.900000000000000000e+01
1.915757894515990989e+00 1.696111917495727983e+00 -5.907214879989624023e-01 1.300000000000000000e+01
2.211125850677489790e+00 1.956927061080933061e+00 -5.739534497261047363e-01 1.300000000000000000e+01
2.644220590591431108e+00 2.338586091995238814e+00 -5.590967535972595215e-01 1.000000000000000000e+01
3.272356510162353960e+00 2.892083406448363814e+00 -5.362251400947570801e-01 1.000000000000000000e+01
4.256921291351318359e+00 3.760911226272583008e+00 -4.969620406627655029e-01 9.000000000000000000e+00
6.131212711334229404e+00 5.413003444671630859e+00 -4.286314845085144043e-01 1.000000000000000000e+00
1.007685470581055043e+01 8.890195846557617188e+00 -2.345603406429291049e-01 2.000000000000000000e+00
1.678159475326538086e+00 1.476376175880431907e+00 -5.989072918891906738e-01 2.000000000000000000e+01
1.926057457923888938e+00 1.693274378776550071e+00 -5.920711755752563477e-01 1.300000000000000000e+01
2.226791620254517046e+00 1.956972956657409890e+00 -5.762431621551513672e-01 1.400000000000000000e+01
2.641977787017821822e+00 2.320217370986938032e+00 -5.569067001342773438e-01 9.000000000000000000e+00
3.276463747024536133e+00 2.875405550003052202e+00 -5.352501273155212402e-01 1.000000000000000000e+01
4.268525600433349609e+00 3.744714736938477007e+00 -4.967877268791198730e-01 9.000000000000000000e+00
6.159081459045410156e+00 5.399467945098876953e+00 -4.292595088481903076e-01 2.000000000000000000e+00
1.018303298950194957e+01 8.920851707458496094e+00 -2.363055795431137085e-01 2.000000000000000000e+00
3.612837600708007812e+01 3.163914299011230113e+01 1.286796569824218928e+01 1.400000000000000000e+01
1.688864827156066895e+00 1.475888013839721902e+00 -6.009778380393981934e-01 1.700000000000000000e+01
1.930194139480591042e+00 1.685596227645874023e+00 -5.916212797164916992e-01 1.300000000000000000e+01
2.231789827346802202e+00 1.948286771774291992e+00 -5.758615732192993164e-01 1.300000000000000000e+01
2.646680116653441939e+00 2.308846235275268999e+00 -5.562809705734252930e-01 9.000000000000000000e+00
3.303936958312987837e+00 2.880177736282349077e+00 -5.381750464439392090e-01 1.000000000000000000e+01
4.282422542572020596e+00 3.731848239898682085e+00 -4.969620406627655029e-01 9.000000000000000000e+00
6.185990333557128906e+00 5.386883735656738281e+00 -4.298875331878662109e-01 2.000000000000000000e+00
1.021255970001221058e+01 8.887034416198730469e+00 -2.363055795431137085e-01 2.000000000000000000e+00
1.694006323814392090e+00 1.469983816146851030e+00 -6.009778380393981934e-01 1.600000000000000000e+01
1.931649327278136985e+00 1.675018310546875000e+00 -5.902715921401977539e-01 1.200000000000000000e+01
2.247478008270264116e+00 1.948200106620789018e+00 -5.781512856483459473e-01 1.300000000000000000e+01
2.660695791244506836e+00 2.304767131805419922e+00 -5.575324296951293945e-01 9.000000000000000000e+00
3.306466102600098100e+00 2.862131357192993164e+00 -5.369563102722167969e-01 1.000000000000000000e+01
4.287889480590820312e+00 3.710358619689940962e+00 -4.960905015468596857e-01 9.000000000000000000e+00
6.204756259918212891e+00 5.365258216857910156e+00 -4.298875331878662109e-01 2.000000000000000000e+00
3.638418197631835938e+01 3.145033836364746094e+01 1.110313415527343928e+01 1.400000000000000000e+01
1.021325778961181996e+01 8.825183868408203125e+00 -2.356074899435043057e-01 2.000000000000000000e+00
3.583121109008789062e+01 3.095050621032714844e+01 1.268679237365723012e+01 1.400000000000000000e+01
1.704468250274657981e+00 1.469700813293457031e+00 -6.030483841896057129e-01 1.700000000000000000e+01
1.939854621887207031e+00 1.671485662460326926e+00 -5.911713838577270508e-01 1.100000000000000000e+01
2.244662284851074219e+00 1.933442234992980957e+00 -5.758615732192993164e-01 1.200000000000000000e+01
2.679900646209716797e+00 2.306706190109252930e+00 -5.600354075431823730e-01 9.000000000000000000e+00
3.315441608428955078e+00 2.851729631423950195e+00 -5.369563102722167969e-01 9.000000000000000000e+00
4.314631938934326172e+00 3.709859132766724077e+00 -4.978336095809937079e-01 9.000000000000000000e+00
6.224610805511474609e+00 5.348341941833496094e+00 -4.300968945026398260e-01 1.000000000000000000e+00
1.017114162445068004e+01 8.733131408691406250e+00 -2.340018600225448886e-01 2.000000000000000000e+00
1.709588050842284934e+00 1.463742136955261008e+00 -6.030483841896057129e-01 1.800000000000000000e+01
1.947158098220824973e+00 1.665971040725708008e+00 -5.916212797164916992e-01 1.200000000000000000e+01
2.249905586242675781e+00 1.924319028854369895e+00 -5.754799246788024902e-01 1.100000000000000000e+01
2.687936067581177202e+00 2.297337532043457031e+00 -5.600354075431823730e-01 1.100000000000000000e+01
3.322356700897216797e+00 2.837560653686522993e+00 -5.364688634872436523e-01 9.000000000000000000e+00
4.330586433410645419e+00 3.697363138198852983e+00 -4.981822371482849121e-01 9.000000000000000000e+00
6.255397319793701172e+00 5.336952209472656250e+00 -4.309342503547667902e-01 2.000000000000000000e+00
1.021069431304931996e+01 8.705358505249023438e+00 -2.342112958431243896e-01 2.000000000000000000e+00
3.602099227905272727e+01 3.069965553283691051e+01 1.268161582946776988e+01 1.400000000000000000e+01
1.706109166145324929e+00 1.449960112571716087e+00 -5.999425649642944336e-01 1.700000000000000000e+01
1.957707166671752930e+00 1.662607550621032937e+00 -5.929709672927856445e-01 1.300000000000000000e+01
2.259936809539794922e+00 1.918601036071776900e+00 -5.762431621551513672e-01 9.000000000000000000e+00
2.694831848144530806e+00 2.286192417144774947e+00 -5.597225427627563477e-01 1.000000000000000000e+01
3.335762977600098100e+00 2.827931880950928178e+00 -5.369563102722167969e-01 9.000000000000000000e+00
4.322828769683837891e+00 3.663432121276855025e+00 -4.957418739795684814e-01 9.000000000000000000e+00
6.274916172027587891e+00 5.313989162445068359e+00 -4.309342503547667902e-01 2.000000000000000000e+00
1.021810913085938033e+01 8.647207260131835938e+00 -2.336528152227402011e-01 2.000000000000000000e+00
3.644941329956054688e+01 3.084578514099121094e+01 1.279446029663085938e+01 1.400000000000000000e+01
1.708207249641418013e+00 1.441504120826720969e+00 -5.989072918891906738e-01 1.800000000000000000e+01
1.963498830795288086e+00 1.655763745307921919e+00 -5.929709672927856445e-01 1.200000000000000000e+01
2.256112575531005859e+00 1.901843070983886941e+00 -5.735718607902526855e-01 7.000000000000000000e+00
2.701285123825072798e+00 2.275499105453491211e+00 -5.594096183776855469e-01 1.100000000000000000e+01
3.348651409149169922e+00 2.818827390670775923e+00 -5.374438166618347168e-01 1.000000000000000000e+01
4.356933116912841797e+00 3.666279554367064986e+00 -4.981822371482849121e-01 9.000000000000000000e+00
6.287312507629395419e+00 5.286911487579345703e+00 -4.305155873298645020e-01 2.000000000000000000e+00
1.026047897338867010e+01 8.621778488159179688e+00 -2.339320629835129062e-01 2.000000000000000000e+00
1.718900203704833984e+00 1.440795540809630904e+00 -6.009778380393981934e-01 2.000000000000000000e+01
1.960015296936034934e+00 1.641735553741455078e+00 -5.902715921401977539e-01 1.100000000000000000e+01
2.272943735122681108e+00 1.903173804283142090e+00 -5.762431621551513672e-01 6.000000000000000000e+00
2.714875936508179155e+00 2.271599292755126953e+00 -5.606611371040344238e-01 1.100000000000000000e+01
3.356457471847534180e+00 2.806434154510498047e+00 -5.372000932693481445e-01 1.000000000000000000e+01
4.364480495452880859e+00 3.647978067398070845e+00 -4.976592957973480225e-01 9.000000000000000000e+00
6.317073345184326172e+00 5.276275634765625000e+00 -4.313529431819915771e-01 1.000000000000000000e+00
1.033199977874756037e+01 8.623583793640136719e+00 -2.349093854427337924e-01 2.000000000000000000e+00
3.605637741088867188e+01 3.009438514709473012e+01 1.258430004119873047e+01 1.400000000000000000e+01
1.729858517646789995e+00 1.439729928970336914e+00 -6.030483841896057129e-01 1.900000000000000000e+01
1.971727132797240989e+00 1.639868140220642090e+00 -5.920711755752563477e-01 1.100000000000000000e+01
2.279573202133179155e+00 1.895228147506714089e+00 -5.762431621551513672e-01 8.000000000000000000e+00
2.718230485916138139e+00 2.258321762084960938e+00 -5.597225427627563477e-01 1.000000000000000000e+01
3.361651420593262163e+00 2.790896892547606978e+00 -5.364688634872436523e-01 9.000000000000000000e+00
4.372588157653808594e+00 3.628903865814208984e+00 -4.971363544464110773e-01 9.000000000000000000e+00
6.338527202606201172e+00 5.256742477416992188e+00 -4.315623044967650812e-01 1.000000000000000000e+00
3.612700271606445312e+01 2.995063400268555043e+01 1.083409309387207031e+01 1.300000000000000000e+01
1.037127685546875000e+01 8.595122337341308594e+00 -2.351188212633132935e-01 2.000000000000000000e+00
3.631222534179688211e+01 3.008280944824219105e+01 1.263502788543700994e+01 1.400000000000000000e+01
1.730156421661376953e+00 1.430292963981627974e+00 -6.014954447746276855e-01 1.900000000000000000e+01
1.978656768798827903e+00 1.634561777114867942e+00 -5.925210714340209961e-01 1.300000000000000000e+01
2.282817840576171875e+00 1.885158181190490945e+00 -5.754799246788024902e-01 1.200000000000000000e+01
2.731798887252808061e+00 2.254324674606322798e+00 -5.609740018844604492e-01 1.000000000000000000e+01
3.370887994766234907e+00 2.779733896255493164e+00 -5.364688634872436523e-01 1.000000000000000000e+01
4.389210224151611328e+00 3.618185758590697798e+00 -4.976592957973480225e-01 9.000000000000000000e+00
6.368257045745849609e+00 5.245853424072265625e+00 -4.323996603488922119e-01 1.000000000000000000e+00
1.037502002716063920e+01 8.540348052978515625e+00 -2.345603406429291049e-01 2.000000000000000000e+00
3.638567352294921875e+01 2.995139503479003906e+01 1.262778091430664062e+01 1.400000000000000000e+01
1.730658888816833052e+00 1.420567750930785911e+00 -5.999425649642944336e-01 1.800000000000000000e+01
1.993390679359436035e+00 1.635060310363769975e+00 -5.952205061912536621e-01 1.200000000000000000e+01
2.287866353988647017e+00 1.875933289527893066e+00 -5.750983357429504395e-01 1.300000000000000000e+01
2.742707252502440962e+00 2.247278928756713867e+00 -5.615997314453125000e-01 1.100000000000000000e+01
3.386714220046997070e+00 2.772980690002440962e+00 -5.374438166618347168e-01 9.000000000000000000e+00
4.407980442047119141e+00 3.607890367507935014e+00 -4.983565509319304865e-01 9.000000000000000000e+00
6.398897647857666016e+00 5.233707904815673828e+00 -4.332370460033416748e-01 1.000000000000000000e+00
1.042025089263916016e+01 8.516735076904296875e+00 -2.349093854427337924e-01 2.000000000000000000e+00
3.624985885620117188e+01 2.961737823486328125e+01 1.254288864135742010e+01 1.300000000000000000e+01
1.738602042198180930e+00 1.416958928108215110e+00 -6.009778380393981934e-01 1.700000000000000000e+01
1.990019798278809038e+00 1.620708465576172097e+00 -5.925210714340209961e-01 1.200000000000000000e+01
2.302013158798218218e+00 1.874133229255676047e+00 -5.770063996315002441e-01 1.300000000000000000e+01
2.733679294586182085e+00 2.223978519439696822e+00 -5.581581592559814453e-01 1.000000000000000000e+01
3.405614852905272993e+00 2.768655300140380859e+00 -5.389062166213989258e-01 9.000000000000000000e+00
4.425186157226563388e+00 3.596251249313354048e+00 -4.988794624805449884e-01 1.100000000000000000e+01
6.398522853851318359e+00 5.196230888366699219e+00 -4.319809973239899237e-01 2.000000000000000000e+00
1.044681072235107067e+01 8.477789878845214844e+00 -2.348395884037018100e-01 2.000000000000000000e+00
3.644387817382813211e+01 2.957491493225098012e+01 1.257601737976074041e+01 1.400000000000000000e+01
1.742035746574402078e+00 1.409666180610656960e+00 -6.004601716995239258e-01 1.900000000000000000e+01
1.994149684906006081e+00 1.612526774406433105e+00 -5.920711755752563477e-01 1.100000000000000000e+01
2.314648151397705078e+00 1.871023058891295943e+00 -5.785328745841979980e-01 1.400000000000000000e+01
2.744499206542969194e+00 2.216905355453491211e+00 -5.587838888168334961e-01 9.000000000000000000e+00
3.407535076141356978e+00 2.750516414642333984e+00 -5.376875400543212891e-01 1.000000000000000000e+01
4.450117111206054688e+00 3.590791702270507812e+00 -5.002739429473876953e-01 1.100000000000000000e+01
6.425950527191162109e+00 5.181385993957520419e+00 -4.326090216636658270e-01 2.000000000000000000e+00
1.046388339996338068e+01 8.431235313415527344e+00 -2.345603406429291049e-01 2.000000000000000000e+00
1.757980585098267046e+00 1.411433100700377974e+00 -6.040836572647094727e-01 1.900000000000000000e+01
1.994246602058411089e+00 1.599979996681212935e+00 -5.902715921401977539e-01 1.100000000000000000e+01
2.320283889770507812e+00 1.860893368721008079e+00 -5.781512856483459473e-01 1.500000000000000000e+01
2.768405437469481978e+00 2.218704462051392046e+00 -5.619125962257385254e-01 1.000000000000000000e+01
3.414972305297852007e+00 2.734930276870727983e+00 -5.372000932693481445e-01 1.000000000000000000e+01
4.457650184631347656e+00 3.568697214126586914e+00 -4.995767176151276190e-01 9.000000000000000000e+00
6.436440944671630859e+00 5.149188041687011719e+00 -4.319809973239899237e-01 2.000000000000000000e+00
1.053678989410400035e+01 8.423460006713867188e+00 -2.354678660631180087e-01 2.000000000000000000e+00
1.759875416755676047e+00 1.402879595756530984e+00 -6.030483841896057129e-01 1.900000000000000000e+01
2.008965015411376953e+00 1.600294113159179910e+00 -5.929709672927856445e-01 1.100000000000000000e+01
2.319086313247681108e+00 1.846667885780334029e+00 -5.762431621551513672e-01 1.300000000000000000e+01
2.774587631225585938e+00 2.207797288894652876e+00 -5.615997314453125000e-01 1.000000000000000000e+01
3.426052093505858931e+00 2.724228620529174805e+00 -5.374438166618347168e-01 1.000000000000000000e+01
4.468520641326904297e+00 3.551875829696654829e+00 -4.994024038314818781e-01 9.000000000000000000e+00
6.466886997222900391e+00 5.136627197265625000e+00 -4.328183531761168878e-01 2.000000000000000000e+00
1.054420185089110973e+01 8.369223594665527344e+00 -2.349791973829269132e-01 2.000000000000000000e+00
3.767789840698242188e+01 2.989526939392089844e+01 1.288763523101806996e+01 1.400000000000000000e+01
1.752158761024475098e+00 1.387748360633850098e+00 -5.989072918891906738e-01 1.900000000000000000e+01
2.015510559082030806e+00 1.595184206962585005e+00 -5.934208631515502930e-01 1.300000000000000000e+01
2.335654020309447798e+00 1.847900152206420898e+00 -5.789144635200500488e-01 1.400000000000000000e+01
2.783059597015380859e+00 2.200294971466064009e+00 -5.619125962257385254e-01 9.000000000000000000e+00
3.442381620407104048e+00 2.719604969024658203e+00 -5.386624932289123535e-01 1.000000000000000000e+01
4.442131042480468750e+00 3.508183717727661133e+00 -4.952189326286315918e-01 1.300000000000000000e+01
6.479856967926025391e+00 5.113811016082763672e+00 -4.326090216636658270e-01 2.000000000000000000e+00
1.057358264923096058e+01 8.338533401489257812e+00 -2.350490093231200894e-01 2.000000000000000000e+00
3.757833862304688211e+01 2.963500976562500000e+01 1.282344818115234020e+01 1.400000000000000000e+01
1.760029435157776101e+00 1.384012103080749956e+00 -5.999425649642944336e-01 1.700000000000000000e+01
2.021066427230834961e+00 1.588139057159424050e+00 -5.934208631515502930e-01 1.200000000000000000e+01
2.343633890151977983e+00 1.840948700904845969e+00 -5.792961120605468750e-01 1.600000000000000000e+01
2.790723085403441939e+00 2.190567016601562944e+00 -5.619125962257385254e-01 9.000000000000000000e+00
3.451853990554810014e+00 2.707572221755981001e+00 -5.386624932289123535e-01 1.000000000000000000e+01
4.460621356964111328e+00 3.497573852539062944e+00 -4.959161877632141113e-01 1.100000000000000000e+01
6.481946468353270596e+00 5.078842639923095703e+00 -4.315623044967650812e-01 2.000000000000000000e+00
1.062151908874512074e+01 8.316367149353027344e+00 -2.354678660631180087e-01 2.000000000000000000e+00
1.769418001174926980e+00 1.381426453590393066e+00 -6.014954447746276855e-01 1.900000000000000000e+01
2.018915414810181108e+00 1.575081110000609907e+00 -5.911713838577270508e-01 1.100000000000000000e+01
2.353142023086547852e+00 1.835171341896056907e+00 -5.800593495368957520e-01 1.400000000000000000e+01
2.795236349105834961e+00 2.178383588790893999e+00 -5.612868666648864746e-01 9.000000000000000000e+00
3.557121276855468750e+01 2.771138000488280895e+01 5.536524295806884766e+00 3.800000000000000000e+01
3.456585407257080078e+00 2.691847324371337891e+00 -5.379312634468078613e-01 9.000000000000000000e+00
4.477519512176513672e+00 3.485653877258300781e+00 -4.964390993118286133e-01 1.100000000000000000e+01
6.512246608734130859e+00 5.065996170043945312e+00 -4.323996603488922119e-01 2.000000000000000000e+00
1.065679836273193004e+01 8.284149169921875000e+00 -2.356074899435043057e-01 2.000000000000000000e+00
1.778809905052185059e+00 1.378792166709899902e+00 -6.030483841896057129e-01 1.700000000000000000e+01
2.024401187896728960e+00 1.568024158477782981e+00 -5.911713838577270508e-01 1.100000000000000000e+01
2.351772069931029829e+00 1.820936441421509011e+00 -5.781512856483459473e-01 1.300000000000000000e+01
2.809072494506835938e+00 2.173448324203491211e+00 -5.625383257865905762e-01 1.000000000000000000e+01
3.459678888320922852e+00 2.674908399581909180e+00 -5.369563102722167969e-01 9.000000000000000000e+00
4.502270698547363281e+00 3.479750394821166992e+00 -4.978336095809937079e-01 1.100000000000000000e+01
6.548859119415283203e+00 5.057883262634277344e+00 -4.336557388305664062e-01 2.000000000000000000e+00
1.066348838806151988e+01 8.229795455932617188e+00 -2.351188212633132935e-01 2.000000000000000000e+00
1.778779983520508035e+00 1.369350552558898926e+00 -6.014954447746276855e-01 1.900000000000000000e+01
2.035768270492554155e+00 1.566055178642272949e+00 -5.929709672927856445e-01 1.100000000000000000e+01
2.350016117095946822e+00 1.807143807411194070e+00 -5.762431621551513672e-01 1.300000000000000000e+01
2.819397211074829102e+00 2.166528463363647017e+00 -5.631640553474426270e-01 1.000000000000000000e+01
3.471679210662841797e+00 2.665838956832886186e+00 -5.374438166618347168e-01 9.000000000000000000e+00
4.516946315765380859e+00 3.467227458953856978e+00 -4.981822371482849121e-01 9.000000000000000000e+00
6.568765163421630859e+00 5.038569450378417969e+00 -4.338650703430175781e-01 1.000000000000000000e+00
1.069072055816650035e+01 8.194388389587402344e+00 -2.351188212633132935e-01 2.000000000000000000e+00
3.581840515136718750e+01 2.745464515686035156e+01 1.209254360198974965e+01 1.200000000000000000e+01
1.780479311943053977e+00 1.360786914825439009e+00 -6.004601716995239258e-01 1.900000000000000000e+01
2.041222333908081055e+00 1.558939576148987038e+00 -5.929709672927856445e-01 1.100000000000000000e+01
2.362551689147949219e+00 1.803695082664489968e+00 -5.777696371078491211e-01 1.300000000000000000e+01
2.826942682266234907e+00 2.156673669815063032e+00 -5.631640553474426270e-01 1.000000000000000000e+01
3.480963468551636186e+00 2.653704404830933061e+00 -5.374438166618347168e-01 9.000000000000000000e+00
4.540114402770996094e+00 3.459892749786376953e+00 -4.994024038314818781e-01 9.000000000000000000e+00
6.573601245880126953e+00 5.005929470062255859e+00 -4.330277144908905029e-01 2.000000000000000000e+00
1.074153804779052912e+01 8.173974037170410156e+00 -2.356074899435043057e-01 2.000000000000000000e+00
1.783915758132935014e+00 1.353084564208983931e+00 -5.999425649642944336e-01 1.700000000000000000e+01
2.050028562545775923e+00 1.553801894187927024e+00 -5.938707590103149414e-01 1.100000000000000000e+01
2.370711565017700195e+00 1.796209335327147993e+00 -5.781512856483459473e-01 1.200000000000000000e+01
2.825378894805908203e+00 2.139143705368041992e+00 -5.612868666648864746e-01 9.000000000000000000e+00
3.492249488830565962e+00 2.642125844955443892e+00 -5.376875400543212891e-01 9.000000000000000000e+00
4.541641235351563388e+00 3.434816360473632812e+00 -4.981822371482849121e-01 9.000000000000000000e+00
6.595091819763183594e+00 4.984210491180419922e+00 -4.332370460033416748e-01 1.000000000000000000e+00
1.078738212585449041e+01 8.146600723266601562e+00 -2.359565347433089932e-01 2.000000000000000000e+00
3.794289779663085938e+01 2.864397239685058949e+01 1.273855590820313033e+01 1.400000000000000000e+01
1.800974011421204057e+00 1.356145858764647993e+00 -6.040836572647094727e-01 1.800000000000000000e+01
2.044539928436278853e+00 1.538434624671936035e+00 -5.907214879989624023e-01 1.200000000000000000e+01
2.380105018615723100e+00 1.790283322334289995e+00 -5.789144635200500488e-01 1.100000000000000000e+01
2.840723991394042969e+00 2.135202646255493164e+00 -5.628511905670166016e-01 1.000000000000000000e+01
3.503038167953491211e+00 2.631111621856689009e+00 -5.379312634468078613e-01 9.000000000000000000e+00
4.609368324279785156e+00 3.460811614990233931e+00 -5.042831301689147949e-01 9.000000000000000000e+00
6.612449645996093750e+00 4.961159229278563565e+00 -4.332370460033416748e-01 2.000000000000000000e+00
1.081255340576172053e+01 8.106496810913085938e+00 -2.358867228031157892e-01 2.000000000000000000e+00
1.800819993019104004e+00 1.346695303916930930e+00 -6.025307178497314453e-01 1.900000000000000000e+01
2.057435274124145952e+00 1.537478804588318093e+00 -5.929709672927856445e-01 1.200000000000000000e+01
2.389174461364746094e+00 1.784730672836303933e+00 -5.796777009963989258e-01 1.000000000000000000e+01
2.843039989471435991e+00 2.122225761413574219e+00 -5.619125962257385254e-01 9.000000000000000000e+00
3.511744022369385210e+00 2.619480848312377930e+00 -5.379312634468078613e-01 9.000000000000000000e+00
4.606444358825683594e+00 3.434788703918457031e+00 -5.027143359184265137e-01 9.000000000000000000e+00
6.632068157196044922e+00 4.941590785980224609e+00 -4.334463775157927912e-01 1.000000000000000000e+00
1.083296108245849965e+01 8.065819740295410156e+00 -2.357470989227294922e-01 2.000000000000000000e+00
3.216748046875000000e+01 2.394198608398437855e+01 1.074461364746093928e+01 9.000000000000000000e+00
1.807060956954956055e+00 1.341552615165710005e+00 -6.030483841896057129e-01 2.000000000000000000e+01
2.064354658126831055e+00 1.531448721885680930e+00 -5.934208631515502930e-01 1.200000000000000000e+01
2.387504816055297852e+00 1.770532846450806108e+00 -5.777696371078491211e-01 1.100000000000000000e+01
2.855191946029663086e+00 2.115817070007324219e+00 -5.628511905670166016e-01 1.000000000000000000e+01
3.520866394042969194e+00 2.607206583023070845e+00 -5.379312634468078613e-01 9.000000000000000000e+00
4.599189281463623047e+00 3.404463529586791992e+00 -5.006225705146789551e-01 9.000000000000000000e+00
6.649277210235595703e+00 4.918410301208496094e+00 -4.334463775157927912e-01 2.000000000000000000e+00
3.150277900695801137e+01 2.329381752014160156e+01 9.045282363891601562e+00 1.200000000000000000e+01
1.084175205230713068e+01 8.013692855834960938e+00 -2.353282421827316007e-01 2.000000000000000000e+00
3.225085830688477273e+01 2.382955360412598012e+01 1.074461364746093928e+01 1.900000000000000000e+01
1.803957104682921919e+00 1.329506039619446023e+00 -6.004601716995239258e-01 1.900000000000000000e+01
2.072826147079468218e+00 1.526544690132140891e+00 -5.943207144737243652e-01 1.300000000000000000e+01
2.392089605331420898e+00 1.761024236679076926e+00 -5.773880481719970703e-01 1.200000000000000000e+01
2.857786417007445845e+00 2.102326154708861861e+00 -5.619125962257385254e-01 1.100000000000000000e+01
3.542741298675537109e+00 2.604306697845458984e+00 -5.398811697959899902e-01 9.000000000000000000e+00
4.636733531951904297e+00 3.407265424728393999e+00 -5.034115910530090332e-01 9.000000000000000000e+00
6.666405200958251953e+00 4.895170211791992188e+00 -4.334463775157927912e-01 2.000000000000000000e+00
3.154305267333984020e+01 2.315372848510741832e+01 9.033584594726562500e+00 1.200000000000000000e+01
1.089545536041259943e+01 7.994727611541748047e+00 -2.358867228031157892e-01 2.000000000000000000e+00
3.230166625976563211e+01 2.370190429687500000e+01 1.073529624938965021e+01 9.000000000000000000e+00
1.810146093368530051e+00 1.324341535568237083e+00 -6.009778380393981934e-01 1.900000000000000000e+01
2.076569080352783203e+00 1.518149733543395996e+00 -5.938707590103149414e-01 1.100000000000000000e+01
2.407732725143433061e+00 1.759613871574402078e+00 -5.796777009963989258e-01 1.200000000000000000e+01
2.855535984039307085e+00 2.085347652435303178e+00 -5.600354075431823730e-01 1.100000000000000000e+01
3.542189121246337891e+00 2.584903240203856978e+00 -5.384187698364257812e-01 9.000000000000000000e+00
4.568117141723632812e+00 3.332349777221680132e+00 -4.946959912776947021e-01 9.000000000000000000e+00
6.699591636657714844e+00 4.883635520935058594e+00 -4.344930946826934814e-01 2.000000000000000000e+00
3.161738204956055043e+01 2.303889083862305043e+01 9.031785011291503906e+00 1.200000000000000000e+01
1.094269180297851918e+01 7.970775127410888672e+00 -2.363055795431137085e-01 2.000000000000000000e+00
3.226963043212891336e+01 2.349692916870116832e+01 1.069595623016357067e+01 9.000000000000000000e+00
1.824136495590209961e+00 1.324826359748840110e+00 -6.040836572647094727e-01 2.000000000000000000e+01
2.075546979904174805e+00 1.506313443183898926e+00 -5.920711755752563477e-01 1.100000000000000000e+01
2.415449380874633789e+00 1.752351522445678933e+00 -5.800593495368957520e-01 1.200000000000000000e+01
2.870794296264647993e+00 2.081164360046387163e+00 -5.615997314453125000e-01 1.300000000000000000e+01
3.549582958221435991e+00 2.571358442306518999e+00 -5.381750464439392090e-01 1.000000000000000000e+01
4.666862010955811435e+00 3.379486322402954102e+00 -5.041087865829467773e-01 9.000000000000000000e+00
6.693944931030273438e+00 4.843827724456787109e+00 -4.330277144908905029e-01 2.000000000000000000e+00
3.175129508972167969e+01 2.296721839904785156e+01 9.047081947326660156e+00 1.200000000000000000e+01
1.100285720825194957e+01 7.955963611602783203e+00 -2.370036840438843051e-01 2.000000000000000000e+00
3.182450485229491832e+01 2.301171493530273082e+01 1.052306461334229049e+01 9.000000000000000000e+00
1.833451032638550027e+00 1.321840167045593040e+00 -6.056365370750427246e-01 1.900000000000000000e+01
2.083954811096190962e+00 1.501337409019469993e+00 -5.929709672927856445e-01 1.100000000000000000e+01
2.419958353042602983e+00 1.742762088775634988e+00 -5.796777009963989258e-01 1.200000000000000000e+01
2.884454965591431108e+00 2.075746297836304155e+00 -5.628511905670166016e-01 1.400000000000000000e+01
3.561760425567626953e+00 2.561270236968994141e+00 -5.386624932289123535e-01 1.000000000000000000e+01
4.712604045867919922e+00 3.387596607208251953e+00 -5.077693462371826172e-01 9.000000000000000000e+00
6.727033615112304688e+00 4.832083702087402344e+00 -4.340744316577910822e-01 2.000000000000000000e+00
1.101756572723389027e+01 7.908179759979248047e+00 -2.367244362831116000e-01 2.000000000000000000e+00
3.198397445678710938e+01 2.294897460937500000e+01 1.054791164398193004e+01 9.000000000000000000e+00
1.834911942481995073e+00 1.313183665275573953e+00 -6.046012639999389648e-01 1.900000000000000000e+01
2.089182615280150923e+00 1.494053959846497026e+00 -5.929709672927856445e-01 1.200000000000000000e+01
2.426027059555054155e+00 1.734304189682007058e+00 -5.796777009963989258e-01 1.200000000000000000e+01
2.898112535476685014e+00 2.070257902145386186e+00 -5.641027092933654785e-01 1.400000000000000000e+01
3.570679187774658203e+00 2.548821687698363814e+00 -5.386624932289123535e-01 1.000000000000000000e+01
3.151257133483887074e+01 2.249430084228515980e+01 6.132231235504150391e+00 1.400000000000000000e+01
4.724400043487548828e+00 3.371125936508179155e+00 -5.077693462371826172e-01 9.000000000000000000e+00
6.743859767913818359e+00 4.808572769165039062e+00 -4.340744316577910822e-01 2.000000000000000000e+00
3.224411010742188211e+01 2.298252296447753906e+01 9.141560554504394531e+00 1.200000000000000000e+01
1.100601673126221058e+01 7.841824054718017578e+00 -2.358867228031157892e-01 2.000000000000000000e+00
1.828460335731505904e+00 1.298938870429992898e+00 -6.009778380393981934e-01 1.900000000000000000e+01
2.097563266754149947e+00 1.489008307456969993e+00 -5.938707590103149414e-01 1.400000000000000000e+01
2.422459363937377930e+00 1.719008207321166992e+00 -5.773880481719970703e-01 1.200000000000000000e+01
2.908544301986693892e+00 2.062414169311522993e+00 -5.647284388542175293e-01 1.300000000000000000e+01
3.586033344268798828e+00 2.540932893753052202e+00 -5.396374464035034180e-01 1.000000000000000000e+01
3.165606117248535156e+01 2.242203712463378906e+01 6.144120216369628906e+00 1.400000000000000000e+01
4.742641925811767578e+00 3.359220743179320845e+00 -5.084666013717651367e-01 9.000000000000000000e+00
6.767124652862548828e+00 4.789618492126464844e+00 -4.344930946826934814e-01 1.000000000000000000e+00
1.105291461944580078e+01 7.817214488983154297e+00 -2.363055795431137085e-01 2.000000000000000000e+00
3.199512863159180043e+01 2.262029647827148082e+01 1.049925327301025035e+01 9.000000000000000000e+00
1.832757711410522017e+00 1.292868375778198020e+00 -6.009778380393981934e-01 1.800000000000000000e+01
2.107267856597899947e+00 1.485412597656250000e+00 -5.952205061912536621e-01 1.300000000000000000e+01
2.436170816421508789e+00 1.716619849205017090e+00 -5.792961120605468750e-01 1.200000000000000000e+01
2.900830984115601030e+00 2.042522430419921875e+00 -5.619125962257385254e-01 1.100000000000000000e+01
3.253591156005858664e+01 2.290057182312012074e+01 4.885254383087158203e+00 2.100000000000000000e+01
3.596063137054442915e+00 2.530169486999512163e+00 -5.398811697959899902e-01 9.000000000000000000e+00
4.748866558074951172e+00 3.340036392211914062e+00 -5.079436898231506348e-01 8.000000000000000000e+00
6.789506435394287109e+00 4.771745204925537109e+00 -4.349117875099182129e-01 1.000000000000000000e+00
3.144944190979003906e+01 2.209483909606933949e+01 8.873419761657714844e+00 1.200000000000000000e+01
1.110495948791504084e+01 7.798906803131104404e+00 -2.368640601634978970e-01 2.000000000000000000e+00
3.221464157104492188e+01 2.262403488159180043e+01 1.054791164398193004e+01 9.000000000000000000e+00
1.846754431724547896e+00 1.293111324310302956e+00 -6.040836572647094727e-01 2.000000000000000000e+01
2.104456663131713867e+00 1.472461819648742898e+00 -5.929709672927856445e-01 1.400000000000000000e+01
2.451800823211669922e+00 1.714856982231139915e+00 -5.815858244895935059e-01 1.100000000000000000e+01
2.911181211471558061e+00 2.034647464752196822e+00 -5.625383257865905762e-01 1.200000000000000000e+01
3.176295471191405895e+01 2.219112586975098012e+01 4.757535457611083984e+00 2.000000000000000000e+01
3.596735715866088867e+00 2.511918544769287109e+00 -5.386624932289123535e-01 1.000000000000000000e+01
3.185006141662598012e+01 2.223544311523437855e+01 6.152254581451416016e+00 1.400000000000000000e+01
4.771932125091552734e+00 3.331423044204711914e+00 -5.091638565063476562e-01 9.000000000000000000e+00
6.793017387390136719e+00 4.738874435424804688e+00 -4.340744316577910822e-01 2.000000000000000000e+00
3.026679229736328125e+01 2.110655403137207031e+01 8.518896102905273438e+00 1.100000000000000000e+01
1.112555313110351918e+01 7.755521774291992188e+00 -2.367244362831116000e-01 2.000000000000000000e+00
3.251290512084960938e+01 2.265601730346680043e+01 1.061830997467041016e+01 9.000000000000000000e+00
1.851256966590880904e+00 1.286657094955443892e+00 -6.040836572647094727e-01 1.700000000000000000e+01
2.106382369995117188e+00 1.462883710861206055e+00 -5.920711755752563477e-01 1.300000000000000000e+01
2.449708223342895952e+00 1.700690031051635964e+00 -5.796777009963989258e-01 1.100000000000000000e+01
2.929627180099486861e+00 2.032354831695557085e+00 -5.647284388542175293e-01 1.300000000000000000e+01
3.603850603103638139e+00 2.498217344284058061e+00 -5.384187698364257812e-01 9.000000000000000000e+00
4.794995307922363281e+00 3.322689056396483931e+00 -5.103840231895446777e-01 9.000000000000000000e+00
3.153526878356933949e+01 2.184420013427734020e+01 7.456815719604492188e+00 6.200000000000000000e+01
6.806233406066895419e+00 4.712859630584716797e+00 -4.338650703430175781e-01 2.000000000000000000e+00
3.034028244018555043e+01 2.100077438354491832e+01 8.518896102905273438e+00 1.100000000000000000e+01
1.116571331024169922e+01 7.725741386413574219e+00 -2.370036840438843051e-01 2.000000000000000000e+00
3.258785629272460938e+01 2.254807662963866832e+01 1.061830997467041016e+01 9.000000000000000000e+00
1.854146838188170943e+00 1.279090166091918945e+00 -6.035659909248352051e-01 1.900000000000000000e+01
2.114684820175170898e+00 1.457734227180480957e+00 -5.929709672927856445e-01 1.300000000000000000e+01
2.454013347625731978e+00 1.691014647483825906e+00 -5.792961120605468750e-01 1.100000000000000000e+01
2.935076713562012163e+00 2.020995855331420898e+00 -5.644155740737915039e-01 1.200000000000000000e+01
3.615819931030272993e+00 2.487872600555419922e+00 -5.389062166213989258e-01 1.000000000000000000e+01
4.808206081390380859e+00 3.307060241699219194e+00 -5.105583667755126953e-01 8.000000000000000000e+00
6.825934886932373047e+00 4.691335201263427734e+00 -4.340744316577910822e-01 2.000000000000000000e+00
3.045516586303710938e+01 2.092342948913573863e+01 8.530593872070312500e+00 1.100000000000000000e+01
1.116953563690186080e+01 7.670869827270507812e+00 -2.365150153636932095e-01 2.000000000000000000e+00
3.241864013671875000e+01 2.225573158264160156e+01 1.053652286529541016e+01 9.000000000000000000e+00
1.852224349975585938e+00 1.268244504928589089e+00 -6.014954447746276855e-01 1.900000000000000000e+01
2.124585390090941939e+00 1.453644990921020952e+00 -5.943207144737243652e-01 1.500000000000000000e+01
2.456660032272338867e+00 1.680221557617187944e+00 -5.785328745841979980e-01 1.100000000000000000e+01
2.942113399505614790e+00 2.010738134384154829e+00 -5.644155740737915039e-01 1.100000000000000000e+01
3.255088806152343750e+01 2.223802566528319957e+01 4.840406417846679688e+00 2.000000000000000000e+01
3.632678747177124023e+00 2.480833530426024947e+00 -5.401249527931213379e-01 1.000000000000000000e+01
4.808202266693115234e+00 3.282392978668212891e+00 -5.093381404876708984e-01 9.000000000000000000e+00
6.848868846893311435e+00 4.671981811523438388e+00 -4.344930946826934814e-01 2.000000000000000000e+00
3.059241867065430043e+01 2.086091041564941051e+01 8.548589706420898438e+00 1.100000000000000000e+01
1.122598552703857067e+01 7.652107715606688565e+00 -2.371432930231094083e-01 2.000000000000000000e+00
3.258485031127929688e+01 2.221121406555176137e+01 1.056654644012450994e+01 9.000000000000000000e+00
1.859835624694823997e+00 1.263943076133728027e+00 -6.025307178497314453e-01 1.900000000000000000e+01
2.131258726119995117e+00 1.447314739227294922e+00 -5.947706103324890137e-01 1.400000000000000000e+01
2.467383384704589844e+00 1.674944043159485085e+00 -5.796777009963989258e-01 1.200000000000000000e+01
2.940940380096435991e+00 1.994911551475524902e+00 -5.628511905670166016e-01 1.300000000000000000e+01
3.305549240112304688e+01 2.241392326354980113e+01 4.903778553009033203e+00 2.100000000000000000e+01
3.649532318115233931e+00 2.473706960678101030e+00 -5.413436293601989746e-01 9.000000000000000000e+00
3.176117324829101918e+01 2.152819252014160156e+01 6.077166080474854404e+00 1.400000000000000000e+01
4.842722415924072266e+00 3.281235456466674805e+00 -5.117785334587097168e-01 8.000000000000000000e+00
6.871750831604003906e+00 4.652524948120117188e+00 -4.349117875099182129e-01 2.000000000000000000e+00
1.127250289916992010e+01 7.626321315765380859e+00 -2.375621497631072998e-01 2.000000000000000000e+00
1.873845815658568892e+00 1.263924956321716087e+00 -6.056365370750427246e-01 1.900000000000000000e+01
3.220036315917968750e+01 2.171124267578125000e+01 6.778863668441772461e-01 3.200000000000000000e+01
2.123370170593262163e+00 1.431153178215027078e+00 -5.911713838577270508e-01 1.300000000000000000e+01
2.481355905532836914e+00 1.671805977821350098e+00 -5.815858244895935059e-01 1.100000000000000000e+01
2.947885990142821822e+00 1.984633564949036089e+00 -5.628511905670166016e-01 1.000000000000000000e+01
3.654850721359252930e+00 2.458736419677733931e+00 -5.408561229705810547e-01 1.000000000000000000e+01
4.864066600799561435e+00 3.270982265472412109e+00 -5.128244161605834961e-01 9.000000000000000000e+00
6.874687671661376953e+00 4.619598388671875000e+00 -4.340744316577910822e-01 1.000000000000000000e+00
3.224821090698242188e+01 2.166172981262207031e+01 8.968798637390136719e+00 1.200000000000000000e+01
1.128577423095702947e+01 7.578008651733398438e+00 -2.372829169034957886e-01 2.000000000000000000e+00
1.875035643577575906e+00 1.255226969718933105e+00 -6.046012639999389648e-01 1.600000000000000000e+01
2.131592512130736861e+00 1.425899505615233931e+00 -5.920711755752563477e-01 1.100000000000000000e+01
2.477384328842163086e+00 1.656586408615112083e+00 -5.792961120605468750e-01 1.100000000000000000e+01
2.956438302993773970e+00 1.975428819656372070e+00 -5.631640553474426270e-01 1.000000000000000000e+01
3.656807184219359907e+00 2.441554546356201172e+00 -5.398811697959899902e-01 9.000000000000000000e+00
4.873797416687011719e+00 3.252877473831177202e+00 -5.126500725746154785e-01 8.000000000000000000e+00
6.904064178466796875e+00 4.604438304901123047e+00 -4.349117875099182129e-01 2.000000000000000000e+00
3.208041000366210938e+01 2.138688468933105113e+01 8.901312828063964844e+00 1.200000000000000000e+01
1.131215763092041016e+01 7.538567543029785156e+00 -2.372829169034957886e-01 2.000000000000000000e+00
1.881014823913573997e+00 1.249743223190308061e+00 -6.051189303398132324e-01 1.700000000000000000e+01
2.144674301147460938e+00 1.423839449882507102e+00 -5.943207144737243652e-01 1.200000000000000000e+01
2.483151912689208984e+00 1.647928714752197044e+00 -5.792961120605468750e-01 1.200000000000000000e+01
2.971547126770019975e+00 1.970555543899535911e+00 -5.647284388542175293e-01 1.000000000000000000e+01
3.668617248535155806e+00 2.430968046188354048e+00 -5.403686761856079102e-01 1.000000000000000000e+01
3.205444335937500000e+01 2.123246765136719105e+01 6.089680671691895419e+00 1.400000000000000000e+01
4.883461475372313565e+00 3.234744548797606978e+00 -5.124757885932922363e-01 9.000000000000000000e+00
6.930087566375732422e+00 4.586924552917479581e+00 -4.355398416519165039e-01 2.000000000000000000e+00
1.135174655914306996e+01 7.507859706878662109e+00 -2.375621497631072998e-01 2.000000000000000000e+00
3.293690490722656250e+01 2.178393173217773082e+01 1.058104038238525035e+01 9.000000000000000000e+00
1.882140159606934038e+00 1.241042852401732954e+00 -6.040836572647094727e-01 1.700000000000000000e+01
2.148004293441772017e+00 1.415272235870361106e+00 -5.938707590103149414e-01 1.100000000000000000e+01
2.497087001800537109e+00 1.644650220870971902e+00 -5.812041759490966797e-01 1.300000000000000000e+01
2.975107431411743164e+00 1.957998991012573020e+00 -5.641027092933654785e-01 1.100000000000000000e+01
3.502029418945313211e+01 2.303904914855957031e+01 5.147029876708984375e+00 2.800000000000000000e+01
3.683714866638184038e+00 2.422510385513306108e+00 -5.413436293601989746e-01 9.000000000000000000e+00
4.891393184661865234e+00 3.215489625930786133e+00 -5.121271610260009766e-01 8.000000000000000000e+00
6.932702064514160156e+00 4.553934097290039062e+00 -4.347024559974669855e-01 2.000000000000000000e+00
3.241463470458983664e+01 2.128433799743651988e+01 8.952602386474609375e+00 1.200000000000000000e+01
1.138791465759276988e+01 7.474772930145263672e+00 -2.377715855836868009e-01 2.000000000000000000e+00
3.314194869995117188e+01 2.175363349914551137e+01 1.062245082855224965e+01 9.000000000000000000e+00
1.889693737030029075e+00 1.236580967903136985e+00 -6.051189303398132324e-01 1.800000000000000000e+01
2.152931213378905806e+00 1.407765746116637962e+00 -5.938707590103149414e-01 1.000000000000000000e+01
2.502812623977661133e+00 1.635923743247986062e+00 -5.812041759490966797e-01 1.300000000000000000e+01
2.968693017959595171e+00 1.938960313796997070e+00 -5.615997314453125000e-01 1.000000000000000000e+01
3.695473194122314009e+00 2.411806821823120117e+00 -5.418310761451721191e-01 9.000000000000000000e+00
4.904256343841552734e+00 3.199484348297119141e+00 -5.123014450073242188e-01 9.000000000000000000e+00
3.180400657653808949e+01 2.074068260192871094e+01 7.380491733551025391e+00 6.200000000000000000e+01
6.951901912689208984e+00 4.531888008117675781e+00 -4.349117875099182129e-01 2.000000000000000000e+00
3.258343124389647727e+01 2.123276901245116832e+01 8.978696823120117188e+00 1.200000000000000000e+01
1.141393756866455078e+01 7.434976100921630859e+00 -2.377715855836868009e-01 2.000000000000000000e+00
1.895618915557861106e+00 1.231029272079467995e+00 -6.056365370750427246e-01 1.900000000000000000e+01
2.148023843765258789e+00 1.393877267837523970e+00 -5.911713838577270508e-01 1.100000000000000000e+01
2.513449192047119141e+00 1.630382537841797097e+00 -5.823490619659423828e-01 1.400000000000000000e+01
2.985388994216918945e+00 1.935032367706299050e+00 -5.634769201278686523e-01 1.000000000000000000e+01
3.697204828262329102e+00 2.394576072692871094e+00 -5.408561229705810547e-01 9.000000000000000000e+00
3.310412216186522727e+01 2.143241310119628906e+01 6.246115207672119141e+00 1.400000000000000000e+01
4.930447101593017578e+00 3.192091226577758789e+00 -5.138702392578125000e-01 9.000000000000000000e+00
3.088729095458984020e+01 1.998953247070312855e+01 7.151521205902099609e+00 6.100000000000000000e+01
6.974386692047119141e+00 4.511933326721191406e+00 -4.353304803371428888e-01 2.000000000000000000e+00
1.146669101715088068e+01 7.412458419799804688e+00 -2.383300662040709894e-01 2.000000000000000000e+00
3.257958602905272727e+01 2.105249023437500000e+01 1.039365482330322088e+01 8.000000000000000000e+00
1.902723908424376997e+00 1.227162122726439986e+00 -6.066718697547912598e-01 1.900000000000000000e+01
2.158944368362427202e+00 1.391344785690308061e+00 -5.929709672927856445e-01 1.100000000000000000e+01
2.508656024932860884e+00 1.616098880767822044e+00 -5.800593495368957520e-01 1.300000000000000000e+01
2.998097181320189986e+00 1.929920792579651101e+00 -5.647284388542175293e-01 8.000000000000000000e+00
3.704709529876708984e+00 2.382949113845825195e+00 -5.408561229705810547e-01 9.000000000000000000e+00
3.317129135131835938e+01 2.132830810546875000e+01 6.246115207672119141e+00 1.400000000000000000e+01
4.945478439331054688e+00 3.179818630218505859e+00 -5.143932104110717773e-01 9.000000000000000000e+00
3.103251457214355113e+01 1.994547271728515980e+01 7.170601844787597656e+00 6.100000000000000000e+01
6.975084304809570312e+00 4.481363773345947266e+00 -4.344930946826934814e-01 2.000000000000000000e+00
1.152694225311278942e+01 7.400165081024169922e+00 -2.390979677438735962e-01 2.000000000000000000e+00
1.905368804931641069e+00 1.219471573829651101e+00 -6.061542034149169922e-01 2.000000000000000000e+01
2.167071342468262163e+00 1.385900020599365012e+00 -5.938707590103149414e-01 1.000000000000000000e+01
2.515936136245727983e+00 1.608389735221863015e+00 -5.804409384727478027e-01 1.300000000000000000e+01
3.006480455398560014e+00 1.920507192611693892e+00 -5.650413036346435547e-01 7.000000000000000000e+00
3.719697952270507812e+00 2.374274969100952148e+00 -5.418310761451721191e-01 9.000000000000000000e+00
3.141373634338378906e+01 2.004360198974609020e+01 5.901959419250488281e+00 1.300000000000000000e+01
4.943110942840576172e+00 3.153962850570679155e+00 -5.129987001419067383e-01 8.000000000000000000e+00
6.997421264648438388e+00 4.461283683776854581e+00 -4.349117875099182129e-01 2.000000000000000000e+00
3.095283508300780895e+01 1.972672653198241832e+01 8.473906517028808594e+00 1.100000000000000000e+01
1.153921127319335938e+01 7.351287841796875000e+00 -2.388187348842621127e-01 2.000000000000000000e+00
3.269204711914063211e+01 2.082713127136230113e+01 1.038640785217284979e+01 8.000000000000000000e+00
1.904721736907958984e+00 1.209705948829651101e+00 -6.046012639999389648e-01 1.900000000000000000e+01
2.171895980834960938e+00 1.378327131271362083e+00 -5.938707590103149414e-01 1.000000000000000000e+01
2.523193120956420898e+00 1.600649356842041016e+00 -5.808225870132446289e-01 1.400000000000000000e+01
3.016502857208251953e+00 1.912116050720215066e+00 -5.656670331954956055e-01 7.000000000000000000e+00
3.603634643554688211e+01 2.283408546447753906e+01 5.238188266754150391e+00 3.000000000000000000e+01
3.736348152160644975e+00 2.366587400436400923e+00 -5.430498123168945312e-01 1.000000000000000000e+01
4.935573577880859375e+00 3.124964952468872070e+00 -5.110812783241271973e-01 9.000000000000000000e+00
7.033205032348632812e+00 4.449644565582275391e+00 -4.361678659915924072e-01 2.000000000000000000e+00
3.116314888000487926e+01 1.970813941955566051e+01 8.512598037719726562e+00 1.100000000000000000e+01
1.153775691986083984e+01 7.293867111206054688e+00 -2.382602542638778964e-01 2.000000000000000000e+00
3.260485458374022727e+01 2.060396957397460938e+01 1.033464431762694957e+01 8.000000000000000000e+00
1.912201404571532981e+00 1.205109953880310059e+00 -6.056365370750427246e-01 1.900000000000000000e+01
2.179991960525513139e+00 1.372814178466797097e+00 -5.947706103324890137e-01 1.200000000000000000e+01
2.532087802886962891e+00 1.593923687934875044e+00 -5.815858244895935059e-01 1.400000000000000000e+01
2.993061065673828125e+00 1.882643222808837891e+00 -5.600354075431823730e-01 9.000000000000000000e+00
3.150115203857421875e+01 1.980663490295410156e+01 4.568881511688232422e+00 1.900000000000000000e+01
3.746266841888428178e+00 2.354587078094481978e+00 -5.432935357093811035e-01 1.000000000000000000e+01
4.958261013031005859e+00 3.115137100219727007e+00 -5.123014450073242188e-01 8.000000000000000000e+00
7.038545131683349609e+00 4.418695449829101562e+00 -4.355398416519165039e-01 2.000000000000000000e+00
3.103367805480957031e+01 1.947493743896484020e+01 8.458609580993652344e+00 1.100000000000000000e+01
1.160380268096924006e+01 7.279051780700683594e+00 -2.390979677438735962e-01 2.000000000000000000e+00
3.241470718383789062e+01 2.032582283020019887e+01 1.025182247161865057e+01 8.000000000000000000e+00
1.921310305595397949e+00 1.201500654220581055e+00 -6.071894764900207520e-01 1.700000000000000000e+01
2.174854993820189986e+00 1.359000205993651900e+00 -5.920711755752563477e-01 1.100000000000000000e+01
2.535971164703369141e+00 1.584035277366637962e+00 -5.812041759490966797e-01 1.300000000000000000e+01
3.019723653793334961e+00 1.884734988212585005e+00 -5.637897849082946777e-01 1.100000000000000000e+01
3.164757156372069957e+01 1.974489021301269887e+01 4.580093860626220703e+00 1.900000000000000000e+01
3.747725725173950195e+00 2.337293863296508789e+00 -5.423185825347900391e-01 9.000000000000000000e+00
3.135028457641601918e+01 1.955181312561035156e+01 5.851900577545166016e+00 1.300000000000000000e+01
4.974176883697509766e+00 3.100972652435303178e+00 -5.128244161605834961e-01 9.000000000000000000e+00
3.095140457153319957e+01 1.928804397583008168e+01 7.088935852050781250e+00 6.100000000000000000e+01
7.064097881317138672e+00 4.400435447692871094e+00 -4.361678659915924072e-01 2.000000000000000000e+00
3.115771293640137074e+01 1.940151405334473012e+01 8.473906517028808594e+00 1.100000000000000000e+01
1.166309452056884943e+01 7.259636878967285156e+00 -2.397960573434829989e-01 2.000000000000000000e+00
3.274790191650391336e+01 2.037584304809569957e+01 1.033464431762694957e+01 8.000000000000000000e+00
1.928775548934936968e+00 1.196823835372925027e+00 -6.082247495651245117e-01 2.000000000000000000e+01
2.189522743225098100e+00 1.357561707496643066e+00 -5.947706103324890137e-01 1.000000000000000000e+01
2.546491146087646040e+00 1.578276276588439941e+00 -5.823490619659423828e-01 1.400000000000000000e+01
3.033001899719237837e+00 1.878342986106873003e+00 -5.650413036346435547e-01 1.200000000000000000e+01
3.165553855895996094e+01 1.959668350219726918e+01 4.571319103240966797e+00 1.900000000000000000e+01
3.749109506607056108e+00 2.320019245147705078e+00 -5.413436293601989746e-01 9.000000000000000000e+00
5.006998538970947266e+00 3.097216367721558061e+00 -5.150904655456542969e-01 8.000000000000000000e+00
3.095842933654785156e+01 1.914271545410155895e+01 7.075197696685791016e+00 6.100000000000000000e+01
7.072619438171386719e+00 4.371550083160400391e+00 -4.357491731643676758e-01 2.000000000000000000e+00
3.122524642944335938e+01 1.929263496398926137e+01 8.473906517028808594e+00 1.100000000000000000e+01
1.166114234924316051e+01 7.202068328857421875e+00 -2.392375916242598932e-01 2.000000000000000000e+00
3.269060897827147727e+01 2.018225097656250000e+01 1.029426860809325994e+01 8.000000000000000000e+00
1.938084959983825906e+00 1.192784190177917036e+00 -6.097776889801025391e-01 2.100000000000000000e+01
2.197803735733031782e+00 1.351569175720215066e+00 -5.956704020500183105e-01 1.100000000000000000e+01
2.545568704605102983e+00 1.564819693565369096e+00 -5.808225870132446289e-01 1.300000000000000000e+01
3.044915437698363814e+00 1.870315551757812944e+00 -5.659798979759216309e-01 1.200000000000000000e+01
3.189631843566894887e+01 1.958439636230469105e+01 4.595693111419677734e+00 1.900000000000000000e+01
3.764354944229125977e+00 2.310416221618651900e+00 -5.423185825347900391e-01 9.000000000000000000e+00
3.142204856872558949e+01 1.928564262390137074e+01 5.839385509490966797e+00 1.300000000000000000e+01
5.001334190368652344e+00 3.068424701690673828e+00 -5.133473277091979980e-01 6.000000000000000000e+00
7.078378200531005859e+00 4.339334964752197266e+00 -4.351211488246917725e-01 2.000000000000000000e+00
3.143864440917969105e+01 1.926562500000000000e+01 8.512598037719726562e+00 1.100000000000000000e+01
1.171474456787109020e+01 7.175992488861083984e+00 -2.397960573434829989e-01 2.000000000000000000e+00
3.272461700439453125e+01 2.004581642150878906e+01 1.028288078308104936e+01 8.000000000000000000e+00
1.929046630859375000e+00 1.177957296371459961e+00 -6.056365370750427246e-01 2.100000000000000000e+01
2.197517633438109907e+00 1.340844154357909934e+00 -5.943207144737243652e-01 1.200000000000000000e+01
2.552691698074340820e+00 1.556946754455565962e+00 -5.812041759490966797e-01 1.300000000000000000e+01
3.046365261077880859e+00 1.856591343879699929e+00 -5.650413036346435547e-01 1.200000000000000000e+01
3.777483224868773970e+00 2.300359487533568892e+00 -5.430498123168945312e-01 1.000000000000000000e+01
5.000101566314697266e+00 3.043696403503417969e+00 -5.121271610260009766e-01 9.000000000000000000e+00
7.120784282684326172e+00 4.331207275390625000e+00 -4.367958903312683105e-01 2.000000000000000000e+00
3.175214004516601918e+01 1.930560302734375000e+01 8.579183578491210938e+00 1.100000000000000000e+01
1.174997520446776988e+01 7.141288280487061435e+00 -2.400054931640625000e-01 2.000000000000000000e+00
3.700141143798828125e+01 2.247952461242676137e+01 1.160078716278075994e+01 1.100000000000000000e+01
1.932942271232604980e+00 1.171553850173949973e+00 -6.056365370750427246e-01 2.100000000000000000e+01
2.206952571868896040e+00 1.336578011512755904e+00 -5.956704020500183105e-01 1.200000000000000000e+01
2.567917346954346147e+00 1.554573535919189009e+00 -5.834938883781433105e-01 1.300000000000000000e+01
3.042363882064818892e+00 1.840344548225403054e+00 -5.631640553474426270e-01 1.100000000000000000e+01
3.406731796264647727e+01 2.059940910339355113e+01 4.888179302215576172e+00 2.100000000000000000e+01
3.790187358856201172e+00 2.290900707244873047e+00 -5.437809824943542480e-01 9.000000000000000000e+00
5.013577938079833984e+00 3.029159307479857954e+00 -5.124757885932922363e-01 9.000000000000000000e+00
7.128268718719482422e+00 4.303441047668457031e+00 -4.363771975040435791e-01 2.000000000000000000e+00
3.181264686584473012e+01 1.919818878173828125e+01 8.578283309936523438e+00 1.100000000000000000e+01
1.179071426391601918e+01 7.112613677978515625e+00 -2.403545379638671875e-01 2.000000000000000000e+00
3.349220275878906250e+01 2.020378875732421875e+01 1.048061847686767933e+01 9.000000000000000000e+00
1.950264573097229004e+00 1.172763943672179954e+00 -6.097776889801025391e-01 2.000000000000000000e+01
2.201582431793212891e+00 1.322844147682189941e+00 -5.929709672927856445e-01 1.100000000000000000e+01
2.576694250106811968e+00 1.547622084617614968e+00 -5.842571258544921875e-01 1.300000000000000000e+01
3.058932065963745117e+00 1.835812568664551003e+00 -5.650413036346435547e-01 1.100000000000000000e+01
3.407773590087891336e+01 2.044360160827637074e+01 4.879404544830322266e+00 2.100000000000000000e+01
3.799863338470458984e+00 2.278677463531494141e+00 -5.440247654914855957e-01 1.000000000000000000e+01
3.162228012084960938e+01 1.895554161071776988e+01 5.839385509490966797e+00 1.300000000000000000e+01
5.030956745147705078e+00 3.015737771987915039e+00 -5.131729841232299805e-01 9.000000000000000000e+00
7.139820098876953125e+00 4.276479721069335938e+00 -4.361678659915924072e-01 2.000000000000000000e+00
1.184635543823242010e+01 7.089897632598876953e+00 -2.409828305244446078e-01 2.000000000000000000e+00
3.367544555664063211e+01 2.014635658264160156e+01 1.051478290557860973e+01 9.000000000000000000e+00
1.952687382698059082e+00 1.164959311485290971e+00 -6.092600226402282715e-01 2.100000000000000000e+01
2.206186532974243164e+00 1.315151095390320046e+00 -5.929709672927856445e-01 1.400000000000000000e+01
2.571961641311645952e+00 1.532588481903075950e+00 -5.819674134254455566e-01 1.300000000000000000e+01
3.073807954788208008e+00 1.830176591873168945e+00 -5.666056275367736816e-01 1.200000000000000000e+01
3.397830581665039062e+01 2.022299766540526988e+01 4.855031013488770419e+00 2.000000000000000000e+01
3.802676439285277876e+00 2.262354612350463867e+00 -5.432935357093811035e-01 9.000000000000000000e+00
3.182077789306640980e+01 1.893137359619140980e+01 5.864415168762207031e+00 1.300000000000000000e+01
5.041452884674072266e+00 2.998157978057860884e+00 -5.131729841232299805e-01 9.000000000000000000e+00
7.147836685180664062e+00 4.247449874877929688e+00 -4.357491731643676758e-01 1.000000000000000000e+00
3.234465789794921875e+01 1.921248817443848012e+01 8.685359954833984375e+00 1.100000000000000000e+01
1.186071491241455078e+01 7.042377471923828125e+00 -2.407733947038651068e-01 2.000000000000000000e+00
3.378857803344727273e+01 2.006218910217285156e+01 1.052927684783936080e+01 9.000000000000000000e+00
1.956741929054260032e+00 1.158136129379272017e+00 -6.092600226402282715e-01 2.100000000000000000e+01
2.219150543212891069e+00 1.312402009963989036e+00 -5.952205061912536621e-01 1.300000000000000000e+01
2.572225570678710938e+00 1.520604014396667036e+00 -5.808225870132446289e-01 1.400000000000000000e+01
3.085280179977416992e+00 1.822449803352355957e+00 -5.675442218780517578e-01 1.100000000000000000e+01
3.188806343078612926e+01 1.882851219177246094e+01 4.546945095062255859e+00 1.900000000000000000e+01
3.803712129592895952e+00 2.245031118392943892e+00 -5.423185825347900391e-01 1.000000000000000000e+01
3.186273002624512074e+01 1.879855728149414062e+01 5.859409332275390625e+00 1.300000000000000000e+01
5.046739578247070312e+00 2.977504491806029829e+00 -5.126500725746154785e-01 9.000000000000000000e+00
3.324654006958007812e+01 1.960716438293457031e+01 7.502609729766845703e+00 6.300000000000000000e+01
7.166060447692871094e+00 4.224502086639404297e+00 -4.359585046768187921e-01 2.000000000000000000e+00
1.189900970458984020e+01 7.009052276611328125e+00 -2.410526424646378119e-01 2.000000000000000000e+00
3.730783462524414062e+01 2.196722412109375000e+01 1.160078716278075994e+01 1.100000000000000000e+01
1.954309225082397017e+00 1.147045016288757102e+00 -6.071894764900207520e-01 2.200000000000000000e+01
2.230669975280762163e+00 1.308202981948852983e+00 -5.970200896263122559e-01 1.200000000000000000e+01
2.579475164413452148e+00 1.512159109115601030e+00 -5.812041759490966797e-01 1.300000000000000000e+01
3.085121154785155806e+00 1.807135820388793945e+00 -5.662927627563476562e-01 1.100000000000000000e+01
3.192259788513183949e+01 1.869144821166991832e+01 4.542070388793945312e+00 1.900000000000000000e+01
3.825620889663695845e+00 2.239096641540526900e+00 -5.442684888839721680e-01 1.000000000000000000e+01
3.177471923828125000e+01 1.859741592407226918e+01 5.831251144409179688e+00 1.300000000000000000e+01
5.054179191589354581e+00 2.956974983215332031e+00 -5.123014450073242188e-01 1.100000000000000000e+01
7.212532520294188565e+00 4.216352462768554688e+00 -4.378426074981688898e-01 2.000000000000000000e+00
3.362543487548828125e+01 1.964911651611328125e+01 8.991293907165527344e+00 1.200000000000000000e+01
1.191425895690917969e+01 6.959341526031494141e+00 -2.408432066440581998e-01 2.000000000000000000e+00
3.538587570190429688e+01 2.066955184936523082e+01 1.098065662384033025e+01 1.000000000000000000e+01
1.961640238761902078e+00 1.142160296440124956e+00 -6.082247495651245117e-01 2.100000000000000000e+01
2.231853961944580078e+00 1.298448562622070090e+00 -5.961202979087829590e-01 1.300000000000000000e+01
2.591526508331298828e+00 1.507093667984009011e+00 -5.827306509017944336e-01 1.200000000000000000e+01
3.079454660415648970e+00 1.789408445358275923e+00 -5.641027092933654785e-01 1.000000000000000000e+01
3.247514343261718750e+01 1.886306571960448863e+01 4.611292362213134766e+00 1.900000000000000000e+01
3.852297306060791016e+00 2.236693143844604048e+00 -5.469496250152587891e-01 1.000000000000000000e+01
5.067916870117188388e+00 2.941314935684204102e+00 -5.126500725746154785e-01 1.100000000000000000e+01
7.216839790344238281e+00 4.185138702392578125e+00 -4.372145831584929865e-01 1.000000000000000000e+00
1.196270179748534979e+01 6.931746482849121094e+00 -2.413318753242492953e-01 2.000000000000000000e+00
3.729690170288085938e+01 2.160286903381348012e+01 1.154902362823485973e+01 1.100000000000000000e+01
1.967288017272948997e+00 1.136272192001342995e+00 -6.087424159049987793e-01 2.000000000000000000e+01
2.231309175491333008e+00 1.287727832794189009e+00 -5.947706103324890137e-01 1.200000000000000000e+01
2.598472118377685991e+00 1.499019384384155051e+00 -5.831122994422912598e-01 1.100000000000000000e+01
3.099373579025268999e+00 1.786540269851685014e+00 -5.666056275367736816e-01 1.100000000000000000e+01
3.225870895385742188e+01 1.858705902099609020e+01 4.571319103240966797e+00 1.900000000000000000e+01
3.839439153671265093e+00 2.211343526840209961e+00 -5.440247654914855957e-01 1.000000000000000000e+01
5.079879760742188388e+00 2.924600839614868164e+00 -5.128244161605834961e-01 9.000000000000000000e+00
7.231404304504395419e+00 4.159921646118164062e+00 -4.372145831584929865e-01 1.000000000000000000e+00
3.285629272460938211e+01 1.889320755004883168e+01 8.750145912170410156e+00 1.100000000000000000e+01
1.196948814392090021e+01 6.879981517791748047e+00 -2.409828305244446078e-01 2.000000000000000000e+00
3.374053573608397727e+01 1.939383506774901988e+01 1.042781925201416016e+01 8.000000000000000000e+00
1.971242427825927956e+00 1.129398107528686968e+00 -6.087424159049987793e-01 2.000000000000000000e+01
2.239173173904418945e+00 1.281867623329163042e+00 -5.956704020500183105e-01 1.100000000000000000e+01
2.595168828964232954e+00 1.485064387321471946e+00 -5.812041759490966797e-01 1.000000000000000000e+01
3.110735416412353960e+00 1.778652071952820046e+00 -5.675442218780517578e-01 9.000000000000000000e+00
3.236820602416992188e+01 1.849995231628417969e+01 4.577656269073486328e+00 1.900000000000000000e+01
3.836792945861815962e+00 2.192019462585449219e+00 -5.425623059272766113e-01 1.000000000000000000e+01
5.102168560028076172e+00 2.913767099380493164e+00 -5.140445828437805176e-01 8.000000000000000000e+00
7.245881080627441406e+00 4.134654045104979581e+00 -4.372145831584929865e-01 1.000000000000000000e+00
3.354497146606445312e+01 1.913371276855469105e+01 8.915710449218750000e+00 1.200000000000000000e+01
1.198648262023925959e+01 6.834196567535400391e+00 -2.408432066440581998e-01 5.000000000000000000e+00
3.380803680419921875e+01 1.926812553405762074e+01 1.042678451538085938e+01 8.000000000000000000e+00
1.976459980010986106e+00 1.124154806137084961e+00 -6.092600226402282715e-01 2.100000000000000000e+01
2.239800691604613814e+00 1.272900938987731934e+00 -5.947706103324890137e-01 1.100000000000000000e+01
2.598114490509033203e+00 1.475934386253356934e+00 -5.808225870132446289e-01 1.100000000000000000e+01
3.124897480010985884e+00 1.773746252059936968e+00 -5.691086053848266602e-01 1.000000000000000000e+01
3.857474088668822798e+00 2.187789678573607954e+00 -5.445122122764587402e-01 1.000000000000000000e+01
5.093965053558349609e+00 2.887897729873656782e+00 -5.123014450073242188e-01 9.000000000000000000e+00
7.279688835144042969e+00 4.123682975769042969e+00 -4.384706318378447931e-01 1.000000000000000000e+00
3.372022628784179688e+01 1.909352874755859020e+01 8.946303367614746094e+00 1.200000000000000000e+01
1.200441265106200994e+01 6.794536113739013672e+00 -2.407733947038651068e-01 2.000000000000000000e+00
3.729140853881835938e+01 2.110705566406250000e+01 1.148173046112061080e+01 1.100000000000000000e+01
1.973641753196716087e+00 1.113451838493346946e+00 -6.071894764900207520e-01 2.200000000000000000e+01
2.249323129653931108e+00 1.267945647239685059e+00 -5.961202979087829590e-01 1.200000000000000000e+01
2.603250503540039062e+00 1.466856360435486062e+00 -5.808225870132446289e-01 1.200000000000000000e+01
3.122463226318358931e+00 1.757981896400452104e+00 -5.675442218780517578e-01 9.000000000000000000e+00
3.873738050460814986e+00 2.179177522659302202e+00 -5.457309484481811523e-01 1.000000000000000000e+01
5.116170883178710938e+00 2.876934766769409180e+00 -5.135216116905212402e-01 9.000000000000000000e+00
7.283591270446777344e+00 4.092376708984375000e+00 -4.378426074981688898e-01 1.000000000000000000e+00
1.205595588684082031e+01 6.768254280090332031e+00 -2.413318753242492953e-01 2.000000000000000000e+00
3.259423065185546875e+01 1.829850959777832031e+01 1.001577949523925959e+01 1.600000000000000000e+01
1.979202270507812944e+00 1.107499122619628906e+00 -6.077071428298950195e-01 2.000000000000000000e+01
2.262239933013916016e+00 1.264841437339782937e+00 -5.983697772026062012e-01 1.400000000000000000e+01
2.622065067291260210e+00 1.465422630310059038e+00 -5.838755369186401367e-01 1.200000000000000000e+01
3.125131368637084961e+00 1.745145559310913086e+00 -5.669184923171997070e-01 9.000000000000000000e+00
3.867453098297119141e+00 2.157904624938964844e+00 -5.437809824943542480e-01 9.000000000000000000e+00
3.245772933959960938e+01 1.810285758972167969e+01 5.886315822601318359e+00 1.300000000000000000e+01
5.127922058105468750e+00 2.860028982162476030e+00 -5.136959552764892578e-01 9.000000000000000000e+00
7.304810523986816406e+00 4.070816516876220703e+00 -4.382613003253936768e-01 2.000000000000000000e+00
3.368246078491210938e+01 1.876281929016112926e+01 8.901312828063964844e+00 1.200000000000000000e+01
1.207950878143311080e+01 6.726129531860351562e+00 -2.413318753242492953e-01 2.000000000000000000e+00
3.264777755737304688e+01 1.817898559570312855e+01 1.001267337799072088e+01 8.000000000000000000e+00
1.986434459686279075e+00 1.102458596229553001e+00 -6.087424159049987793e-01 2.000000000000000000e+01
2.242781877517700195e+00 1.243706107139586958e+00 -5.920711755752563477e-01 1.200000000000000000e+01
2.630598783493041992e+00 1.458164691925049050e+00 -5.846387743949890137e-01 1.200000000000000000e+01
3.134660243988037109e+00 1.736140370368957964e+00 -5.675442218780517578e-01 1.000000000000000000e+01
3.271777725219727273e+01 1.811337089538573863e+01 4.591793060302734375e+00 1.900000000000000000e+01
3.888857126235961914e+00 2.152081012725830078e+00 -5.457309484481811523e-01 9.000000000000000000e+00
5.158795356750488281e+00 2.853684663772583008e+00 -5.157876610755920410e-01 8.000000000000000000e+00
7.318975925445556641e+00 4.045293331146240234e+00 -4.382613003253936768e-01 2.000000000000000000e+00
3.357717514038085938e+01 1.855089378356933949e+01 8.856323242187500000e+00 1.200000000000000000e+01
1.212391948699950994e+01 6.695524215698242188e+00 -2.417507320642471036e-01 2.000000000000000000e+00
3.269389343261718750e+01 1.804799842834473012e+01 1.000646209716797053e+01 8.000000000000000000e+00
1.995156049728393999e+00 1.098660945892333984e+00 -6.102952957153320312e-01 1.900000000000000000e+01
2.263967514038085938e+00 1.245656013488769975e+00 -5.965701937675476074e-01 1.100000000000000000e+01
2.631979227066040039e+00 1.447540998458862083e+00 -5.838755369186401367e-01 1.300000000000000000e+01
3.140400171279906782e+00 1.725735902786255105e+00 -5.675442218780517578e-01 1.000000000000000000e+01
3.281594085693358664e+01 1.802580070495605113e+01 4.597155570983886719e+00 1.900000000000000000e+01
3.887272119522095171e+00 2.134396076202393022e+00 -5.445122122764587402e-01 1.000000000000000000e+01
5.169976711273193359e+00 2.837520360946654829e+00 -5.159620046615600586e-01 9.000000000000000000e+00
3.277236557006835938e+01 1.797953414916991832e+01 7.266006469726563388e+00 6.200000000000000000e+01
7.332350254058837891e+00 4.021000385284423828e+00 -4.382613003253936768e-01 2.000000000000000000e+00
3.350863647460938211e+01 1.836825370788573863e+01 8.822130203247070312e+00 1.200000000000000000e+01
1.217411518096924006e+01 6.670657634735107422e+00 -2.423092126846312921e-01 2.000000000000000000e+00
3.293001556396483664e+01 1.804360008239746094e+01 1.006133174896240057e+01 8.000000000000000000e+00
2.004065513610839844e+00 1.094467639923095925e+00 -6.118482351303100586e-01 2.000000000000000000e+01
2.275144338607788086e+00 1.241479516029357910e+00 -5.983697772026062012e-01 1.300000000000000000e+01
2.628398180007935014e+00 1.433644413948059082e+00 -5.819674134254455566e-01 1.300000000000000000e+01
3.162015676498413086e+00 1.723271012306212935e+00 -5.703600645065307617e-01 1.100000000000000000e+01
3.906902313232421875e+00 2.127459287643433061e+00 -5.462183952331542969e-01 9.000000000000000000e+00
3.572378921508789062e+01 1.944490242004394887e+01 6.441971302032470703e+00 1.400000000000000000e+01
5.188600063323974609e+00 2.824219226837158203e+00 -5.168335437774658203e-01 1.100000000000000000e+01
7.339323043823242188e+00 3.991564273834228960e+00 -4.378426074981688898e-01 2.000000000000000000e+00
1.219732570648193004e+01 6.628121376037597656e+00 -2.423092126846312921e-01 2.000000000000000000e+00
3.284342575073242188e+01 1.784737205505371094e+01 1.001577949523925959e+01 8.000000000000000000e+00
1.994472503662108931e+00 1.079757213592529075e+00 -6.077071428298950195e-01 1.800000000000000000e+01
2.286535501480102983e+00 1.236840963363647017e+00 -6.001694202423095703e-01 1.200000000000000000e+01
2.643996953964232954e+00 1.429603815078734907e+00 -5.842571258544921875e-01 1.300000000000000000e+01
3.157882690429687944e+00 1.706036448478698953e+00 -5.684828162193298340e-01 1.000000000000000000e+01
3.601125335693358664e+01 1.944685173034667969e+01 5.025160312652587891e+00 2.500000000000000000e+01
3.898952007293701172e+00 2.104639053344727007e+00 -5.440247654914855957e-01 1.000000000000000000e+01
3.470327758789063211e+01 1.873269271850585938e+01 6.246115207672119141e+00 1.400000000000000000e+01
5.184888839721679688e+00 2.797614336013793945e+00 -5.154390335083007812e-01 1.100000000000000000e+01
7.382032394409179688e+00 3.979802131652832031e+00 -4.395173490047454834e-01 1.000000000000000000e+00
3.481948089599608664e+01 1.876403999328612926e+01 9.131663322448730469e+00 1.200000000000000000e+01
1.220393180847167969e+01 6.573887825012207031e+00 -2.419601678848266879e-01 2.000000000000000000e+00
3.271813201904296875e+01 1.762426567077637074e+01 9.957803726196289062e+00 8.000000000000000000e+00
1.998229384422302024e+00 1.072788596153259055e+00 -6.077071428298950195e-01 1.700000000000000000e+01
2.280535459518433061e+00 1.223324894905090110e+00 -5.974699854850769043e-01 1.200000000000000000e+01
2.648971080780028853e+00 1.420365929603577104e+00 -5.842571258544921875e-01 1.300000000000000000e+01
3.165559768676757812e+00 1.695935845375061035e+00 -5.687957406044006348e-01 9.000000000000000000e+00
3.930776596069335938e+00 2.104132175445557085e+00 -5.474370718002319336e-01 1.000000000000000000e+01
3.485878753662108664e+01 1.865196990966796875e+01 6.261758804321289062e+00 1.400000000000000000e+01
5.192866325378417969e+00 2.778558492660522017e+00 -5.152647495269775391e-01 1.100000000000000000e+01
7.378266334533691406e+00 3.944593191146851030e+00 -4.384706318378447931e-01 1.000000000000000000e+00
1.226913642883300959e+01 6.553860664367675781e+00 -2.427978813648223877e-01 2.000000000000000000e+00
2.012193441390991211e+00 1.071254014968872070e+00 -6.108129620552062988e-01 1.800000000000000000e+01
2.284791707992554155e+00 1.215356826782227007e+00 -5.974699854850769043e-01 1.100000000000000000e+01
2.655646562576293945e+00 1.412032246589661089e+00 -5.846387743949890137e-01 1.200000000000000000e+01
3.169715881347655806e+00 1.683948874473571999e+00 -5.684828162193298340e-01 1.000000000000000000e+01
3.939850807189940962e+00 2.091329097747803178e+00 -5.476808547973632812e-01 1.000000000000000000e+01
5.204293251037597656e+00 2.761348962783813032e+00 -5.154390335083007812e-01 1.300000000000000000e+01
3.284981918334960938e+01 1.742245674133301137e+01 7.227844715118408203e+00 6.100000000000000000e+01
7.406107425689697266e+00 3.926298379898070845e+00 -4.393080174922943115e-01 2.000000000000000000e+00
1.230607509613036932e+01 6.518481731414794922e+00 -2.430771142244338989e-01 2.000000000000000000e+00
3.348567581176757812e+01 1.773723602294921875e+01 1.015347099304199041e+01 8.000000000000000000e+00
2.021045684814453125e+00 1.066929340362549050e+00 -6.123658418655395508e-01 1.900000000000000000e+01
2.294191122055054155e+00 1.210101604461669922e+00 -5.988197326660156250e-01 1.200000000000000000e+01
2.664032459259033203e+00 1.404585003852844016e+00 -5.854020118713378906e-01 1.200000000000000000e+01
3.182565450668334961e+00 1.676556944847106934e+00 -5.697343349456787109e-01 1.000000000000000000e+01
3.726679992675781250e+01 1.962362480163573863e+01 5.171403884887695312e+00 2.800000000000000000e+01
3.927804231643677202e+00 2.067393064498900923e+00 -5.449997186660766602e-01 1.000000000000000000e+01
5.220953464508056641e+00 2.746876478195189986e+00 -5.161362886428833008e-01 1.700000000000000000e+01
7.423303127288818359e+00 3.902280807495117188e+00 -4.395173490047454834e-01 1.000000000000000000e+00
1.230751037597656072e+01 6.464327812194824219e+00 -2.426582574844360074e-01 2.000000000000000000e+00
3.354738616943358664e+01 1.762024116516112926e+01 1.015347099304199041e+01 8.000000000000000000e+00
2.016015768051147017e+00 1.055740356445312944e+00 -6.097776889801025391e-01 1.900000000000000000e+01
2.298191308975220171e+00 1.202487111091613992e+00 -5.988197326660156250e-01 1.300000000000000000e+01
2.656497955322266069e+00 1.389373898506164995e+00 -5.827306509017944336e-01 1.300000000000000000e+01
3.198612213134766069e+00 1.671483278274535911e+00 -5.716115236282348633e-01 1.000000000000000000e+01
3.945196390151977983e+00 2.059869289398192915e+00 -5.464621186256408691e-01 1.000000000000000000e+01
3.360293579101563211e+01 1.754479217529296875e+01 6.003954887390136719e+00 1.300000000000000000e+01
5.215903282165527344e+00 2.722173452377318892e+00 -5.147418379783630371e-01 1.700000000000000000e+01
7.418493270874023438e+00 3.868408203125000000e+00 -4.384706318378447931e-01 1.000000000000000000e+00
1.232533168792724965e+01 6.421630859375000000e+00 -2.425884455442428866e-01 2.000000000000000000e+00
3.343734359741210938e+01 1.741379737854003906e+01 1.010170745849609020e+01 8.000000000000000000e+00
2.014545202255249023e+00 1.046025991439818892e+00 -6.082247495651245117e-01 1.600000000000000000e+01
2.307564258575439009e+00 1.197149872779845969e+00 -6.001694202423095703e-01 1.200000000000000000e+01
2.654360055923461914e+00 1.376477360725403054e+00 -5.812041759490966797e-01 1.200000000000000000e+01
3.193903684616088867e+00 1.654855251312256081e+00 -5.697343349456787109e-01 1.000000000000000000e+01
3.968228340148925781e+00 2.054298877716064009e+00 -5.486558079719543457e-01 1.100000000000000000e+01
3.369508361816406250e+01 1.743603897094726918e+01 6.008960723876953125e+00 1.300000000000000000e+01
5.216526031494140625e+00 2.699371814727783203e+00 -5.138702392578125000e-01 1.100000000000000000e+01
7.439048290252686435e+00 3.846158504486083984e+00 -4.388893246650695801e-01 2.000000000000000000e+00
3.407898330688477273e+01 1.761207771301269887e+01 8.856323242187500000e+00 1.200000000000000000e+01
1.232990646362305043e+01 6.369390487670898438e+00 -2.422394007444381991e-01 2.000000000000000000e+00
2.021437644958496094e+00 1.041108846664428933e+00 -6.092600226402282715e-01 1.600000000000000000e+01
2.318452596664429155e+00 1.193057775497436968e+00 -6.019690036773681641e-01 1.300000000000000000e+01
2.674622535705565962e+00 1.375749707221985085e+00 -5.846387743949890137e-01 1.200000000000000000e+01
3.188832283020019975e+00 1.638837218284606934e+00 -5.678570866584777832e-01 1.000000000000000000e+01
3.969721317291260210e+00 2.038408279418944868e+00 -5.479245781898498535e-01 1.000000000000000000e+01
3.385161590576171875e+01 1.738243293762207031e+01 6.027107238769531250e+00 1.300000000000000000e+01
5.227221488952636719e+00 2.682967901229857954e+00 -5.140445828437805176e-01 1.400000000000000000e+01
7.473087787628173828e+00 3.832405090332030806e+00 -4.401454031467437744e-01 1.000000000000000000e+00
3.403314971923828125e+01 1.744563484191894887e+01 8.829328536987304688e+00 1.200000000000000000e+01
1.239723110198974965e+01 6.352177143096923828e+00 -2.431469261646271030e-01 2.000000000000000000e+00
2.030221223831177202e+00 1.036682009696960005e+00 -6.108129620552062988e-01 1.700000000000000000e+01
2.315659523010253906e+00 1.181415081024169922e+00 -6.001694202423095703e-01 1.400000000000000000e+01
2.677659511566162109e+00 1.365513324737549050e+00 -5.842571258544921875e-01 1.200000000000000000e+01
3.206853866577147993e+00 1.633973717689513938e+00 -5.700471997261047363e-01 1.000000000000000000e+01
3.567669296264647727e+01 1.817033958435058949e+01 4.915965557098388672e+00 2.200000000000000000e+01
3.980350494384766069e+00 2.026340007781981978e+00 -5.484120249748229980e-01 1.000000000000000000e+01
5.236555099487304688e+00 2.664705276489257812e+00 -5.140445828437805176e-01 1.900000000000000000e+01
7.457934379577636719e+00 3.791812896728516069e+00 -4.384706318378447931e-01 1.000000000000000000e+00
3.419807434082031250e+01 1.737970352172851918e+01 8.856323242187500000e+00 1.200000000000000000e+01
1.242646026611327947e+01 6.312486648559570312e+00 -2.432865500450134000e-01 2.000000000000000000e+00
3.875142669677733664e+01 1.967673301696776988e+01 1.164530372619629084e+01 1.100000000000000000e+01
2.037454605102539062e+00 1.030978322029113992e+00 -6.118482351303100586e-01 1.700000000000000000e+01
2.318234920501708984e+00 1.172040581703186035e+00 -5.997195243835449219e-01 1.500000000000000000e+01
2.682646512985229048e+00 1.355690002441406028e+00 -5.842571258544921875e-01 1.200000000000000000e+01
3.219874620437622070e+00 1.625770449638366921e+00 -5.712986588478088379e-01 1.100000000000000000e+01
3.987750768661499023e+00 2.011737823486328125e+00 -5.484120249748229980e-01 1.000000000000000000e+01
3.397513198852539062e+01 1.713975143432616832e+01 6.027107238769531250e+00 1.300000000000000000e+01
5.242728233337402344e+00 2.643700361251831055e+00 -5.136959552764892578e-01 1.600000000000000000e+01
7.493185997009277344e+00 3.775236606597899947e+00 -4.397267103195189875e-01 1.000000000000000000e+00
3.421281051635742188e+01 1.722970199584960938e+01 8.843726158142089844e+00 1.200000000000000000e+01
1.240664577484131037e+01 6.245319843292236328e+00 -2.424488365650177002e-01 2.000000000000000000e+00
3.858520126342772727e+01 1.942321205139160156e+01 1.157490539550781072e+01 1.100000000000000000e+01
2.041040897369385210e+00 1.023860096931457964e+00 -6.118482351303100586e-01 1.700000000000000000e+01
2.322312116622924805e+00 1.163941383361815962e+00 -5.997195243835449219e-01 1.500000000000000000e+01
2.675075292587279829e+00 1.340161919593811035e+00 -5.815858244895935059e-01 1.200000000000000000e+01
3.218464136123656782e+00 1.610984325408935991e+00 -5.700471997261047363e-01 1.100000000000000000e+01
3.795745086669921875e+01 1.899110603332519887e+01 5.211376667022705078e+00 2.900000000000000000e+01
3.994748592376708984e+00 1.997805595397948997e+00 -5.484120249748229980e-01 1.500000000000000000e+01
5.232321262359619141e+00 2.615584135055541992e+00 -5.117785334587097168e-01 1.100000000000000000e+01
7.545627593994140625e+00 3.768690824508666992e+00 -4.420294761657714844e-01 1.000000000000000000e+00
3.386127090454102273e+01 1.690474891662598012e+01 8.737548828125000000e+00 1.100000000000000000e+01
1.247131347656250000e+01 6.223403930664063388e+00 -2.432865500450134000e-01 2.000000000000000000e+00
2.030587911605834961e+00 1.010202288627624956e+00 -6.077071428298950195e-01 1.800000000000000000e+01
2.334884405136107954e+00 1.160570859909058061e+00 -6.019690036773681641e-01 1.300000000000000000e+01
2.693570375442504883e+00 1.338272094726562944e+00 -5.846387743949890137e-01 1.100000000000000000e+01
3.234405040740966797e+00 1.605572581291198953e+00 -5.719243884086608887e-01 1.200000000000000000e+01
3.999573230743408203e+00 1.983665585517883079e+00 -5.481683015823364258e-01 9.000000000000000000e+00
3.409101104736328125e+01 1.690809440612792969e+01 6.027107238769531250e+00 1.300000000000000000e+01
5.249891281127929688e+00 2.602643489837646040e+00 -5.126500725746154785e-01 9.000000000000000000e+00
7.550924777984619141e+00 3.740101814270019975e+00 -4.416108131408690851e-01 2.000000000000000000e+00
3.245713806152343750e+01 1.606952095031737926e+01 8.361431121826171875e+00 1.000000000000000000e+01
1.244169998168944957e+01 6.157178878784179688e+00 -2.423092126846312921e-01 2.000000000000000000e+00
3.729327774047852273e+01 1.845578956604003906e+01 1.114940643310547053e+01 1.000000000000000000e+01
2.037567138671875000e+00 1.004816889762877974e+00 -6.087424159049987793e-01 1.700000000000000000e+01
3.817375564575195312e+01 1.881693077087401988e+01 7.428791522979736328e-01 4.200000000000000000e+01
2.338921308517456055e+00 1.152413487434386985e+00 -6.019690036773681641e-01 1.400000000000000000e+01
2.696464061737060991e+00 1.327994227409363015e+00 -5.842571258544921875e-01 1.200000000000000000e+01
3.227582693099976030e+00 1.588167548179626021e+00 -5.697343349456787109e-01 1.100000000000000000e+01
4.011817455291748047e+00 1.972319841384887917e+00 -5.488995313644409180e-01 1.100000000000000000e+01
3.420594024658203125e+01 1.680916786193848012e+01 6.036493301391601562e+00 1.300000000000000000e+01
5.257156372070313388e+00 2.583423376083374023e+00 -5.124757885932922363e-01 9.000000000000000000e+00
7.556762695312500000e+00 3.710200548171997070e+00 -4.411921203136444092e-01 2.000000000000000000e+00
3.236608123779296875e+01 1.588400840759276988e+01 8.323638916015625000e+00 1.000000000000000000e+01
1.249902248382568004e+01 6.131325244903563565e+00 -2.430073022842406949e-01 2.000000000000000000e+00
3.753413009643554688e+01 1.840402793884276988e+01 1.120117092132568004e+01 1.000000000000000000e+01
2.058418035507202148e+00 1.006182193756103960e+00 -6.139187812805175781e-01 1.700000000000000000e+01
3.823920440673828125e+01 1.868356513977051137e+01 7.428791522979736328e-01 4.200000000000000000e+01
2.321916818618773970e+00 1.133979797363281028e+00 -5.965701937675476074e-01 1.400000000000000000e+01
2.716961622238159180e+00 1.326324939727782981e+00 -5.876917243003845215e-01 1.200000000000000000e+01
3.241984128952025923e+00 1.581221342086791992e+00 -5.712986588478088379e-01 1.100000000000000000e+01
4.015108585357666016e+00 1.956564784049988015e+00 -5.484120249748229980e-01 1.000000000000000000e+01
5.271515846252441406e+00 2.567674160003662109e+00 -5.129987001419067383e-01 9.000000000000000000e+00
7.591218471527099609e+00 3.694287538528441939e+00 -4.424481689929962158e-01 2.000000000000000000e+00
3.228814697265625000e+01 1.570614814758300959e+01 8.289445877075195312e+00 1.000000000000000000e+01
1.256350994110107067e+01 6.108644008636474609e+00 -2.438450157642365057e-01 2.000000000000000000e+00
2.054963588714600053e+00 9.956215620040893555e-01 -6.118482351303100586e-01 1.600000000000000000e+01
2.339893341064453125e+00 1.132660508155822976e+00 -6.001694202423095703e-01 1.600000000000000000e+01
2.709203958511352983e+00 1.310847282409667969e+00 -5.850203633308410645e-01 1.200000000000000000e+01
3.252819299697875977e+00 1.572474241256714089e+00 -5.722372531890869141e-01 1.000000000000000000e+01
3.863750457763671875e+01 1.866978073120116832e+01 5.268898963928222656e+00 3.100000000000000000e+01
4.034426689147949219e+00 1.948580980300903098e+00 -5.501182079315185547e-01 1.000000000000000000e+01
3.426908874511718750e+01 1.654419326782226918e+01 6.027107238769531250e+00 1.300000000000000000e+01
5.291212081909179688e+00 2.554454803466796875e+00 -5.140445828437805176e-01 9.000000000000000000e+00
3.702154159545897727e+01 1.786503791809082031e+01 7.990317344665527344e+00 6.300000000000000000e+01
7.596871852874755859e+00 3.664295911788939986e+00 -4.420294761657714844e-01 2.000000000000000000e+00
3.227256011962891336e+01 1.555949306488036932e+01 8.271450042724609375e+00 1.000000000000000000e+01
1.253431701660156072e+01 6.040444374084472656e+00 -2.428676933050155917e-01 2.000000000000000000e+00
3.518328857421875000e+01 1.694770240783691051e+01 1.046405410766601918e+01 9.000000000000000000e+00
2.053202152252196822e+00 9.859336018562316895e-01 -6.102952957153320312e-01 1.600000000000000000e+01
2.354374885559082031e+00 1.129543542861938032e+00 -6.028688549995422363e-01 1.600000000000000000e+01
2.704912185668944868e+00 1.297137856483459029e+00 -5.831122994422912598e-01 1.200000000000000000e+01
3.258288383483887163e+00 1.561110258102416992e+00 -5.722372531890869141e-01 1.000000000000000000e+01
3.857711410522460938e+01 1.847477722167969105e+01 5.251837253570556641e+00 3.000000000000000000e+01
4.048366069793701172e+00 1.937914729118346946e+00 -5.510931611061096191e-01 7.000000000000000000e+00
5.291110038757324219e+00 2.531669616699219194e+00 -5.131729841232299805e-01 9.000000000000000000e+00
7.613220214843750000e+00 3.639478445053101030e+00 -4.422388374805449884e-01 2.000000000000000000e+00
3.206293106079102273e+01 1.532071876525879084e+01 8.203965187072753906e+00 1.000000000000000000e+01
1.257697868347167969e+01 6.006996631622313565e+00 -2.432865500450134000e-01 2.000000000000000000e+00
3.499873352050781250e+01 1.671603775024414062e+01 1.039262008666992010e+01 8.000000000000000000e+00
2.054886579513549805e+00 9.779303669929504395e-01 -6.097776889801025391e-01 1.700000000000000000e+01
2.368862867355347124e+00 1.126339197158813032e+00 -6.055682301521301270e-01 1.600000000000000000e+01
2.716516256332397017e+00 1.291059017181396040e+00 -5.846387743949890137e-01 1.100000000000000000e+01
3.272639989852904829e+00 1.553963661193848100e+00 -5.738016366958618164e-01 9.000000000000000000e+00
4.038964271545410156e+00 1.916113853454590066e+00 -5.488995313644409180e-01 7.000000000000000000e+00
3.452654266357421875e+01 1.637225914001464844e+01 6.052136421203613281e+00 1.400000000000000000e+01
5.299914836883544922e+00 2.513184785842895952e+00 -5.131729841232299805e-01 9.000000000000000000e+00
7.636707782745361328e+00 3.618011951446533203e+00 -4.428668618202208918e-01 1.000000000000000000e+00
3.209860229492188211e+01 1.520036411285400035e+01 8.199465751647949219e+00 1.000000000000000000e+01
1.257979679107666016e+01 5.954503059387207031e+00 -2.429374903440474909e-01 2.000000000000000000e+00
3.488339233398438211e+01 1.650420379638671875e+01 1.034033870697020951e+01 1.700000000000000000e+01
2.061782360076903853e+00 9.723996520042419434e-01 -6.108129620552062988e-01 1.700000000000000000e+01
2.362203121185303178e+00 1.113079428672790971e+00 -6.028688549995422363e-01 1.400000000000000000e+01
2.729886770248413086e+00 1.285751342773437944e+00 -5.865468382835388184e-01 1.200000000000000000e+01
3.253021240234375000e+00 1.530755519866942915e+00 -5.694214701652526855e-01 1.100000000000000000e+01
4.052814006805419922e+00 1.905381917953490989e+00 -5.498744845390319824e-01 8.000000000000000000e+00
5.321278095245361328e+00 2.500601053237915039e+00 -5.143932104110717773e-01 9.000000000000000000e+00
7.638442993164063388e+00 3.586239814758300781e+00 -4.422388374805449884e-01 2.000000000000000000e+00
3.216910552978516336e+01 1.509650516510009943e+01 8.203965187072753906e+00 1.000000000000000000e+01
1.259688377380370916e+01 5.908856391906738281e+00 -2.428676933050155917e-01 5.000000000000000000e+00
3.483298873901367188e+01 1.633921051025390980e+01 1.030928039550781072e+01 1.700000000000000000e+01
2.070414543151855025e+00 9.676507115364074707e-01 -6.123658418655395508e-01 1.600000000000000000e+01
2.359011173248291016e+00 1.101529121398926003e+00 -6.010692119598388672e-01 1.400000000000000000e+01
2.736137390136719194e+00 1.277044773101807085e+00 -5.869284868240356445e-01 1.200000000000000000e+01
3.269086360931396040e+00 1.524399995803833008e+00 -5.712986588478088379e-01 1.100000000000000000e+01
4.077434539794921875e+00 1.899606347084044966e+00 -5.523118376731872559e-01 1.100000000000000000e+01
5.331780433654785156e+00 2.482851982116699219e+00 -5.145674943923950195e-01 9.000000000000000000e+00
3.353315734863281250e+01 1.560827636718750000e+01 7.189682960510253906e+00 6.100000000000000000e+01
7.654536247253417969e+00 3.561239957809447798e+00 -4.424481689929962158e-01 2.000000000000000000e+00
3.214385604858397727e+01 1.494796657562256037e+01 8.184168815612792969e+00 1.000000000000000000e+01
1.263193988800049006e+01 5.871592521667479581e+00 -2.431469261646271030e-01 7.000000000000000000e+00
3.506608963012695312e+01 1.629201698303223012e+01 1.036052608489990057e+01 8.000000000000000000e+00
2.073779582977294922e+00 9.604176878929138184e-01 -6.123658418655395508e-01 1.500000000000000000e+01
2.359304666519165039e+00 1.091651201248168945e+00 -6.001694202423095703e-01 1.300000000000000000e+01
2.740578413009643999e+00 1.267486095428467019e+00 -5.869284868240356445e-01 1.100000000000000000e+01
3.279767274856566939e+00 1.515465259552001953e+00 -5.722372531890869141e-01 1.000000000000000000e+01
4.062412738800048828e+00 1.875377655029297097e+00 -5.493869781494140625e-01 1.100000000000000000e+01
5.344032764434813565e+00 2.465895175933837891e+00 -5.149161219596862793e-01 9.000000000000000000e+00
7.659665584564208984e+00 3.531154155731201172e+00 -4.420294761657714844e-01 2.000000000000000000e+00
3.223831558227539062e+01 1.485524559020995916e+01 8.194967269897460938e+00 1.000000000000000000e+01
1.267960357666015980e+01 5.840011119842529297e+00 -2.436704933643341064e-01 7.000000000000000000e+00
3.503218841552733664e+01 1.613523483276366832e+01 1.033464431762694957e+01 8.000000000000000000e+00
2.075363636016846147e+00 9.523672461509704590e-01 -6.118482351303100586e-01 1.600000000000000000e+01
2.368415117263793945e+00 1.085845470428467019e+00 -6.015191078186035156e-01 1.300000000000000000e+01
2.741416454315185991e+00 1.256276130676269975e+00 -5.861652493476867676e-01 1.100000000000000000e+01
3.290425539016724077e+00 1.506474375724792036e+00 -5.731759071350097656e-01 1.100000000000000000e+01
3.829799652099608664e+01 1.752610778808594105e+01 5.171403884887695312e+00 2.800000000000000000e+01
4.086986064910888672e+00 1.869443058967590110e+00 -5.518243908882141113e-01 1.200000000000000000e+01
5.352607727050781250e+00 2.447225809097290039e+00 -5.149161219596862793e-01 9.000000000000000000e+00
3.352702331542968750e+01 1.532156658172607067e+01 7.165259361267089844e+00 6.100000000000000000e+01
7.679211616516113281e+00 3.507714748382567915e+00 -4.424481689929962158e-01 2.000000000000000000e+00
3.241406631469727273e+01 1.479927825927734020e+01 8.226460456848144531e+00 1.000000000000000000e+01
1.268717670440674006e+01 5.789904117584229404e+00 -2.434261590242385864e-01 5.000000000000000000e+00
2.078510522842406782e+00 9.454798698425292969e-01 -6.118482351303100586e-01 1.600000000000000000e+01
2.377325296401977983e+00 1.080404400825500044e+00 -6.028688549995422363e-01 1.100000000000000000e+01
2.758079767227172852e+00 1.252862215042114036e+00 -5.888365507125854492e-01 1.200000000000000000e+01
3.286409139633179155e+00 1.491472959518433061e+00 -5.716115236282348633e-01 1.100000000000000000e+01
4.102202892303466797e+00 1.859978437423706055e+00 -5.530430674552917480e-01 1.300000000000000000e+01
5.346176147460938388e+00 2.422883033752440962e+00 -5.135216116905212402e-01 9.000000000000000000e+00
3.369210052490233664e+01 1.526214885711669922e+01 7.189682960510253906e+00 6.100000000000000000e+01
7.727190494537354404e+00 3.498706340789794922e+00 -4.445416033267974854e-01 2.000000000000000000e+00
1.275367832183838068e+01 5.769228935241699219e+00 -2.443336844444274902e-01 2.000000000000000000e+00
3.510600280761718750e+01 1.588048267364501953e+01 1.032429218292235973e+01 8.000000000000000000e+00
2.078275680541992188e+00 9.366312623023986816e-01 -6.108129620552062988e-01 1.800000000000000000e+01
3.843950271606445312e+01 1.731573295593262074e+01 7.358981966972351074e-01 4.000000000000000000e+01
2.381082057952880859e+00 1.072099447250365989e+00 -6.028688549995422363e-01 1.200000000000000000e+01
2.751694440841674805e+00 1.238392710685729980e+00 -5.865468382835388184e-01 1.200000000000000000e+01
3.280785560607910156e+00 1.475131750106811968e+00 -5.697343349456787109e-01 1.000000000000000000e+01
4.130399703979492188e+00 1.855408787727355957e+00 -5.559679269790649414e-01 1.100000000000000000e+01
5.352783203125000000e+00 2.403390645980834961e+00 -5.133473277091979980e-01 9.000000000000000000e+00
7.732067108154296875e+00 3.468442440032958984e+00 -4.441229104995728094e-01 1.000000000000000000e+00
1.282483386993408025e+01 5.747573852539063388e+00 -2.453110218048095981e-01 2.000000000000000000e+00
3.464563369750977273e+01 1.551951694488525035e+01 1.017210578918457031e+01 8.000000000000000000e+00
2.088588476181029829e+00 9.325214028358459473e-01 -6.128835082054138184e-01 1.800000000000000000e+01
2.381250619888306108e+00 1.062193632125854048e+00 -6.019690036773681641e-01 1.300000000000000000e+01
2.768552303314208984e+00 1.234376192092895952e+00 -5.892181992530822754e-01 1.300000000000000000e+01
3.305763721466064009e+00 1.472512245178223100e+00 -5.731759071350097656e-01 1.100000000000000000e+01
4.124155998229979581e+00 1.835330009460448997e+00 -5.542617440223693848e-01 1.200000000000000000e+01
5.392086982727050781e+00 2.398456811904906782e+00 -5.163106322288513184e-01 9.000000000000000000e+00
7.740476608276367188e+00 3.439809083938599077e+00 -4.439135789871215820e-01 2.000000000000000000e+00
3.292092895507813211e+01 1.462293148040770951e+01 8.316440582275390625e+00 1.000000000000000000e+01
1.283019733428955078e+01 5.696280002593994141e+00 -2.450317889451980868e-01 2.000000000000000000e+00
3.474634933471679688e+01 1.542649173736572088e+01 1.018659973144531072e+01 8.000000000000000000e+00
2.097131013870238814e+00 9.275695085525512695e-01 -6.144363880157470703e-01 1.900000000000000000e+01
2.388508796691894975e+00 1.055450320243835005e+00 -6.028688549995422363e-01 1.400000000000000000e+01
2.767456531524658203e+00 1.222325086593627930e+00 -5.880733132362365723e-01 1.300000000000000000e+01
3.312690734863280806e+00 1.461761474609375000e+00 -5.734887719154357910e-01 1.000000000000000000e+01
3.469638442993164062e+01 1.530292892456055043e+01 4.656140327453613281e+00 2.000000000000000000e+01
4.121455192565917969e+00 1.816919088363647017e+00 -5.530430674552917480e-01 1.300000000000000000e+01
3.856840896606445312e+01 1.699461555480957031e+01 6.675371646881104404e+00 1.400000000000000000e+01
5.396780014038085938e+00 2.378013610839844194e+00 -5.159620046615600586e-01 9.000000000000000000e+00
7.734157085418701172e+00 3.404721736907958984e+00 -4.428668618202208918e-01 2.000000000000000000e+00
3.651777648925781250e+01 1.606820678710937855e+01 9.210845947265625000e+00 1.200000000000000000e+01
1.294152641296387074e+01 5.691712379455566406e+00 -2.467770278453826904e-01 2.000000000000000000e+00
3.526683807373046875e+01 1.551043319702148082e+01 1.032325649261474965e+01 1.700000000000000000e+01
2.091508865356444868e+00 9.163671731948852539e-01 -6.118482351303100586e-01 1.800000000000000000e+01
2.395748853683472124e+00 1.048669338226317915e+00 -6.037686467170715332e-01 1.400000000000000000e+01
2.769907712936400923e+00 1.211870431900023970e+00 -5.876917243003845215e-01 1.300000000000000000e+01
3.321393251419066939e+00 1.451771378517151101e+00 -5.741145014762878418e-01 1.000000000000000000e+01
4.133229732513427734e+00 1.804904699325561968e+00 -5.537742972373962402e-01 1.300000000000000000e+01
3.620598983764647727e+01 1.581048393249512074e+01 6.257378578186035156e+00 1.400000000000000000e+01
5.401395797729492188e+00 2.357566833496094194e+00 -5.156133770942687988e-01 9.000000000000000000e+00
7.786271572113037109e+00 3.395267009735106978e+00 -4.451696574687957764e-01 2.000000000000000000e+00
1.294298267364501953e+01 5.638516426086425781e+00 -2.464279830455780029e-01 2.000000000000000000e+00
2.096467018127440962e+00 9.098299741744995117e-01 -6.123658418655395508e-01 1.600000000000000000e+01
2.404758453369141069e+00 1.042625784873961958e+00 -6.051183342933654785e-01 1.500000000000000000e+01
2.779525041580200195e+00 1.204536199569701926e+00 -5.888365507125854492e-01 1.400000000000000000e+01
3.324627876281737837e+00 1.439383864402770996e+00 -5.738016366958618164e-01 9.000000000000000000e+00
4.150436878204345703e+00 1.795194387435913086e+00 -5.552367568016052246e-01 1.200000000000000000e+01
3.632897186279296875e+01 1.570589637756348012e+01 6.268641948699951172e+00 1.400000000000000000e+01
5.420565128326416016e+00 2.343441963195800781e+00 -5.166592597961425781e-01 9.000000000000000000e+00
7.805409908294677734e+00 3.371234893798828125e+00 -4.455883204936981201e-01 2.000000000000000000e+00
1.299563503265381037e+01 5.607563495635986328e+00 -2.470562607049942017e-01 2.000000000000000000e+00
3.696633911132813211e+01 1.594317150115966975e+01 1.078705978393555043e+01 9.000000000000000000e+00
2.101404905319213867e+00 9.032692909240722656e-01 -6.128835082054138184e-01 1.700000000000000000e+01
2.406592607498168945e+00 1.033456325531006081e+00 -6.046684384346008301e-01 1.400000000000000000e+01
2.789125204086304155e+00 1.197149634361267090e+00 -5.899814367294311523e-01 1.400000000000000000e+01
3.316923379898070845e+00 1.422320485115051047e+00 -5.716115236282348633e-01 1.000000000000000000e+01
4.169450759887695312e+00 1.786167621612549050e+00 -5.569428801536560059e-01 1.300000000000000000e+01
5.406733512878417969e+00 2.315095424652100053e+00 -5.145674943923950195e-01 9.000000000000000000e+00
7.798767089843750000e+00 3.336112976074219194e+00 -4.445416033267974854e-01 2.000000000000000000e+00
1.304455089569091975e+01 5.574739456176757812e+00 -2.476147413253783902e-01 2.000000000000000000e+00
3.511112213134766336e+01 1.500514316558838068e+01 1.023111724853515980e+01 8.000000000000000000e+00
2.104545116424560991e+00 8.959285020828247070e-01 -6.128835082054138184e-01 1.600000000000000000e+01
2.403012275695800781e+00 1.021998643875122070e+00 -6.028688549995422363e-01 1.600000000000000000e+01
2.802320957183837891e+00 1.191246628761291948e+00 -5.918895006179809570e-01 1.500000000000000000e+01
3.329140901565552202e+00 1.413822174072266069e+00 -5.728629827499389648e-01 1.100000000000000000e+01
3.776454162597656250e+01 1.603009796142578125e+01 5.037347316741943359e+00 2.500000000000000000e+01
4.177487850189208984e+00 1.772377967834473100e+00 -5.571866631507873535e-01 1.200000000000000000e+01
5.464307308197020596e+00 2.317210197448730025e+00 -5.192739367485046387e-01 9.000000000000000000e+00
7.828754901885986328e+00 3.316661119461060014e+00 -4.455883204936981201e-01 2.000000000000000000e+00
3.424781417846679688e+01 1.450207614898681996e+01 8.586381912231445312e+00 1.100000000000000000e+01
1.311181163787841975e+01 5.549436092376708984e+00 -2.485222667455672940e-01 2.000000000000000000e+00
3.520242309570313211e+01 1.489905643463134943e+01 1.024250507354735973e+01 8.000000000000000000e+00
2.116560220718383789e+00 8.923292756080627441e-01 -6.154716610908508301e-01 1.500000000000000000e+01
2.415544748306273970e+00 1.017386436462401900e+00 -6.051183342933654785e-01 1.500000000000000000e+01
3.711040878295897727e+01 1.562264823913574041e+01 2.110185861587523970e+00 2.300000000000000000e+01
2.793795824050902876e+00 1.176125288009643999e+00 -5.892181992530822754e-01 1.400000000000000000e+01
3.339518308639525923e+00 1.404490113258362038e+00 -5.738016366958618164e-01 1.100000000000000000e+01
4.176328659057617188e+00 1.754709243774414062e+00 -5.562117099761962891e-01 1.200000000000000000e+01
5.461340904235839844e+00 2.293493509292602983e+00 -5.182280540466308594e-01 9.000000000000000000e+00
7.877119541168212891e+00 3.304767131805419922e+00 -4.476817548274993896e-01 2.000000000000000000e+00
1.318642997741699041e+01 5.526823043823242188e+00 -2.495694160461426059e-01 2.000000000000000000e+00
3.518196105957031250e+01 1.473858165740966975e+01 1.022076416015625000e+01 8.000000000000000000e+00
2.114313840866088867e+00 8.827028274536132812e-01 -6.139187812805175781e-01 1.600000000000000000e+01
2.415484189987183061e+00 1.007448196411133035e+00 -6.042185425758361816e-01 1.600000000000000000e+01
2.792448043823242188e+00 1.164099693298340066e+00 -5.880733132362365723e-01 1.300000000000000000e+01
3.357165575027465820e+00 1.398140668869018999e+00 -5.759916901588439941e-01 1.000000000000000000e+01
3.641307067871093750e+01 1.515729904174805043e+01 4.842844009399414062e+00 2.000000000000000000e+01
4.182428359985351562e+00 1.740120410919189009e+00 -5.562117099761962891e-01 1.200000000000000000e+01
5.463794231414794922e+00 2.272120714187622070e+00 -5.177050828933715820e-01 9.000000000000000000e+00
7.844341278076171875e+00 3.258860588073730025e+00 -4.451696574687957764e-01 2.000000000000000000e+00
3.335836029052733664e+01 1.385160255432129084e+01 8.338935852050781250e+00 1.000000000000000000e+01
1.324258136749267933e+01 5.496090888977050781e+00 -2.502675056457520086e-01 2.000000000000000000e+00
3.753508377075195312e+01 1.557057094573974965e+01 1.088851737976074041e+01 1.000000000000000000e+01
2.110088825225830078e+00 8.727332353591918945e-01 -6.118482351303100586e-01 1.600000000000000000e+01
2.422413825988769975e+00 1.000920891761780007e+00 -6.051183342933654785e-01 1.500000000000000000e+01
2.805365800857543945e+00 1.158580303192138894e+00 -5.899814367294311523e-01 1.400000000000000000e+01
3.354479312896728960e+00 1.383986592292786089e+00 -5.747402310371398926e-01 1.000000000000000000e+01
3.644845199584960938e+01 1.503041076660156072e+01 4.840894222259520596e+00 2.000000000000000000e+01
4.197352409362792969e+00 1.730023741722106934e+00 -5.574303865432739258e-01 1.100000000000000000e+01
3.551109695434570312e+01 1.463661766052245916e+01 6.083423614501953125e+00 1.400000000000000000e+01
5.452877044677734375e+00 2.246400356292725053e+00 -5.159620046615600586e-01 9.000000000000000000e+00
7.858798503875732422e+00 3.234350204467772993e+00 -4.453789889812468927e-01 2.000000000000000000e+00
3.322388839721679688e+01 1.366677093505859020e+01 8.293945312500000000e+00 1.000000000000000000e+01
1.328292751312256037e+01 5.461271762847900391e+00 -2.506863772869110107e-01 2.000000000000000000e+00
3.769014739990233664e+01 1.548860359191895064e+01 1.091854000091552912e+01 1.000000000000000000e+01
2.116697788238524947e+00 8.668265938758850098e-01 -6.128835082054138184e-01 1.600000000000000000e+01
3.846240997314453125e+01 1.574322414398193004e+01 7.254267334938049316e-01 3.900000000000000000e+01
2.425893068313599077e+00 9.924590587615966797e-01 -6.051183342933654785e-01 1.500000000000000000e+01
2.820296287536621094e+00 1.153239011764525923e+00 -5.922711491584777832e-01 1.200000000000000000e+01
3.351974964141846147e+00 1.369280815124511941e+00 -5.734887719154357910e-01 1.000000000000000000e+01
4.218069076538085938e+00 1.721362113952636941e+00 -5.593802928924560547e-01 1.100000000000000000e+01
5.486512660980224609e+00 2.237887382507324219e+00 -5.184023380279541016e-01 9.000000000000000000e+00
7.884837627410888672e+00 3.212927579879761186e+00 -4.462163746356964111e-01 2.000000000000000000e+00
1.331672668457031072e+01 5.420904159545898438e+00 -2.509655952453612726e-01 2.000000000000000000e+00
3.777976989746093750e+01 1.537150764465332031e+01 1.092889308929443004e+01 1.000000000000000000e+01
2.128812789916992188e+00 8.626904487609863281e-01 -6.154716610908508301e-01 1.600000000000000000e+01
2.420482635498046875e+00 9.799046516418457031e-01 -6.028688549995422363e-01 1.600000000000000000e+01
2.817224502563477007e+00 1.139948844909667969e+00 -5.907446742057800293e-01 1.300000000000000000e+01
3.362465381622314009e+00 1.359206914901732954e+00 -5.744273662567138672e-01 1.200000000000000000e+01
4.224349975585938388e+00 1.705890536308289018e+00 -5.593802928924560547e-01 1.100000000000000000e+01
5.507611274719238281e+00 2.222983360290526900e+00 -5.196225643157958984e-01 9.000000000000000000e+00
7.896560668945313388e+00 3.184006690979003906e+00 -4.462163746356964111e-01 2.000000000000000000e+00
1.339215183258056996e+01 5.394474029541015625e+00 -2.520127594470977783e-01 2.000000000000000000e+00
3.761099624633789062e+01 1.515003299713134943e+01 1.086470603942870916e+01 9.000000000000000000e+00
2.130018234252930132e+00 8.545349836349487305e-01 -6.149540543556213379e-01 1.600000000000000000e+01
2.429315090179442915e+00 9.736245274543762207e-01 -6.042185425758361816e-01 1.500000000000000000e+01
2.828476428985596147e+00 1.133028030395508035e+00 -5.922711491584777832e-01 1.400000000000000000e+01
3.365355491638184038e+00 1.346727490425110085e+00 -5.741145014762878418e-01 1.100000000000000000e+01
4.221062660217285156e+00 1.687450051307678001e+00 -5.581616163253784180e-01 1.100000000000000000e+01
5.524588108062744141e+00 2.207440853118896040e+00 -5.204941034317016602e-01 9.000000000000000000e+00
7.892786979675292969e+00 3.150499820709228960e+00 -4.453789889812468927e-01 2.000000000000000000e+00
3.472501373291016336e+01 1.385387516021729049e+01 8.631371498107910156e+00 1.100000000000000000e+01
1.341090106964110973e+01 5.347693920135498047e+00 -2.520127594470977783e-01 2.000000000000000000e+00
3.760884475708007812e+01 1.498919296264648082e+01 1.084814167022705078e+01 1.900000000000000000e+01
2.127454280853271040e+00 8.453267812728881836e-01 -6.134011149406433105e-01 1.600000000000000000e+01
2.432530164718627930e+00 9.655632376670837402e-01 -6.042185425758361816e-01 1.500000000000000000e+01
2.830393075942993164e+00 1.122918248176574929e+00 -5.918895006179809570e-01 1.500000000000000000e+01
3.380821228027344194e+00 1.339927196502685991e+00 -5.759916901588439941e-01 1.000000000000000000e+01
4.026468276977539062e+01 1.595004558563232067e+01 5.317646980285645419e+00 3.200000000000000000e+01
4.232172012329101562e+00 1.675635457038878950e+00 -5.588927865028381348e-01 1.100000000000000000e+01
5.522614955902099609e+00 2.185442924499512163e+00 -5.196225643157958984e-01 9.000000000000000000e+00
7.925479888916015625e+00 3.133120059967041016e+00 -4.466350376605988104e-01 1.000000000000000000e+00
3.477076339721679688e+01 1.373864650726318004e+01 8.631371498107910156e+00 1.100000000000000000e+01
1.345459938049316051e+01 5.313475608825683594e+00 -2.525014281272888184e-01 2.000000000000000000e+00
3.774199676513671875e+01 1.490502834320068004e+01 1.087298774719237926e+01 9.000000000000000000e+00
2.123200893402100053e+00 8.350670933723449707e-01 -6.113305687904357910e-01 1.800000000000000000e+01
2.448582172393798828e+00 9.620547294616699219e-01 -6.073678731918334961e-01 1.400000000000000000e+01
2.834295511245727983e+00 1.113031506538390891e+00 -5.918895006179809570e-01 1.500000000000000000e+01
3.389155864715576172e+00 1.329560518264770952e+00 -5.766174197196960449e-01 1.000000000000000000e+01
4.245388507843017578e+00 1.663749456405640093e+00 -5.598677396774291992e-01 1.100000000000000000e+01
5.526499748229979581e+00 2.164698839187622070e+00 -5.192739367485046387e-01 9.000000000000000000e+00
7.954967498779296875e+00 3.112713813781737837e+00 -4.476817548274993896e-01 1.000000000000000000e+00
3.572594833374022727e+01 1.397208213806151988e+01 8.856323242187500000e+00 1.200000000000000000e+01
1.354011344909667969e+01 5.292686462402343750e+00 -2.537579834461212158e-01 2.000000000000000000e+00
3.750487136840820312e+01 1.465270996093750000e+01 1.078913116455077947e+01 9.000000000000000000e+00
2.138559341430664062e+00 8.329295516014099121e-01 -6.149540543556213379e-01 1.600000000000000000e+01
2.442678451538085938e+00 9.503965377807617188e-01 -6.051183342933654785e-01 1.200000000000000000e+01
2.841630458831787109e+00 1.105049610137939009e+00 -5.926527380943298340e-01 1.300000000000000000e+01
3.391704797744750977e+00 1.317599058151244895e+00 -5.763045549392700195e-01 1.100000000000000000e+01
4.256433963775634766e+00 1.651816606521606001e+00 -5.605989694595336914e-01 1.100000000000000000e+01
3.529177093505858664e+01 1.369586277008056996e+01 5.995820045471191406e+00 1.300000000000000000e+01
5.531790256500244141e+00 2.145639896392821822e+00 -5.190995931625366211e-01 9.000000000000000000e+00
7.957796573638916016e+00 3.083430528640747070e+00 -4.472630918025969904e-01 2.000000000000000000e+00
3.562670516967772727e+01 1.379723262786865057e+01 8.820330619812011719e+00 1.200000000000000000e+01
1.355759048461914062e+01 5.247756958007813388e+00 -2.537579834461212158e-01 2.000000000000000000e+00
3.764800643920897727e+01 1.457246971130370916e+01 1.081708335876465021e+01 9.000000000000000000e+00
2.132440805435181108e+00 8.219853639602661133e-01 -6.123658418655395508e-01 1.700000000000000000e+01
2.444162607192993164e+00 9.411639571189880371e-01 -6.046684384346008301e-01 1.300000000000000000e+01
2.860128402709960938e+00 1.100765109062195046e+00 -5.957056879997253418e-01 1.300000000000000000e+01
3.398127317428588867e+00 1.306460738182068093e+00 -5.766174197196960449e-01 1.000000000000000000e+01
4.264027118682861328e+00 1.637660622596740945e+00 -5.608426928520202637e-01 1.100000000000000000e+01
5.546686172485351562e+00 2.129173278808594194e+00 -5.197968482971191406e-01 9.000000000000000000e+00
7.975970745086669922e+00 3.058494329452515093e+00 -4.476817548274993896e-01 2.000000000000000000e+00
3.560186386108397727e+01 1.364489173889159979e+01 8.802334785461425781e+00 1.100000000000000000e+01
1.362811279296875000e+01 5.220428943634033203e+00 -2.547353208065032959e-01 2.000000000000000000e+00
3.730425262451171875e+01 1.428242206573485973e+01 1.070320320129395064e+01 9.000000000000000000e+00
2.153347015380858931e+00 8.214221000671386719e-01 -6.175422668457031250e-01 1.500000000000000000e+01
2.441969871520996094e+00 9.305447340011596680e-01 -6.033187508583068848e-01 1.200000000000000000e+01
2.856614589691162109e+00 1.087979674339293990e+00 -5.941792130470275879e-01 1.400000000000000000e+01
3.410052061080933061e+00 1.297400832176208052e+00 -5.778689384460449219e-01 1.000000000000000000e+01
4.262295246124267578e+00 1.619945406913757102e+00 -5.598677396774291992e-01 1.100000000000000000e+01
5.561534881591796875e+00 2.112628936767578125e+00 -5.204941034317016602e-01 9.000000000000000000e+00
7.986598491668701172e+00 3.030634403228760210e+00 -4.476817548274993896e-01 2.000000000000000000e+00
3.627972030639647727e+01 1.375964069366455078e+01 8.958001136779785156e+00 1.200000000000000000e+01
1.366869068145751953e+01 5.181331634521484375e+00 -2.551541924476624090e-01 2.000000000000000000e+00
3.748869705200195312e+01 1.421067905426025035e+01 1.074254322052001953e+01 9.000000000000000000e+00
2.141742229461669922e+00 8.084426522254943848e-01 -6.134011149406433105e-01 1.600000000000000000e+01
2.454320430755614790e+00 9.254527688026428223e-01 -6.055682301521301270e-01 1.400000000000000000e+01
2.858557939529418945e+00 1.077309250831604004e+00 -5.937975645065307617e-01 1.300000000000000000e+01
3.429349660873413086e+00 1.291057467460632102e+00 -5.803718566894531250e-01 1.000000000000000000e+01
4.266066074371337891e+00 1.604358553886414018e+00 -5.596240162849426270e-01 1.100000000000000000e+01
5.568875312805175781e+00 2.093202590942382812e+00 -5.204941034317016602e-01 9.000000000000000000e+00
8.008347511291503906e+00 3.006949901580810991e+00 -4.483098089694976807e-01 2.000000000000000000e+00
3.555029678344727273e+01 1.334123802185058949e+01 8.766342163085937500e+00 1.100000000000000000e+01
1.367545986175536932e+01 5.129374027252197266e+00 -2.549447417259215753e-01 2.000000000000000000e+00
3.737772750854492188e+01 1.401214981079101918e+01 1.069595623016357067e+01 9.000000000000000000e+00
2.137172698974608931e+00 7.986310124397277832e-01 -6.113305687904357910e-01 1.600000000000000000e+01
2.466504096984862837e+00 9.207164049148559570e-01 -6.078177690505981445e-01 1.500000000000000000e+01
2.858435869216918945e+00 1.066451430320739968e+00 -5.930343866348266602e-01 1.200000000000000000e+01
3.426208019256591797e+00 1.276918888092041016e+00 -5.791203975677490234e-01 1.100000000000000000e+01
4.278804302215576172e+00 1.592973351478577104e+00 -5.605989694595336914e-01 1.100000000000000000e+01
5.560847759246826172e+00 2.069165468215941939e+00 -5.190995931625366211e-01 9.000000000000000000e+00
3.669205093383789062e+01 1.364565181732177912e+01 7.609462738037109375e+00 6.300000000000000000e+01
8.033251762390136719e+00 2.985943555831909180e+00 -4.491471648216248114e-01 2.000000000000000000e+00
3.555049896240233664e+01 1.320698833465575994e+01 8.755544662475585938e+00 1.100000000000000000e+01
1.372238826751708984e+01 5.095133304595947266e+00 -2.555032372474669855e-01 2.000000000000000000e+00
3.733100891113281250e+01 1.386103248596191051e+01 1.067007350921631037e+01 9.000000000000000000e+00
2.145383358001708984e+00 7.931757569313049316e-01 -6.128835082054138184e-01 1.600000000000000000e+01
2.469702959060668945e+00 9.121010899543762207e-01 -6.078177690505981445e-01 1.500000000000000000e+01
2.873191833496094194e+00 1.060546159744262917e+00 -5.953240394592285156e-01 1.300000000000000000e+01
3.421377420425415039e+00 1.261534452438354048e+00 -5.775560736656188965e-01 1.000000000000000000e+01
4.284338474273681641e+00 1.578027844429015891e+00 -5.605989694595336914e-01 1.100000000000000000e+01
5.586733818054199219e+00 2.056624889373778853e+00 -5.208427309989929199e-01 9.000000000000000000e+00
8.009883880615234375e+00 2.945476293563843218e+00 -4.472630918025969904e-01 2.000000000000000000e+00
3.564028167724608664e+01 1.309894752502441051e+01 8.766342163085937500e+00 1.100000000000000000e+01
1.377012252807617010e+01 5.058234214782714844e+00 -2.560617029666901190e-01 2.000000000000000000e+00
2.149953365325928178e+00 7.863457202911376953e-01 -6.134011149406433105e-01 1.600000000000000000e+01
2.460058927536011186e+00 8.987934589385986328e-01 -6.046684384346008301e-01 1.400000000000000000e+01
2.886096954345703125e+00 1.053877472877501997e+00 -5.972321629524230957e-01 1.300000000000000000e+01
3.427615880966186968e+00 1.250260829925537109e+00 -5.778689384460449219e-01 1.000000000000000000e+01
4.299146652221679688e+00 1.566461086273192915e+00 -5.618176460266113281e-01 1.100000000000000000e+01
5.597622871398925781e+00 2.038474559783935991e+00 -5.211913585662841797e-01 9.000000000000000000e+00
8.046393394470214844e+00 2.927057504653931108e+00 -4.487285017967224121e-01 2.000000000000000000e+00
1.382152557373047053e+01 5.022429943084716797e+00 -2.566899955272675116e-01 2.000000000000000000e+00
3.702741622924804688e+01 1.345492553710938033e+01 1.055619335174561080e+01 9.000000000000000000e+00
2.161768198013306108e+00 7.821224331855773926e-01 -6.159893274307250977e-01 1.500000000000000000e+01
2.468679666519165039e+00 8.921878337860107422e-01 -6.060181260108947754e-01 1.500000000000000000e+01
2.873139858245850053e+00 1.037793993949889915e+00 -5.937975645065307617e-01 1.300000000000000000e+01
3.441250085830688032e+00 1.241640806198119895e+00 -5.794332623481750488e-01 1.000000000000000000e+01
4.302720546722412109e+00 1.550771594047545943e+00 -5.615739226341247559e-01 1.200000000000000000e+01
5.612202167510986328e+00 2.021623611450194868e+00 -5.218886137008666992e-01 9.000000000000000000e+00
8.060320854187011719e+00 2.900305032730102983e+00 -4.489378333091735840e-01 1.000000000000000000e+00
1.386908245086669922e+01 4.984975337982177734e+00 -2.572484612464904785e-01 2.000000000000000000e+00
3.698507690429688211e+01 1.329357528686523082e+01 1.053082942962645951e+01 1.800000000000000000e+01
2.164485216140747070e+00 7.745717167854309082e-01 -6.159893274307250977e-01 1.400000000000000000e+01
2.473613977432250977e+00 8.842210173606872559e-01 -6.064680218696594238e-01 1.400000000000000000e+01
2.878593683242797852e+00 1.028419017791748047e+00 -5.941792130470275879e-01 1.200000000000000000e+01
3.453005075454711914e+00 1.232276797294616921e+00 -5.806847214698791504e-01 1.000000000000000000e+01
4.317456722259520596e+00 1.539075613021851030e+00 -5.627925992012023926e-01 1.200000000000000000e+01
5.607964038848876953e+00 1.998009085655211958e+00 -5.208427309989929199e-01 9.000000000000000000e+00
8.081685066223144531e+00 2.876169443130493164e+00 -4.495658576488494873e-01 1.000000000000000000e+00
3.664211273193358664e+01 1.303325939178466975e+01 8.978696823120117188e+00 1.200000000000000000e+01
1.388639831542968928e+01 4.936532974243164062e+00 -2.572484612464904785e-01 2.000000000000000000e+00
2.156248807907104048e+00 7.631442546844482422e-01 -6.128835082054138184e-01 1.500000000000000000e+01
2.491383790969849077e+00 8.807774782180786133e-01 -6.100672483444213867e-01 1.400000000000000000e+01
2.887719154357910156e+00 1.020326733589171919e+00 -5.953240394592285156e-01 1.300000000000000000e+01
3.453559875488280806e+00 1.218901157379149947e+00 -5.800589919090270996e-01 9.000000000000000000e+00
4.315314292907714844e+00 1.521355390548706055e+00 -5.618176460266113281e-01 1.100000000000000000e+01
5.601749897003173828e+00 1.973786592483520952e+00 -5.196225643157958984e-01 9.000000000000000000e+00
8.129355430603027344e+00 2.861203193664550781e+00 -4.516592919826508123e-01 2.000000000000000000e+00
3.663223648071289062e+01 1.288587570190430043e+01 8.965199470520019531e+00 1.200000000000000000e+01
1.392618370056151988e+01 4.895988941192626953e+00 -2.576673328876494806e-01 2.000000000000000000e+00
3.702275466918945312e+01 1.300872516632080078e+01 1.051478290557860973e+01 9.000000000000000000e+00
2.160722970962523970e+00 7.562510371208190918e-01 -6.134011149406433105e-01 1.600000000000000000e+01
2.488924264907836914e+00 8.701461553573608398e-01 -6.087175607681274414e-01 1.500000000000000000e+01
2.904236793518065962e+00 1.014773607254028098e+00 -5.979954004287719727e-01 1.300000000000000000e+01
3.465253829956055132e+00 1.209442257881164995e+00 -5.813104510307312012e-01 9.000000000000000000e+00
4.337468624114990234e+00 1.512164235115051047e+00 -5.640113353729248047e-01 1.200000000000000000e+01
5.648116111755371094e+00 1.967987537384032981e+00 -5.232830643653869629e-01 4.000000000000000000e+00
8.109112739562988281e+00 2.822304964065552202e+00 -4.499845504760742188e-01 1.000000000000000000e+00
3.646348571777343750e+01 1.268365955352783025e+01 8.913010597229003906e+00 1.200000000000000000e+01
1.398474311828612926e+01 4.861793994903563565e+00 -2.584352493286132812e-01 2.000000000000000000e+00
2.168826341629027876e+00 7.505995631217956543e-01 -6.149540543556213379e-01 1.600000000000000000e+01
2.475370407104492188e+00 8.557226061820983887e-01 -6.046684384346008301e-01 1.200000000000000000e+01
2.898483276367187944e+00 1.001424193382262962e+00 -5.960872769355773926e-01 1.200000000000000000e+01
3.473188877105712891e+00 1.198627710342407005e+00 -5.819361805915832520e-01 9.000000000000000000e+00
4.333337306976318359e+00 1.493779778480530007e+00 -5.627925992012023926e-01 1.100000000000000000e+01
4.213402938842772727e+01 1.451613521575927912e+01 7.058322906494140625e+00 1.500000000000000000e+01
5.636114120483398438e+00 1.941770076751708984e+00 -5.215399861335754395e-01 3.000000000000000000e+00
8.130246162414550781e+00 2.797881364822388139e+00 -4.506125748157501221e-01 1.000000000000000000e+00
3.664390563964843750e+01 1.260320281982422053e+01 8.946303367614746094e+00 1.200000000000000000e+01
1.399028205871582031e+01 4.809048175811767578e+00 -2.582257986068726141e-01 2.000000000000000000e+00
2.184097290039062944e+00 7.477836608886718750e-01 -6.185775399208068848e-01 1.500000000000000000e+01
2.474506616592406782e+00 8.462480902671813965e-01 -6.037686467170715332e-01 1.200000000000000000e+01
2.903645992279053178e+00 9.924419522285461426e-01 -5.964689254760742188e-01 1.300000000000000000e+01
3.480883598327637163e+00 1.188380122184752974e+00 -5.825619697570800781e-01 9.000000000000000000e+00
4.334508895874023438e+00 1.478120326995850053e+00 -5.623051524162292480e-01 1.100000000000000000e+01
5.648179531097412109e+00 1.924997568130492942e+00 -5.220628976821899414e-01 8.000000000000000000e+00
8.150824546813964844e+00 2.774766921997069868e+00 -4.512406289577484131e-01 1.000000000000000000e+00
3.926464462280272727e+01 1.335912895202637074e+01 9.575266838073730469e+00 1.200000000000000000e+01
1.402887153625487926e+01 4.770353317260742188e+00 -2.586446702480316162e-01 2.000000000000000000e+00
2.179374933242797852e+00 7.376776933670043945e-01 -6.165069937705993652e-01 1.500000000000000000e+01
2.494060277938843218e+00 8.432226181030273438e-01 -6.078177690505981445e-01 1.300000000000000000e+01
3.908822631835938211e+01 1.320782756805419922e+01 2.162312269210814986e+00 2.600000000000000000e+01
2.897792816162108931e+00 9.791579246520996094e-01 -5.945608019828796387e-01 1.300000000000000000e+01
3.485010623931885210e+00 1.176222324371337891e+00 -5.825619697570800781e-01 9.000000000000000000e+00
4.349047660827636719e+00 1.466151714324950950e+00 -5.635238289833068848e-01 1.100000000000000000e+01
5.671857833862304688e+00 1.910995364189147949e+00 -5.236316919326782227e-01 9.000000000000000000e+00
8.171817779541015625e+00 2.750120639801024947e+00 -4.518686532974243164e-01 1.000000000000000000e+00
3.912633132934570312e+01 1.315986347198485973e+01 9.530276298522949219e+00 1.200000000000000000e+01
1.406439208984375000e+01 4.727725982666015625e+00 -2.589937150478363037e-01 2.000000000000000000e+00
2.172776460647583008e+00 7.270008325576782227e-01 -6.139187812805175781e-01 1.600000000000000000e+01
2.502533435821533203e+00 8.363646864891052246e-01 -6.091674566268920898e-01 1.100000000000000000e+01
3.894238281250000000e+01 1.301482582092284979e+01 2.151845216751099077e+00 2.500000000000000000e+01
2.901193141937255859e+00 9.690367579460144043e-01 -5.945608019828796387e-01 1.300000000000000000e+01
3.490968942642211914e+00 1.164675354957581010e+00 -5.828748345375061035e-01 9.000000000000000000e+00
4.356022357940673828e+00 1.451589345932007058e+00 -5.637676119804382324e-01 1.100000000000000000e+01
5.663371562957763672e+00 1.886148810386657937e+00 -5.222371816635131836e-01 9.000000000000000000e+00
8.192738533020019531e+00 2.725361347198485884e+00 -4.524966776371002197e-01 2.000000000000000000e+00
3.898710632324218750e+01 1.296172714233398082e+01 9.485285758972167969e+00 1.200000000000000000e+01
1.411496734619140980e+01 4.689953327178955078e+00 -2.596220076084136963e-01 2.000000000000000000e+00
2.178969144821166992e+00 7.206251621246337891e-01 -6.149540543556213379e-01 1.600000000000000000e+01
2.503587245941162109e+00 8.270128965377807617e-01 -6.087175607681274414e-01 1.300000000000000000e+01
2.913879394531250000e+00 9.619811773300170898e-01 -5.964689254760742188e-01 1.300000000000000000e+01
3.496889114379882812e+00 1.153101086616515891e+00 -5.831876993179321289e-01 9.000000000000000000e+00
3.821036529541016336e+01 1.259249496459960938e+01 4.939851760864257812e+00 2.200000000000000000e+01
4.364833831787109375e+00 1.437617182731627974e+00 -5.642550587654113770e-01 1.100000000000000000e+01
5.677490711212158203e+00 1.868860244750977007e+00 -5.229344367980957031e-01 1.000000000000000000e+01
8.202201843261718750e+00 2.696746826171875000e+00 -4.524966776371002197e-01 2.000000000000000000e+00
3.903211593627929688e+01 1.282555770874023082e+01 9.485285758972167969e+00 1.200000000000000000e+01
1.414265155792235973e+01 4.644397735595703125e+00 -2.598314285278319757e-01 2.000000000000000000e+00
3.673584365844727273e+01 1.206392288208007990e+01 1.036052608489990057e+01 8.000000000000000000e+00
2.179386377334595171e+00 7.131753563880920410e-01 -6.144363880157470703e-01 1.400000000000000000e+01
2.500616073608397993e+00 8.173273205757141113e-01 -6.073678731918334961e-01 1.300000000000000000e+01
2.922485828399658203e+00 9.546510577201843262e-01 -5.976137518882751465e-01 1.200000000000000000e+01
3.498616456985474077e+00 1.141496896743773970e+00 -5.828748345375061035e-01 9.000000000000000000e+00
3.646058654785156250e+01 1.188898944854735973e+01 4.708787918090820312e+00 2.000000000000000000e+01
4.371215820312500000e+00 1.424512624740601030e+00 -5.644987821578979492e-01 1.100000000000000000e+01
5.683333873748779297e+00 1.851014733314513938e+00 -5.229344367980957031e-01 1.000000000000000000e+01
8.229626655578613281e+00 2.677144050598144975e+00 -4.535433948040009100e-01 1.000000000000000000e+00
3.925754165649414062e+01 1.276312351226806996e+01 9.530276298522949219e+00 1.200000000000000000e+01
1.423704910278319957e+01 4.625897884368895596e+00 -2.612974345684052069e-01 2.000000000000000000e+00
3.676829528808593750e+01 1.193964958190917969e+01 1.035845565795898082e+01 8.000000000000000000e+00
2.189214944839477983e+00 7.079411745071411133e-01 -6.165069937705993652e-01 1.500000000000000000e+01
2.503453731536864790e+00 8.085935115814208984e-01 -6.073678731918334961e-01 1.100000000000000000e+01
2.923932075500487837e+00 9.438408017158508301e-01 -5.972321629524230957e-01 1.300000000000000000e+01
3.504459857940673828e+00 1.129883646965027078e+00 -5.831876993179321289e-01 9.000000000000000000e+00
3.669080734252929688e+01 1.182252693176270064e+01 4.733161449432373047e+00 2.000000000000000000e+01
4.368603706359863281e+00 1.406811714172363059e+00 -5.635238289833068848e-01 1.100000000000000000e+01
5.695450305938720703e+00 1.832996010780334029e+00 -5.234574079513549805e-01 9.000000000000000000e+00
8.235118865966796875e+00 2.647178649902344194e+00 -4.533340632915496826e-01 2.000000000000000000e+00
1.425310993194580078e+01 4.576172828674316406e+00 -2.612974345684052069e-01 2.000000000000000000e+00
3.749403381347656250e+01 1.203079986572265980e+01 1.055101680755615057e+01 9.000000000000000000e+00
2.188114404678345171e+00 6.987372040748596191e-01 -6.154716610908508301e-01 1.500000000000000000e+01
2.511970281600952148e+00 8.011889457702636719e-01 -6.087175607681274414e-01 1.300000000000000000e+01
2.916148662567139116e+00 9.295402169227600098e-01 -5.949424505233764648e-01 1.300000000000000000e+01
3.517988920211791992e+00 1.120027899742126021e+00 -5.847520232200622559e-01 1.000000000000000000e+01
3.666957473754882812e+01 1.166750431060791016e+01 4.724874496459960938e+00 2.000000000000000000e+01
4.379405975341796875e+00 1.392595171928405984e+00 -5.642550587654113770e-01 1.100000000000000000e+01
5.709725379943847656e+00 1.814522624015808105e+00 -5.241546630859375000e-01 8.000000000000000000e+00
8.282838821411132812e+00 2.629062414169311968e+00 -4.554274976253510077e-01 2.000000000000000000e+00
1.426216220855713068e+01 4.521484851837158203e+00 -2.611578106880187988e-01 2.000000000000000000e+00
3.483436965942382812e+01 1.103673171997069957e+01 9.791124343872070312e+00 7.000000000000000000e+00
2.183170795440673828e+00 6.887700557708740234e-01 -6.134011149406433105e-01 1.600000000000000000e+01
2.527762174606322798e+00 7.965154051780700684e-01 -6.118668913841247559e-01 1.400000000000000000e+01
2.919375419616699219e+00 9.193553328514099121e-01 -5.949424505233764648e-01 1.200000000000000000e+01
3.514339685440063032e+00 1.105370283126831055e+00 -5.835005640983581543e-01 1.000000000000000000e+01
3.677446746826171875e+01 1.155967235565186080e+01 4.733161449432373047e+00 2.000000000000000000e+01
4.386134147644042969e+00 1.377894639968872070e+00 -5.644987821578979492e-01 1.100000000000000000e+01
5.708420753479003906e+00 1.792193651199341042e+00 -5.234574079513549805e-01 9.000000000000000000e+00
8.291965484619140625e+00 2.600133895874022993e+00 -4.554274976253510077e-01 2.000000000000000000e+00
3.895233917236328125e+01 1.220692253112792969e+01 9.424099922180175781e+00 1.200000000000000000e+01
1.430839061737061080e+01 4.481235504150390625e+00 -2.617162764072418213e-01 2.000000000000000000e+00
3.478050231933593750e+01 1.088621711730957031e+01 9.765242576599121094e+00 7.000000000000000000e+00
2.196627855300902876e+00 6.845940351486206055e-01 -6.165069937705993652e-01 1.500000000000000000e+01
2.519363164901732954e+00 7.842118740081787109e-01 -6.091674566268920898e-01 1.100000000000000000e+01
2.941313266754149947e+00 9.149909019470214844e-01 -5.987586379051208496e-01 1.300000000000000000e+01
3.518176794052124023e+00 1.093096256256103960e+00 -5.835005640983581543e-01 1.000000000000000000e+01
4.402292251586914062e+00 1.366105794906615989e+00 -5.659612417221069336e-01 1.100000000000000000e+01
5.731769084930419922e+00 1.777568101882935014e+00 -5.250262022018432617e-01 9.000000000000000000e+00
8.316253662109375000e+00 2.575901269912720171e+00 -4.562648534774780273e-01 2.000000000000000000e+00
3.892024612426757812e+01 1.204782867431640980e+01 9.406103134155273438e+00 1.200000000000000000e+01
1.432776641845702947e+01 4.432444572448729581e+00 -2.617861032485961914e-01 2.000000000000000000e+00
3.390839767456054688e+01 1.048991680145264027e+01 9.510564804077148438e+00 7.000000000000000000e+00
2.199004173278809038e+00 6.769222021102905273e-01 -6.165069937705993652e-01 1.500000000000000000e+01
2.516497135162353960e+00 7.736948728561401367e-01 -6.078177690505981445e-01 1.200000000000000000e+01
2.946365833282471147e+00 9.052948355674743652e-01 -5.991402268409729004e-01 1.300000000000000000e+01
3.521970987319945845e+00 1.080808758735656960e+00 -5.835005640983581543e-01 1.000000000000000000e+01
4.403238296508789062e+00 1.349567174911499023e+00 -5.654737353324890137e-01 1.200000000000000000e+01
5.745559215545654297e+00 1.759883761405945046e+00 -5.257234573364257812e-01 9.000000000000000000e+00
8.332834243774414062e+00 2.549193620681763139e+00 -4.566835463047028143e-01 1.000000000000000000e+00
3.910369873046875000e+01 1.195520019531250000e+01 9.440296173095703125e+00 1.200000000000000000e+01
1.436227607727050959e+01 4.388247489929199219e+00 -2.621351480484008789e-01 2.000000000000000000e+00
3.368055725097656250e+01 1.028432464599609020e+01 9.436024665832519531e+00 7.000000000000000000e+00
2.206781625747681108e+00 6.713129878044128418e-01 -6.180598735809326172e-01 1.500000000000000000e+01
2.517184495925902876e+00 7.647790908813476562e-01 -6.073678731918334961e-01 1.100000000000000000e+01
2.939959049224853960e+00 8.926673531532287598e-01 -5.972321629524230957e-01 1.300000000000000000e+01
3.525535583496094194e+00 1.069123625755310059e+00 -5.835005640983581543e-01 1.100000000000000000e+01
4.400090217590332031e+00 1.332656383514404075e+00 -5.644987821578979492e-01 1.100000000000000000e+01
5.762804985046386719e+00 1.744284272193908913e+00 -5.267692804336547852e-01 9.000000000000000000e+00
8.333594322204589844e+00 2.519235134124755859e+00 -4.562648534774780273e-01 1.000000000000000000e+00
3.924759292602539062e+01 1.185702228546142933e+01 9.465490341186523438e+00 1.200000000000000000e+01
1.439589214324950994e+01 4.346375942230224609e+00 -2.624841928482056219e-01 2.000000000000000000e+00
3.437108612060546875e+01 1.037724208831786932e+01 9.620304107666015625e+00 7.000000000000000000e+00
2.212811708450316939e+00 6.647173762321472168e-01 -6.190951466560363770e-01 1.500000000000000000e+01
2.523571729660034180e+00 7.571077942848205566e-01 -6.082676649093627930e-01 1.200000000000000000e+01
3.799456024169921875e+01 1.139168643951416016e+01 2.078784227371215820e+00 2.200000000000000000e+01
2.944937705993651900e+00 8.829634189605712891e-01 -5.976137518882751465e-01 1.200000000000000000e+01
3.540600299835205078e+00 1.060210585594177024e+00 -5.853777527809143066e-01 1.000000000000000000e+01
3.712052917480468750e+01 1.110845088958740057e+01 4.757535457611083984e+00 2.000000000000000000e+01
4.410420417785645419e+00 1.318995475769042969e+00 -5.652300119400024414e-01 1.000000000000000000e+01
5.768858432769775391e+00 1.724157691001892090e+00 -5.267692804336547852e-01 9.000000000000000000e+00
8.349992752075195312e+00 2.492415189743041992e+00 -4.566835463047028143e-01 1.000000000000000000e+00
3.937091064453125000e+01 1.174446105957031072e+01 9.485285758972167969e+00 1.200000000000000000e+01
1.443013954162598012e+01 4.301811695098876953e+00 -2.628332376480103094e-01 2.000000000000000000e+00
3.454219055175781250e+01 1.029091072082520064e+01 9.657573699951171875e+00 7.000000000000000000e+00
2.200187921524047852e+00 6.529785990715026855e-01 -6.149540543556213379e-01 1.500000000000000000e+01
2.542884111404418945e+00 7.537193298339843750e-01 -6.123167872428894043e-01 1.200000000000000000e+01
2.949731826782227007e+00 8.737503886222839355e-01 -5.979954004287719727e-01 1.200000000000000000e+01
3.536519765853881836e+00 1.046222209930419922e+00 -5.841262936592102051e-01 1.000000000000000000e+01
3.718761825561522727e+01 1.099429798126221058e+01 4.761435031890869141e+00 2.000000000000000000e+01
4.430000305175781250e+00 1.308862447738647017e+00 -5.671799182891845703e-01 1.000000000000000000e+01
5.751614570617675781e+00 1.698247551918030007e+00 -5.246775746345520020e-01 9.000000000000000000e+00
8.385031700134277344e+00 2.472620487213135210e+00 -4.581489562988281250e-01 1.000000000000000000e+00
3.940964126586914062e+01 1.161383724212645951e+01 9.485285758972167969e+00 1.200000000000000000e+01
1.445583534240723012e+01 4.257325172424316406e+00 -2.630426585674285889e-01 2.000000000000000000e+00
2.198745965957642046e+00 6.442081928253173828e-01 -6.139187812805175781e-01 1.200000000000000000e+01
2.543629169464110884e+00 7.442911863327026367e-01 -6.118668913841247559e-01 1.200000000000000000e+01
3.833192825317382812e+01 1.120904064178466975e+01 2.093019485473632812e+00 2.300000000000000000e+01
2.945226430892943892e+00 8.612444996833801270e-01 -5.964689254760742188e-01 1.200000000000000000e+01
3.532565355300902876e+00 1.031656026840209961e+00 -5.828748345375061035e-01 1.100000000000000000e+01
3.729056167602539062e+01 1.088333129882813033e+01 4.769722461700438565e+00 2.000000000000000000e+01
4.440258979797363281e+00 1.295058369636536089e+00 -5.679111480712890625e-01 1.100000000000000000e+01
5.788112163543701172e+00 1.687080860137939009e+00 -5.274665355682373047e-01 9.000000000000000000e+00
8.393611907958984375e+00 2.443336248397827148e+00 -4.581489562988281250e-01 1.000000000000000000e+00
1.449749088287354049e+01 4.214654445648193359e+00 -2.635313272476195734e-01 2.000000000000000000e+00
3.746094131469727273e+01 1.088340950012207031e+01 1.045266628265381037e+01 8.000000000000000000e+00
2.213971853256226030e+00 6.402861475944519043e-01 -6.175422668457031250e-01 1.500000000000000000e+01
2.536850690841674805e+00 7.327039837837219238e-01 -6.096173524856567383e-01 1.200000000000000000e+01
2.961418628692626953e+00 8.547695279121398926e-01 -5.991402268409729004e-01 1.200000000000000000e+01
3.547533750534058061e+00 1.022601604461669922e+00 -5.847520232200622559e-01 1.100000000000000000e+01
3.751907730102539062e+01 1.080804634094237926e+01 4.794095993041992188e+00 2.000000000000000000e+01
4.427584171295166016e+00 1.274608612060547097e+00 -5.657175183296203613e-01 1.000000000000000000e+01
5.778647899627686435e+00 1.662459492683411089e+00 -5.260720849037170410e-01 9.000000000000000000e+00
8.390572547912597656e+00 2.410713195800780806e+00 -4.575209319591522217e-01 1.000000000000000000e+00
3.904396820068358664e+01 1.121042919158936080e+01 9.378209114074707031e+00 1.200000000000000000e+01
1.450058174133300959e+01 4.160713672637938565e+00 -2.633219063282012939e-01 2.000000000000000000e+00
3.441804885864257812e+01 9.875718116760253906e+00 9.594422340393066406e+00 7.000000000000000000e+00
2.223623991012572798e+00 6.346749067306518555e-01 -6.196128129959106445e-01 1.400000000000000000e+01
2.545015096664429155e+00 7.254468798637390137e-01 -6.109670400619506836e-01 1.100000000000000000e+01
2.962496042251586914e+00 8.438892364501953125e-01 -5.987586379051208496e-01 1.200000000000000000e+01
3.552981615066527876e+00 1.010752677917480025e+00 -5.850648880004882812e-01 1.100000000000000000e+01
4.439644336700438565e+00 1.261315703392029031e+00 -5.666924715042114258e-01 1.000000000000000000e+01
5.807415485382080078e+00 1.648808002471924050e+00 -5.281637907028198242e-01 9.000000000000000000e+00
8.398936271667480469e+00 2.381409883499145952e+00 -4.575209319591522217e-01 1.000000000000000000e+00
1.459197902679443004e+01 4.131864547729492188e+00 -2.647181153297423761e-01 2.000000000000000000e+00
3.437779998779296875e+01 9.727937698364257812e+00 9.573199272155761719e+00 1.400000000000000000e+01
2.220247268676757812e+00 6.253379583358764648e-01 -6.180598735809326172e-01 1.300000000000000000e+01
2.543780088424683061e+00 7.155033946037292480e-01 -6.100672483444213867e-01 1.100000000000000000e+01
2.959753751754761186e+00 8.319492340087890625e-01 -5.976137518882751465e-01 1.100000000000000000e+01
3.567899227142333984e+00 1.001547574996948020e+00 -5.869421362876892090e-01 1.100000000000000000e+01
4.440197467803955078e+00 1.244739055633544922e+00 -5.662049651145935059e-01 1.000000000000000000e+01
5.809298515319824219e+00 1.627451419830322044e+00 -5.278151631355285645e-01 9.000000000000000000e+00
8.418738365173339844e+00 2.355306148529053178e+00 -4.581489562988281250e-01 1.000000000000000000e+00
3.994330596923828125e+01 1.116740322113036932e+01 9.575266838073730469e+00 1.200000000000000000e+01
1.460631275177001953e+01 4.080904006958007812e+00 -2.647181153297423761e-01 2.000000000000000000e+00
3.446754837036132812e+01 9.629998207092285156e+00 9.589245796203613281e+00 7.000000000000000000e+00
2.203803539276123047e+00 6.124116182327270508e-01 -6.128835082054138184e-01 1.300000000000000000e+01
2.548139810562133789e+00 7.071406841278076172e-01 -6.105171442031860352e-01 1.200000000000000000e+01
2.962639808654785156e+00 8.216127157211303711e-01 -5.976137518882751465e-01 1.100000000000000000e+01
3.565662384033203125e+00 9.875054955482482910e-01 -5.860034823417663574e-01 1.100000000000000000e+01
3.795543670654296875e+01 1.050457572937012074e+01 4.835531711578369141e+00 2.000000000000000000e+01
4.463647842407226562e+00 1.234523892402648926e+00 -5.686423778533935547e-01 1.000000000000000000e+01
5.811103343963623047e+00 1.606101751327515093e+00 -5.274665355682373047e-01 9.000000000000000000e+00
8.442310333251953125e+00 2.330156087875366211e+00 -4.589863419532775879e-01 1.000000000000000000e+00
4.007597351074218750e+01 1.105381393432617010e+01 9.597762107849121094e+00 1.200000000000000000e+01
1.462046909332275035e+01 4.029893398284912109e+00 -2.647181153297423761e-01 2.000000000000000000e+00
3.436479187011718750e+01 9.465640068054199219e+00 9.550940513610839844e+00 7.000000000000000000e+00
2.220938920974731001e+00 6.084134578704833984e-01 -6.170246005058288574e-01 1.400000000000000000e+01
2.554473876953125000e+00 6.988250017166137695e-01 -6.114169359207153320e-01 1.500000000000000000e+01
2.973206281661986861e+00 8.128194808959960938e-01 -5.991402268409729004e-01 1.100000000000000000e+01
3.569257974624633789e+00 9.744300246238708496e-01 -5.860034823417663574e-01 1.000000000000000000e+01
3.759917449951171875e+01 1.025776100158691051e+01 4.785321712493895596e+00 2.000000000000000000e+01
4.489209651947020596e+00 1.223899006843566895e+00 -5.713234543800354004e-01 8.000000000000000000e+00
5.805417060852050781e+00 1.581649780273437944e+00 -5.264207124710083008e-01 9.000000000000000000e+00
8.462357521057128906e+00 2.302343845367432085e+00 -4.596143662929534912e-01 1.000000000000000000e+00
4.021024322509766336e+01 1.093241786956786932e+01 9.620256423950195312e+00 1.200000000000000000e+01
1.466601657867431996e+01 3.984668493270874023e+00 -2.652765810489655096e-01 2.000000000000000000e+00
3.442372131347656250e+01 9.352718353271484375e+00 9.558187484741210938e+00 7.000000000000000000e+00
2.223049163818358931e+00 6.006572842597961426e-01 -6.170246005058288574e-01 1.500000000000000000e+01
3.992977523803710938e+01 1.078135776519775035e+01 7.219362258911132812e-01 3.800000000000000000e+01
2.545608997344971147e+00 6.868579983711242676e-01 -6.087175607681274414e-01 1.500000000000000000e+01
2.983607769012451172e+00 8.044804930686950684e-01 -6.006667017936706543e-01 1.100000000000000000e+01
3.578359842300415039e+00 9.635058641433715820e-01 -5.869421362876892090e-01 1.000000000000000000e+01
3.741622161865233664e+01 1.006765365600585938e+01 4.757535457611083984e+00 2.000000000000000000e+01
4.504956722259520596e+00 1.211314082145690918e+00 -5.727859139442443848e-01 8.000000000000000000e+00
5.822447299957275391e+00 1.564477562904357910e+00 -5.274665355682373047e-01 8.000000000000000000e+00
8.454910278320312500e+00 2.268649816513061968e+00 -4.587769806385039728e-01 1.000000000000000000e+00
3.855413436889647727e+01 1.033776187896729049e+01 9.215344429016113281e+00 1.200000000000000000e+01
1.467983627319335938e+01 3.933450222015380859e+00 -2.652765810489655096e-01 2.000000000000000000e+00
3.417625427246093750e+01 9.157500267028808594e+00 9.480541229248046875e+00 7.000000000000000000e+00
2.236228466033935991e+00 5.962683558464050293e-01 -6.201304197311401367e-01 1.500000000000000000e+01
2.545989513397216797e+00 6.779112815856933594e-01 -6.082676649093627930e-01 1.400000000000000000e+01
2.986258983612060991e+00 7.945820689201354980e-01 -6.006667017936706543e-01 1.200000000000000000e+01
3.573898792266846147e+00 9.496052265167236328e-01 -5.856906175613403320e-01 9.000000000000000000e+00
3.735346984863281250e+01 9.918049812316894531e+00 4.745348453521729404e+00 2.000000000000000000e+01
4.508948802947998047e+00 1.196368455886841042e+00 -5.727859139442443848e-01 8.000000000000000000e+00
3.919232940673828125e+01 1.039165782928466975e+01 6.421947479248046875e+00 1.400000000000000000e+01
5.839158535003662109e+00 1.548224806785583052e+00 -5.285124182701110840e-01 9.000000000000000000e+00
8.462387084960937500e+00 2.240599870681763139e+00 -4.587769806385039728e-01 1.000000000000000000e+00
1.475079727172851918e+01 3.900083065032958984e+00 -2.663237154483795166e-01 2.000000000000000000e+00
3.427740478515625000e+01 9.062881469726562500e+00 9.500211715698242188e+00 7.000000000000000000e+00
2.228954553604125977e+00 5.860028266906738281e-01 -6.175422668457031250e-01 1.600000000000000000e+01
2.555879831314086914e+00 6.709993481636047363e-01 -6.100672483444213867e-01 1.400000000000000000e+01
2.973822355270386186e+00 7.801676988601684570e-01 -5.976137518882751465e-01 1.100000000000000000e+01
3.594389677047729048e+00 9.416295886039733887e-01 -5.885064601898193359e-01 1.000000000000000000e+01
3.736865997314453125e+01 9.782574653625488281e+00 4.742911338806152344e+00 2.000000000000000000e+01
4.536142826080322266e+00 1.186650633811950906e+00 -5.757107734680175781e-01 8.000000000000000000e+00
3.910605239868164062e+01 1.022281360626221058e+01 6.401924133300781250e+00 1.400000000000000000e+01
5.836816787719726562e+00 1.525817275047302024e+00 -5.278151631355285645e-01 9.000000000000000000e+00
8.474021911621093750e+00 2.212055921554564986e+00 -4.589863419532775879e-01 1.000000000000000000e+00
1.484172248840332031e+01 3.868745565414429155e+00 -2.677199244499207098e-01 2.000000000000000000e+00
3.512735366821289062e+01 9.149990081787109375e+00 9.726419448852539062e+00 1.500000000000000000e+01
2.232957601547241211e+00 5.783137083053588867e-01 -6.180598735809326172e-01 1.500000000000000000e+01
5.928346252441406250e+01 1.534278488159180043e+01 1.068890094757080078e+00 6.000000000000000000e+01
2.580961942672729048e+00 6.674821972846984863e-01 -6.154660582542419434e-01 1.300000000000000000e+01
2.984265089035034180e+00 7.712277770042419434e-01 -5.991402268409729004e-01 1.200000000000000000e+01
3.595904111862183061e+00 9.279555678367614746e-01 -5.881935954093933105e-01 9.000000000000000000e+00
3.732737731933593750e+01 9.625718116760253906e+00 4.733161449432373047e+00 2.000000000000000000e+01
4.546228885650634766e+00 1.171502947807312012e+00 -5.764420032501220703e-01 1.000000000000000000e+01
3.864588546752929688e+01 9.951339721679687500e+00 6.320578098297119141e+00 1.400000000000000000e+01
5.853946685791015625e+00 1.507395029067992942e+00 -5.288610458374023438e-01 9.000000000000000000e+00
8.497547149658203125e+00 2.184961318969727007e+00 -4.598236978054047186e-01 3.000000000000000000e+00
1.485580253601074041e+01 3.814321756362915039e+00 -2.677199244499207098e-01 2.000000000000000000e+00
2.238706350326538086e+00 5.714713931083679199e-01 -6.190951466560363770e-01 1.500000000000000000e+01
5.943354034423828125e+01 1.516046714782715021e+01 1.070635318756103960e+00 5.900000000000000000e+01
2.577611207962036133e+00 6.570248603820800781e-01 -6.141163706779479980e-01 1.300000000000000000e+01
2.994549036026000977e+00 7.627444267272949219e-01 -6.006667017936706543e-01 1.200000000000000000e+01
3.587634801864624023e+00 9.124764204025268555e-01 -5.863163471221923828e-01 9.000000000000000000e+00
3.697596359252929688e+01 9.397568702697753906e+00 4.684413909912109375e+00 2.000000000000000000e+01
4.559910297393798828e+00 1.158069729804992898e+00 -5.776606798171997070e-01 1.000000000000000000e+01
3.879909515380858664e+01 9.846507072448730469e+00 6.339975833892822266e+00 1.400000000000000000e+01
5.859172821044921875e+00 1.486951708793639915e+00 -5.288610458374023438e-01 9.000000000000000000e+00
8.497377395629882812e+00 2.153323411941527876e+00 -4.594050347805023193e-01 1.000000000000000000e+00
1.484576320648193004e+01 3.756555795669556108e+00 -2.673010528087615967e-01 2.000000000000000000e+00
3.500122070312500000e+01 8.856670379638671875e+00 9.674138069152832031e+00 7.000000000000000000e+00
2.240490436553955078e+00 5.644354820251464844e-01 -6.190951466560363770e-01 1.400000000000000000e+01
2.562653779983520952e+00 6.446452140808105469e-01 -6.100672483444213867e-01 1.300000000000000000e+01
3.000738620758057085e+00 7.542902231216430664e-01 -6.014299392700195312e-01 1.200000000000000000e+01
3.590483903884888139e+00 9.012010097503662109e-01 -5.863163471221923828e-01 9.000000000000000000e+00
3.693983840942382812e+01 9.264939308166503906e+00 4.676126480102539062e+00 2.000000000000000000e+01
4.567377090454101562e+00 1.144703865051269975e+00 -5.781481862068176270e-01 8.000000000000000000e+00
5.883141994476318359e+00 1.473377585411071999e+00 -5.306041836738586426e-01 9.000000000000000000e+00
8.492475509643554688e+00 2.123710393905640093e+00 -4.587769806385039728e-01 1.000000000000000000e+00
1.493897724151610973e+01 3.730244636535644975e+00 -2.687670588493347168e-01 2.000000000000000000e+00
3.565488815307617188e+01 8.902982711791992188e+00 9.847029685974121094e+00 7.000000000000000000e+00
2.249946832656859907e+00 5.584728121757507324e-01 -6.211656928062438965e-01 1.300000000000000000e+01
2.576237440109252930e+00 6.385087370872497559e-01 -6.127666831016540527e-01 1.200000000000000000e+01
3.837827682495117188e+01 9.504772186279296875e+00 2.072085142135620117e+00 2.200000000000000000e+01
2.993824958801269975e+00 7.414513230323791504e-01 -5.995218753814697266e-01 1.200000000000000000e+01
3.605113267898560014e+00 8.915076255798339844e-01 -5.881935954093933105e-01 9.000000000000000000e+00
3.699893188476563211e+01 9.142605781555175781e+00 4.679539203643798828e+00 2.000000000000000000e+01
4.563636302947998047e+00 1.126850247383117898e+00 -5.771732330322265625e-01 8.000000000000000000e+00
5.884380817413330078e+00 1.451878070831299050e+00 -5.302555561065673828e-01 9.000000000000000000e+00
8.499836921691894531e+00 2.094053268432617188e+00 -4.587769806385039728e-01 1.000000000000000000e+00
3.422502899169921875e+01 8.425477027893066406e+00 8.137379646301269531e+00 1.000000000000000000e+01
1.494025611877441051e+01 3.675209045410155806e+00 -2.685576379299163818e-01 2.000000000000000000e+00
3.567227172851563211e+01 8.768551826477050781e+00 9.842887878417968750e+00 7.000000000000000000e+00
2.248129606246947798e+00 5.496979355812072754e-01 -6.201304197311401367e-01 1.400000000000000000e+01
5.938970565795897727e+01 1.451059818267822088e+01 1.067144870758057085e+00 6.000000000000000000e+01
2.582236766815185991e+00 6.304365396499633789e-01 -6.136664748191833496e-01 1.300000000000000000e+01
2.996394872665404829e+00 7.309963703155517578e-01 -5.995218753814697266e-01 1.200000000000000000e+01
3.608203411102294922e+00 8.789179921150207520e-01 -5.881935954093933105e-01 9.000000000000000000e+00
3.752053070068358664e+01 9.132645606994628906e+00 4.741448879241943359e+00 2.000000000000000000e+01
4.579114913940429688e+00 1.113728165626526101e+00 -5.786356329917907715e-01 8.000000000000000000e+00
5.866180419921875000e+00 1.425682663917541948e+00 -5.281637907028198242e-01 9.000000000000000000e+00
3.594300842285156250e+01 8.728738784790039062e+00 7.189682960510253906e+00 6.100000000000000000e+01
8.534267425537109375e+00 2.070964336395264116e+00 -4.602423906326293945e-01 1.000000000000000000e+00
3.425423049926757812e+01 8.305958747863769531e+00 8.137379646301269531e+00 1.000000000000000000e+01
1.502295875549316051e+01 3.639987707138061968e+00 -2.698141932487487793e-01 2.000000000000000000e+00
3.657608032226563211e+01 8.862200736999511719e+00 1.008410739898681996e+01 8.000000000000000000e+00
2.231253147125244141e+00 5.373242497444152832e-01 -6.149540543556213379e-01 1.500000000000000000e+01
2.590106010437012163e+00 6.227857470512390137e-01 -6.150161623954772949e-01 1.300000000000000000e+01
3.000837087631226030e+00 7.209911942481994629e-01 -5.999034643173217773e-01 1.100000000000000000e+01
3.611249446868896040e+00 8.663176894187927246e-01 -5.881935954093933105e-01 9.000000000000000000e+00
3.766028594970703125e+01 9.027531623840332031e+00 4.755097866058349609e+00 2.000000000000000000e+01
4.590696811676025391e+00 1.099586844444274902e+00 -5.796105861663818359e-01 9.000000000000000000e+00
3.816109466552733664e+01 9.133496284484863281e+00 6.214828491210938388e+00 1.400000000000000000e+01
5.878871917724609375e+00 1.407052159309386985e+00 -5.288610458374023438e-01 9.000000000000000000e+00
3.597325897216796875e+01 8.603220939636230469e+00 7.189682960510253906e+00 6.100000000000000000e+01
8.533674240112304688e+00 2.039304733276367188e+00 -4.598236978054047186e-01 1.000000000000000000e+00
3.419582366943358664e+01 8.165517807006835938e+00 8.116683959960937500e+00 1.000000000000000000e+01
1.501612186431884943e+01 3.582884550094604048e+00 -2.694651484489440918e-01 2.000000000000000000e+00
3.655793380737304688e+01 8.722815513610839844e+00 1.007064914703368963e+01 8.000000000000000000e+00
2.240633964538574219e+00 5.313153862953186035e-01 -6.170246005058288574e-01 1.500000000000000000e+01
2.590367794036864790e+00 6.132918000221252441e-01 -6.145662665367126465e-01 1.400000000000000000e+01
3.009067058563231978e+00 7.118678689002990723e-01 -6.010483503341674805e-01 1.200000000000000000e+01
3.602716445922852007e+00 8.509821891784667969e-01 -5.863163471221923828e-01 9.000000000000000000e+00
3.771088790893554688e+01 8.900577545166015625e+00 4.757535457611083984e+00 2.000000000000000000e+01
4.598371028900145596e+00 1.084466934204102007e+00 -5.800980925559997559e-01 1.100000000000000000e+01
5.895383358001708984e+00 1.389264464378356934e+00 -5.299069285392761230e-01 9.000000000000000000e+00
8.548517227172851562e+00 2.011333942413330078e+00 -4.602423906326293945e-01 1.000000000000000000e+00
3.433794021606445312e+01 8.072861671447753906e+00 8.143677711486816406e+00 1.000000000000000000e+01
1.512587261199950994e+01 3.553312301635742188e+00 -2.712104022502899170e-01 2.000000000000000000e+00
3.658213806152343750e+01 8.586998939514160156e+00 1.006857872009276988e+01 8.000000000000000000e+00
2.253762483596802202e+00 5.261259078979492188e-01 -6.201304197311401367e-01 1.400000000000000000e+01
2.581105709075928178e+00 6.015919446945190430e-01 -6.118668913841247559e-01 1.200000000000000000e+01
3.017269849777222124e+00 7.026958465576171875e-01 -6.021931767463684082e-01 1.100000000000000000e+01
3.619133472442626953e+00 8.415328860282897949e-01 -5.885064601898193359e-01 9.000000000000000000e+00
3.779973220825195312e+01 8.782365798950195312e+00 4.764847755432128906e+00 2.000000000000000000e+01
4.607929706573486328e+00 1.069755792617798074e+00 -5.808292627334594727e-01 1.200000000000000000e+01
5.913782596588134766e+00 1.371828913688659890e+00 -5.311270952224731445e-01 9.000000000000000000e+00
8.501005172729492188e+00 1.968863844871520996e+00 -4.573116004467009943e-01 3.000000000000000000e+00
3.363686370849608664e+01 7.784235000610351562e+00 7.970915794372558594e+00 1.000000000000000000e+01
1.513818359375000000e+01 3.500491380691527876e+00 -2.712104022502899170e-01 2.000000000000000000e+00
3.375085067749022727e+01 7.798202514648438388e+00 9.281768798828125000e+00 6.000000000000000000e+00
2.261233806610106978e+00 5.195533633232116699e-01 -6.216833591461181641e-01 1.500000000000000000e+01
2.590787410736083984e+00 5.943214297294616699e-01 -6.136664748191833496e-01 1.200000000000000000e+01
3.982548522949218750e+01 9.135885238647460938e+00 2.141377925872803178e+00 2.500000000000000000e+01
3.015877246856689009e+00 6.912820935249328613e-01 -6.014299392700195312e-01 1.200000000000000000e+01
3.618197679519652876e+00 8.280133008956909180e-01 -5.878807306289672852e-01 8.000000000000000000e+00
3.788821411132813211e+01 8.663640975952148438e+00 4.772159576416015625e+00 2.000000000000000000e+01
4.603894710540770596e+00 1.051895976066588911e+00 -5.798543095588684082e-01 1.100000000000000000e+01
5.924362659454345703e+00 1.352507948875427024e+00 -5.316500067710876465e-01 9.000000000000000000e+00
8.523404121398925781e+00 1.942728519439697044e+00 -4.581489562988281250e-01 4.000000000000000000e+00
3.372083282470703125e+01 7.679754734039306641e+00 7.984412670135498047e+00 1.000000000000000000e+01
1.519710636138916016e+01 3.458276987075806108e+00 -2.720481157302855890e-01 2.000000000000000000e+00
3.378916931152343750e+01 7.682912349700927734e+00 9.284873962402343750e+00 6.000000000000000000e+00
2.255496501922606978e+00 5.099529027938842773e-01 -6.196128129959106445e-01 1.600000000000000000e+01
2.602350711822510210e+00 5.874196887016296387e-01 -6.159160137176513672e-01 1.500000000000000000e+01
3.016356706619263139e+00 6.803185343742370605e-01 -6.010483503341674805e-01 1.200000000000000000e+01
3.621065855026245117e+00 8.153783679008483887e-01 -5.878807306289672852e-01 8.000000000000000000e+00
3.786012649536132812e+01 8.518261909484863281e+00 4.764847755432128906e+00 2.000000000000000000e+01
4.617222309112548828e+00 1.037995934486388938e+00 -5.810730457305908203e-01 9.000000000000000000e+00
3.610557556152343750e+01 8.116880416870117188e+00 5.861286640167236328e+00 1.300000000000000000e+01
5.923215866088867188e+00 1.330509781837462935e+00 -5.311270952224731445e-01 9.000000000000000000e+00
8.571060180664062500e+00 1.922142505645751953e+00 -4.603470563888549805e-01 4.000000000000000000e+00
3.302483367919921875e+01 7.400082588195800781e+00 7.813449859619140625e+00 9.000000000000000000e+00
1.516225242614745916e+01 3.394722461700439009e+00 -2.712104022502899170e-01 2.000000000000000000e+00
3.383086013793945312e+01 7.568293571472167969e+00 9.289015769958496094e+00 6.000000000000000000e+00
2.255377054214477983e+00 5.016572475433349609e-01 -6.190951466560363770e-01 1.500000000000000000e+01
2.598678112030028853e+00 5.770648717880249023e-01 -6.145662665367126465e-01 1.400000000000000000e+01
3.022546291351317915e+00 6.706358790397644043e-01 -6.018115878105163574e-01 1.200000000000000000e+01
3.635461807250977007e+00 8.052968382835388184e-01 -5.897579193115234375e-01 9.000000000000000000e+00
4.622756004333496094e+00 1.022301197052001953e+00 -5.813167691230773926e-01 1.100000000000000000e+01
3.619155120849608664e+01 8.003595352172851562e+00 5.870672702789306641e+00 1.300000000000000000e+01
5.925878524780273438e+00 1.309395909309386985e+00 -5.309528112411499023e-01 9.000000000000000000e+00
3.554280090332031250e+01 7.847114562988281250e+00 7.075197696685791016e+00 6.100000000000000000e+01
8.597220420837402344e+00 1.896514654159545898e+00 -4.613938033580780029e-01 6.000000000000000000e+00
3.309994125366210938e+01 7.295665264129638672e+00 7.825147151947020596e+00 9.000000000000000000e+00
1.522087955474854049e+01 3.352097749710083008e+00 -2.720481157302855890e-01 2.000000000000000000e+00
3.285962677001953125e+01 7.236682891845703125e+00 9.015702247619628906e+00 6.000000000000000000e+00
2.264663219451903853e+00 4.954328835010529120e-01 -6.211656928062438965e-01 1.400000000000000000e+01
2.602580547332764116e+00 5.684060454368591309e-01 -6.150161623954772949e-01 1.500000000000000000e+01
3.855698776245117188e+01 8.420882225036621094e+00 2.068316936492919922e+00 2.200000000000000000e+01
3.040213823318481001e+00 6.634296774864196777e-01 -6.048645377159118652e-01 1.200000000000000000e+01
3.624739885330200195e+00 7.896584272384643555e-01 -5.875678658485412598e-01 9.000000000000000000e+00
3.621175765991210938e+01 7.882199764251708984e+00 4.550357341766357422e+00 1.900000000000000000e+01
4.645693778991699219e+00 1.010377168655395952e+00 -5.837541818618774414e-01 1.100000000000000000e+01
3.645090103149414062e+01 7.927590847015380859e+00 5.908216953277587891e+00 1.300000000000000000e+01
5.938200950622558594e+00 1.290395140647887962e+00 -5.316500067710876465e-01 9.000000000000000000e+00
8.631114006042480469e+00 1.872421264648437944e+00 -4.628591835498809814e-01 4.000000000000000000e+00
3.325852203369141336e+01 7.208977222442626953e+00 7.856640338897705078e+00 9.000000000000000000e+00
1.528330230712890980e+01 3.309951543807982954e+00 -2.729556262493134100e-01 2.000000000000000000e+00
3.281606674194335938e+01 7.101080417633056641e+00 8.996549606323242188e+00 1.200000000000000000e+01
2.273848056793212891e+00 4.895466566085814875e-01 -6.232362389564514160e-01 1.600000000000000000e+01
2.593019723892211914e+00 5.573155283927917480e-01 -6.123167872428894043e-01 1.200000000000000000e+01
3.858614730834960938e+01 8.286242485046386719e+00 2.068316936492919922e+00 2.200000000000000000e+01
3.025121688842772993e+00 6.496344804763793945e-01 -6.014299392700195312e-01 1.300000000000000000e+01
3.635064601898192915e+00 7.792903184890747070e-01 -5.888193249702453613e-01 9.000000000000000000e+00
3.614064407348632812e+01 7.741285324096679688e+00 4.538170814514160156e+00 1.900000000000000000e+01
4.631548404693604404e+00 9.912270307540893555e-01 -5.815604925155639648e-01 9.000000000000000000e+00
3.643835449218750000e+01 7.798403739929199219e+00 5.901959419250488281e+00 1.300000000000000000e+01
5.946343898773193359e+00 1.271529436111449973e+00 -5.319986343383789062e-01 9.000000000000000000e+00
3.569138717651367188e+01 7.625512123107910156e+00 7.094278335571289062e+00 6.100000000000000000e+01
8.631416320800781250e+00 1.842538237571716087e+00 -4.625451862812042236e-01 3.000000000000000000e+00
1.536069011688232067e+01 3.273422718048096147e+00 -2.741424143314362127e-01 2.000000000000000000e+00
3.300259399414063211e+01 7.032980918884277344e+00 9.041584968566894531e+00 6.000000000000000000e+00
2.283102989196776900e+00 4.832064807415009100e-01 -6.253067851066589355e-01 1.600000000000000000e+01
5.942660903930664062e+01 1.256648731231688920e+01 1.060233712196350098e+00 6.100000000000000000e+01
2.600669384002685991e+00 5.494692921638488770e-01 -6.136664748191833496e-01 1.400000000000000000e+01
3.033133745193481001e+00 6.402873992919921875e-01 -6.025748252868652344e-01 1.200000000000000000e+01
3.645494461059569868e+00 7.682261466979980469e-01 -5.900707840919494629e-01 9.000000000000000000e+00
4.627209663391113281e+00 9.734192490577697754e-01 -5.805855393409729004e-01 1.100000000000000000e+01
5.958545207977294922e+00 1.252404332160949929e+00 -5.326958894729614258e-01 9.000000000000000000e+00
8.700345993041992188e+00 1.825522184371948020e+00 -4.658946692943572998e-01 1.000000000000000000e+00
1.536419486999512074e+01 3.218144178390502930e+00 -2.740027904510498047e-01 2.000000000000000000e+00
3.344792938232421875e+01 6.999822139739990234e+00 9.156499862670898438e+00 6.000000000000000000e+00
2.275318861007689986e+00 4.732669889926909845e-01 -6.227186322212219238e-01 1.600000000000000000e+01
2.610203742980957031e+00 5.419726371765136719e-01 -6.154660582542419434e-01 1.400000000000000000e+01
3.869390106201171875e+01 8.027208328247070312e+00 2.071038484573363814e+00 2.200000000000000000e+01
3.033427953720093218e+00 6.292970776557922363e-01 -6.021931767463684082e-01 1.200000000000000000e+01
3.652022361755371094e+00 7.562974691390991211e-01 -5.906965136528015137e-01 1.000000000000000000e+01
3.619380569458007812e+01 7.488789558410645419e+00 4.538170814514160156e+00 1.900000000000000000e+01
4.650019645690917969e+00 9.612801074981689453e-01 -5.830229520797729492e-01 9.000000000000000000e+00
5.966783046722412109e+00 1.232403516769408958e+00 -5.330445170402526855e-01 9.000000000000000000e+00
8.687104225158691406e+00 1.791108131408690962e+00 -4.648479521274567206e-01 3.000000000000000000e+00
3.405246734619141336e+01 7.014745712280273438e+00 8.026703834533691406e+00 1.000000000000000000e+01
1.541450691223145064e+01 3.172555923461914062e+00 -2.747008800506591797e-01 2.000000000000000000e+00
3.318712615966796875e+01 6.830450057983398438e+00 9.078854560852050781e+00 6.000000000000000000e+00
2.261815071105957031e+00 4.622273743152617853e-01 -6.185775399208068848e-01 1.600000000000000000e+01
2.615898370742797852e+00 5.336371064186096191e-01 -6.163659095764160156e-01 1.300000000000000000e+01
3.043300867080688032e+00 6.202729344367980957e-01 -6.037196516990661621e-01 1.200000000000000000e+01
3.646897315979003906e+00 7.419696450233459473e-01 -5.894450545310974121e-01 1.100000000000000000e+01
3.609522628784179688e+01 7.337096691131591797e+00 4.522571563720703125e+00 1.900000000000000000e+01
4.661128044128417969e+00 9.466229677200317383e-01 -5.839979052543640137e-01 1.100000000000000000e+01
3.622892761230468750e+01 7.351105690002441406e+00 5.855029106140136719e+00 1.300000000000000000e+01
5.959332942962645596e+00 1.209190964698791948e+00 -5.319986343383789062e-01 9.000000000000000000e+00
8.693303108215332031e+00 1.760773539543152078e+00 -4.648479521274567206e-01 3.000000000000000000e+00
3.427156829833983664e+01 6.935262680053710938e+00 8.072593688964843750e+00 1.000000000000000000e+01
1.548428821563721058e+01 3.130618333816527876e+00 -2.757480144500731867e-01 2.000000000000000000e+00
3.329146957397460938e+01 6.724832057952880859e+00 9.100595474243164062e+00 6.000000000000000000e+00
2.280541419982910156e+00 4.573530554771422785e-01 -6.232362389564514160e-01 1.600000000000000000e+01
2.619747638702393022e+00 5.244282484054565430e-01 -6.168158054351806641e-01 1.300000000000000000e+01
3.772019195556641336e+01 7.544085025787354404e+00 2.015980958938599077e+00 2.200000000000000000e+01
3.045553922653197798e+00 6.091144680976867676e-01 -6.037196516990661621e-01 1.200000000000000000e+01
3.649592161178588867e+00 7.285981178283691406e-01 -5.894450545310974121e-01 1.200000000000000000e+01
3.640999603271483664e+01 7.262218952178955078e+00 4.558644771575927734e+00 1.900000000000000000e+01
4.656779289245604581e+00 9.279808998107910156e-01 -5.830229520797729492e-01 9.000000000000000000e+00
3.643259429931641336e+01 7.260115146636962891e+00 5.883812904357910156e+00 1.300000000000000000e+01
5.983265399932861328e+00 1.191231131553649902e+00 -5.337417721748352051e-01 9.000000000000000000e+00
3.454787826538085938e+01 6.872000217437744141e+00 6.846990108489990234e+00 5.900000000000000000e+01
8.711451530456542969e+00 1.731235027313231978e+00 -4.654760062694550116e-01 3.000000000000000000e+00
1.553488826751708984e+01 3.081626415252685991e+00 -2.764461040496826172e-01 2.000000000000000000e+00
3.520967102050781250e+01 6.984475612640380859e+00 9.618233680725097656e+00 7.000000000000000000e+00
2.280228376388549805e+00 4.490164220333098810e-01 -6.227186322212219238e-01 1.500000000000000000e+01
2.610089302062987837e+00 5.130254030227661133e-01 -6.141163706779479980e-01 9.000000000000000000e+00
3.057293891906737837e+00 6.003713607788085938e-01 -6.056277751922607422e-01 1.300000000000000000e+01
3.648236274719237837e+00 7.150942683219909668e-01 -5.888193249702453613e-01 1.100000000000000000e+01
3.759618377685546875e+01 7.362450599670410156e+00 4.703912734985351562e+00 2.000000000000000000e+01
4.667782783508300781e+00 9.132446646690368652e-01 -5.839979052543640137e-01 9.000000000000000000e+00
5.985431671142578125e+00 1.169956088066101074e+00 -5.335674285888671875e-01 9.000000000000000000e+00
8.713521003723144531e+00 1.700050830841064009e+00 -4.652666449546813965e-01 1.000000000000000000e+00
3.368911361694335938e+01 6.566808223724365234e+00 7.924125671386718750e+00 9.000000000000000000e+00
1.544740962982177912e+01 3.008268594741820845e+00 -2.747008800506591797e-01 2.000000000000000000e+00
3.326668167114257812e+01 6.472413539886474609e+00 9.080924987792968750e+00 6.000000000000000000e+00
2.289291620254517046e+00 4.429202973842620850e-01 -6.247891783714294434e-01 1.500000000000000000e+01
2.598382472991942915e+00 5.017806887626647949e-01 -6.109670400619506836e-01 8.000000000000000000e+00
3.053484678268433061e+00 5.891139507293701172e-01 -6.044828891754150391e-01 1.200000000000000000e+01
3.662225961685181108e+00 7.052335739135742188e-01 -5.906965136528015137e-01 1.100000000000000000e+01
4.659089088439941406e+00 8.955125808715820312e-01 -5.825354456901550293e-01 1.100000000000000000e+01
3.694285964965820312e+01 7.100700378417968750e+00 5.958275794982910156e+00 1.300000000000000000e+01
5.995148181915283203e+00 1.151228427886962891e+00 -5.340903997421264648e-01 9.000000000000000000e+00
8.746572494506835938e+00 1.676409840583801047e+00 -4.667320549488068182e-01 1.000000000000000000e+00
3.353844833374022727e+01 6.422070503234863281e+00 7.883634567260742188e+00 9.000000000000000000e+00
1.557514476776123047e+01 2.979570627212523970e+00 -2.767951786518096924e-01 2.000000000000000000e+00
3.335136413574218750e+01 6.380212783813476562e+00 9.098525047302246094e+00 6.000000000000000000e+00
2.290823698043822798e+00 4.349264800548552912e-01 -6.247891783714294434e-01 1.400000000000000000e+01
2.607776880264281782e+00 4.941588640213013250e-01 -6.127666831016540527e-01 8.000000000000000000e+00
3.053593635559082031e+00 5.780865550041198730e-01 -6.041013002395629883e-01 1.200000000000000000e+01
3.670488595962523970e+00 6.935459971427917480e-01 -5.916351675987243652e-01 1.000000000000000000e+01
3.709924697875977273e+01 7.003269672393798828e+00 4.635665893554688388e+00 1.900000000000000000e+01
4.662186622619628906e+00 8.792438507080078125e-01 -5.825354456901550293e-01 9.000000000000000000e+00
6.003046512603759766e+00 1.131032228469849077e+00 -5.344390273094177246e-01 9.000000000000000000e+00
8.775925636291503906e+00 1.650297760963439941e+00 -4.679881334304810125e-01 1.000000000000000000e+00
1.556579685211181996e+01 2.921496152877808061e+00 -2.764461040496826172e-01 2.000000000000000000e+00
3.415681457519531250e+01 6.404615402221679688e+00 9.311791419982910156e+00 6.000000000000000000e+00
2.277134418487548828e+00 4.240976870059967041e-01 -6.206480860710144043e-01 1.500000000000000000e+01
2.601822137832642046e+00 4.836284816265106201e-01 -6.109670400619506836e-01 8.000000000000000000e+00
3.762425613403320312e+01 6.986828804016113281e+00 2.005513906478881836e+00 2.100000000000000000e+01
3.057523012161254883e+00 5.677824020385742188e-01 -6.044828891754150391e-01 1.200000000000000000e+01
3.670944690704346147e+00 6.803693771362304688e-01 -5.913223028182983398e-01 1.100000000000000000e+01
3.683068084716796875e+01 6.819514751434326172e+00 4.599105358123779297e+00 1.900000000000000000e+01
4.684746742248535156e+00 8.665751814842224121e-01 -5.849728584289550781e-01 9.000000000000000000e+00
3.746936416625977273e+01 6.931008815765380859e+00 6.035241603851318359e+00 1.300000000000000000e+01
5.999120712280273438e+00 1.108622670173645020e+00 -5.337417721748352051e-01 8.000000000000000000e+00
8.781632423400878906e+00 1.619654059410094993e+00 -4.679881334304810125e-01 1.000000000000000000e+00
1.564276599884033025e+01 2.879452228546143022e+00 -2.776328921318054199e-01 2.000000000000000000e+00
3.350148773193358664e+01 6.166807651519775391e+00 9.127511978149414062e+00 6.000000000000000000e+00
2.280501365661621094e+00 4.164935052394866943e-01 -6.211656928062438965e-01 1.600000000000000000e+01
2.614997386932373047e+00 4.766401350498198908e-01 -6.136664748191833496e-01 8.000000000000000000e+00
3.059486389160155806e+00 5.571061968803405762e-01 -6.044828891754150391e-01 1.200000000000000000e+01
3.669410228729248047e+00 6.668448448181152344e-01 -5.906965136528015137e-01 1.100000000000000000e+01
3.667847824096679688e+01 6.658996105194091797e+00 4.577168941497802734e+00 1.900000000000000000e+01
4.683836936950683594e+00 8.495085835456848145e-01 -5.844853520393371582e-01 9.000000000000000000e+00
6.036282062530517578e+00 1.093713760375977007e+00 -5.367050766944885254e-01 9.000000000000000000e+00
8.787232398986816406e+00 1.588990569114685059e+00 -4.679881334304810125e-01 1.000000000000000000e+00
3.391836166381835938e+01 6.127325534820556641e+00 7.957418441772460938e+00 9.000000000000000000e+00
1.573537445068359020e+01 2.839747190475463867e+00 -2.790988981723784845e-01 2.000000000000000000e+00
3.347908401489257812e+01 6.041936874389648438e+00 9.115606307983398438e+00 1.300000000000000000e+01
2.289547681808472124e+00 4.098922908306121826e-01 -6.232362389564514160e-01 1.500000000000000000e+01
2.599380016326903853e+00 4.644244611263275146e-01 -6.096173524856567383e-01 7.000000000000000000e+00
3.069143295288085938e+00 5.478031039237976074e-01 -6.060093641281127930e-01 1.300000000000000000e+01
3.671715497970581055e+00 6.540321707725524902e-01 -5.906965136528015137e-01 1.100000000000000000e+01
4.692636966705322266e+00 8.341960906982421875e-01 -5.852165818214416504e-01 1.100000000000000000e+01
3.663888931274414062e+01 6.506588935852050781e+00 5.893825054168701172e+00 1.300000000000000000e+01
6.030254840850830078e+00 1.070894598960876021e+00 -5.358334779739379883e-01 9.000000000000000000e+00
8.816325187683105469e+00 1.562490105628967063e+00 -4.692441821098328192e-01 1.000000000000000000e+00
3.401246261596679688e+01 6.021800994873046875e+00 7.974514961242675781e+00 1.000000000000000000e+01
1.572156143188476918e+01 2.780623912811278853e+00 -2.786800265312194824e-01 2.000000000000000000e+00
3.356084442138671875e+01 5.935802936553955078e+00 9.132171630859375000e+00 1.300000000000000000e+01
2.292867422103881836e+00 4.022315740585327148e-01 -6.237539052963256836e-01 1.400000000000000000e+01
2.610583066940308061e+00 4.570283591747283936e-01 -6.118668913841247559e-01 8.000000000000000000e+00
3.793144226074218750e+01 6.633741378784179688e+00 2.018074512481689009e+00 2.200000000000000000e+01
3.065235137939453125e+00 5.360717773437500000e-01 -6.048645377159118652e-01 1.200000000000000000e+01
3.681760072708129883e+00 6.425700187683105469e-01 -5.919480323791503906e-01 1.100000000000000000e+01
3.785831451416016336e+01 6.600524902343750000e+00 4.718537330627441406e+00 2.000000000000000000e+01
4.689653396606445312e+00 8.167887926101684570e-01 -5.844853520393371582e-01 9.000000000000000000e+00
3.668083953857421875e+01 6.382041931152343750e+00 5.896953582763671875e+00 1.300000000000000000e+01
6.057510852813720703e+00 1.053936839103698953e+00 -5.379252433776855469e-01 9.000000000000000000e+00
8.833532333374023438e+00 1.533755898475646973e+00 -4.698722064495087225e-01 1.000000000000000000e+00
1.577845954895020064e+01 2.733922004699707031e+00 -2.795177400112152100e-01 2.000000000000000000e+00
3.543452835083007812e+01 6.133344173431395596e+00 9.635832786560058594e+00 7.000000000000000000e+00
2.294119596481322798e+00 3.950263559818267822e-01 -6.237539052963256836e-01 1.400000000000000000e+01
2.612005949020386186e+00 4.488247036933898926e-01 -6.118668913841247559e-01 8.000000000000000000e+00
3.784186172485352273e+01 6.495621681213378906e+00 2.012212753295897993e+00 2.100000000000000000e+01
3.068839073181151900e+00 5.267715454101562500e-01 -6.052461266517639160e-01 1.100000000000000000e+01
3.693495750427246094e+00 6.326677799224853516e-01 -5.935123562812805176e-01 1.100000000000000000e+01
3.776929092407227273e+01 6.462808132171630859e+00 4.704887866973876953e+00 2.000000000000000000e+01
4.696109771728515625e+00 8.027207255363464355e-01 -5.849728584289550781e-01 9.000000000000000000e+00
3.692658233642578125e+01 6.305343151092529297e+00 5.933246612548828125e+00 1.300000000000000000e+01
6.039188385009765625e+00 1.031212568283081055e+00 -5.360078215599060059e-01 8.000000000000000000e+00
8.826494216918945312e+00 1.503984093666077104e+00 -4.692441821098328192e-01 1.000000000000000000e+00
3.402859878540039062e+01 5.792167186737061435e+00 7.969116210937500000e+00 1.000000000000000000e+01
1.580668449401854936e+01 2.687691211700439009e+00 -2.798667848110198975e-01 2.000000000000000000e+00
3.444317626953125000e+01 5.856548786163330078e+00 9.361484527587890625e+00 7.000000000000000000e+00
2.291674613952637163e+00 3.863736391067504883e-01 -6.227186322212219238e-01 1.500000000000000000e+01
2.625087261199951172e+00 4.416442513465880793e-01 -6.145662665367126465e-01 8.000000000000000000e+00
3.813217544555664062e+01 6.408507823944091797e+00 2.026448249816894975e+00 2.200000000000000000e+01
3.074531316757202148e+00 5.167068839073181152e-01 -6.060093641281127930e-01 1.100000000000000000e+01
3.687888860702515093e+00 6.184644103050231934e-01 -5.922608971595764160e-01 1.100000000000000000e+01
3.708680725097656250e+01 6.212857723236083984e+00 4.617141723632813388e+00 1.900000000000000000e+01
4.714546203613281250e+00 7.889444231986999512e-01 -5.869227647781372070e-01 9.000000000000000000e+00
6.040786266326904297e+00 1.009797096252440962e+00 -5.358334779739379883e-01 9.000000000000000000e+00
3.455000686645507812e+01 5.769290924072265625e+00 6.808828353881835938e+00 5.900000000000000000e+01
8.839570045471191406e+00 1.474479198455810991e+00 -4.696628749370574951e-01 3.000000000000000000e+00
3.344502639770507812e+01 5.572777748107910156e+00 7.827847003936767578e+00 9.000000000000000000e+00
1.585542106628417969e+01 2.639065742492675781e+00 -2.805648744106292725e-01 2.000000000000000000e+00
3.392602157592772727e+01 5.646838188171386719e+00 9.215511322021484375e+00 6.000000000000000000e+00
2.302606105804442915e+00 3.795425891876221258e-01 -6.253067851066589355e-01 1.500000000000000000e+01
2.613227844238280806e+00 4.298059940338134766e-01 -6.114169359207153320e-01 7.000000000000000000e+00
3.802818298339843750e+01 6.254617691040039062e+00 2.019749164581298828e+00 2.200000000000000000e+01
3.078341722488402876e+00 5.057529807090759277e-01 -6.063910126686096191e-01 1.000000000000000000e+01
3.686232328414916992e+00 6.043043136596679688e-01 -5.916351675987243652e-01 1.100000000000000000e+01
3.679197311401367188e+01 6.024916648864746094e+00 4.577656269073486328e+00 1.900000000000000000e+01
4.707610607147216797e+00 7.700572013854980469e-01 -5.857040882110595703e-01 1.100000000000000000e+01
6.052311897277832031e+00 9.889348745346069336e-01 -5.365307331085205078e-01 9.000000000000000000e+00
3.457091903686522727e+01 5.642620086669921875e+00 6.808828353881835938e+00 5.900000000000000000e+01
8.872512817382812500e+00 1.446570038795470969e+00 -4.711282849311829168e-01 3.000000000000000000e+00
1.589656734466552912e+01 2.586072444915771040e+00 -2.811233699321746826e-01 2.000000000000000000e+00
3.382064056396483664e+01 5.501981735229492188e+00 9.181346893310546875e+00 6.000000000000000000e+00
2.305824041366577148e+00 3.718101978302001953e-01 -6.258244514465332031e-01 1.400000000000000000e+01
2.597396373748778853e+00 4.178955256938933771e-01 -6.073678731918334961e-01 8.000000000000000000e+00
3.797986221313477273e+01 6.103786468505859375e+00 2.015980958938599077e+00 2.200000000000000000e+01
3.082026720046997070e+00 4.953159987926483154e-01 -6.067726016044616699e-01 1.200000000000000000e+01
3.733947372436522727e+01 5.994184017181395596e+00 3.308606386184691939e+00 4.800000000000000000e+01
3.698071479797362837e+00 5.929970741271972656e-01 -5.931994915008544922e-01 1.100000000000000000e+01
4.712230205535888672e+00 7.539334893226623535e-01 -5.859478116035461426e-01 9.000000000000000000e+00
3.828683090209960938e+01 6.118850231170654297e+00 6.140991210937500000e+00 1.400000000000000000e+01
6.075401306152343750e+00 9.709466099739074707e-01 -5.382738709449768066e-01 9.000000000000000000e+00
8.885396957397460938e+00 1.416848421096801980e+00 -4.715469777584075928e-01 1.000000000000000000e+00
3.315688705444335938e+01 5.281199455261229581e+00 7.751363277435302734e+00 9.000000000000000000e+00
1.595289421081542969e+01 2.538108110427856001e+00 -2.819610834121704102e-01 2.000000000000000000e+00
2.308952569961547852e+00 3.644629716873168945e-01 -6.263421177864074707e-01 1.800000000000000000e+01
5.940695953369141336e+01 9.366628646850585938e+00 1.049762248992919922e+00 6.300000000000000000e+01
2.562192678451538086e+00 4.035197198390961248e-01 -5.988197326660156250e-01 7.000000000000000000e+00
3.075894832611083984e+00 4.838725328445435125e-01 -6.052461266517639160e-01 1.100000000000000000e+01
3.733946228027343750e+01 5.867236137390136719e+00 3.306863307952880859e+00 4.800000000000000000e+01
3.705872058868408203e+00 5.816494822502136230e-01 -5.941380858421325684e-01 1.300000000000000000e+01
3.945613479614257812e+01 6.185720920562744141e+00 4.903778553009033203e+00 2.100000000000000000e+01
4.710782051086425781e+00 7.376887798309326172e-01 -5.854603052139282227e-01 1.100000000000000000e+01
6.088429927825927734e+00 9.523339867591857910e-01 -5.391454100608825684e-01 9.000000000000000000e+00
3.460852813720703125e+01 5.407174587249755859e+00 6.808828353881835938e+00 5.900000000000000000e+01
8.905834197998046875e+00 1.389839291572571023e+00 -4.723843336105347235e-01 1.000000000000000000e+00
3.334365844726563211e+01 5.197631359100341797e+00 7.790954589843750000e+00 9.000000000000000000e+00
1.599283790588379084e+01 2.490114927291870117e+00 -2.825195491313933771e-01 2.000000000000000000e+00
3.486518096923828125e+01 5.428574085235595703e+00 9.454659461975097656e+00 7.000000000000000000e+00
2.310210704803466797e+00 3.564010262489318848e-01 -6.263421177864074707e-01 1.900000000000000000e+01
2.440317630767821822e+00 3.756008148193358820e-01 -5.700259804725646973e-01 9.000000000000000000e+00
3.789317321777343750e+01 5.832316875457763672e+00 2.009282112121582031e+00 2.100000000000000000e+01
3.081445932388306108e+00 4.737293422222136896e-01 -6.060093641281127930e-01 1.100000000000000000e+01
3.723368072509766336e+01 5.717507362365722656e+00 3.295707225799560991e+00 4.800000000000000000e+01
3.707879781723022017e+00 5.687100291252136230e-01 -5.941380858421325684e-01 1.000000000000000000e+01
3.874362182617188211e+01 5.935527801513671875e+00 4.812620162963867188e+00 2.000000000000000000e+01
4.717252731323242188e+00 7.218410968780517578e-01 -5.859478116035461426e-01 9.000000000000000000e+00
6.103534221649169922e+00 9.328817725181579590e-01 -5.401912927627563477e-01 9.000000000000000000e+00
3.482126998901367188e+01 5.315963745117188388e+00 6.846990108489990234e+00 5.900000000000000000e+01
8.950119972229003906e+00 1.364765167236327903e+00 -4.744777679443358820e-01 1.000000000000000000e+00
3.355039978027343750e+01 5.109963893890380859e+00 7.835045337677001953e+00 9.000000000000000000e+00
1.600143241882323863e+01 2.434274196624755859e+00 -2.825195491313933771e-01 2.000000000000000000e+00
3.481898117065429688e+01 5.296960353851318359e+00 9.437060356140136719e+00 7.000000000000000000e+00
2.290427684783935991e+00 3.451680243015288752e-01 -6.206480860710144043e-01 1.700000000000000000e+01
4.010602951049804688e+01 6.036829948425292969e+00 7.079393863677978516e-01 3.600000000000000000e+01
2.449322223663330078e+00 3.682391345500946045e-01 -5.718255639076232910e-01 9.000000000000000000e+00
3.823821258544921875e+01 5.742033481597900391e+00 2.026448249816894975e+00 2.200000000000000000e+01
3.090846776962279829e+00 4.641363918781281073e-01 -6.075358390808105469e-01 1.100000000000000000e+01
3.717853927612304688e+01 5.576272964477539062e+00 3.289083480834960938e+00 4.800000000000000000e+01
3.713749647140502930e+00 5.563489794731140137e-01 -5.947638154029846191e-01 1.000000000000000000e+01
3.678516387939453125e+01 5.504143238067626953e+00 4.566931724548339844e+00 1.900000000000000000e+01
4.715817451477050781e+00 7.047836184501647949e-01 -5.854603052139282227e-01 9.000000000000000000e+00
6.087047576904296875e+00 9.086292982101440430e-01 -5.384481549263000488e-01 9.000000000000000000e+00
3.490951538085938211e+01 5.204804897308349609e+00 6.860728263854979581e+00 6.000000000000000000e+01
8.954829216003417969e+00 1.333515048027039018e+00 -4.744777679443358820e-01 1.000000000000000000e+00
3.341768264770507812e+01 4.970457553863525391e+00 7.799952983856201172e+00 9.000000000000000000e+00
1.605730438232421875e+01 2.385456323623656782e+00 -2.833572626113892157e-01 2.000000000000000000e+00
3.922948074340820312e+01 5.820892810821533203e+00 1.062659263610840021e+01 9.000000000000000000e+00
2.303086280822753906e+00 3.388580977916718084e-01 -6.237539052963256836e-01 1.600000000000000000e+01
5.949980926513671875e+01 8.743726730346679688e+00 1.049727320671081987e+00 6.300000000000000000e+01
2.439024209976195845e+00 3.579891920089722235e-01 -5.691261887550354004e-01 9.000000000000000000e+00
3.088562965393065962e+00 4.527749717235565186e-01 -6.067726016044616699e-01 1.100000000000000000e+01
3.707555389404296875e+01 5.428565502166748047e+00 3.278276205062866211e+00 4.700000000000000000e+01
3.703941345214844194e+00 5.416671037673950195e-01 -5.928866267204284668e-01 1.100000000000000000e+01
4.745748996734619141e+00 6.923298835754394531e-01 -5.888726711273193359e-01 9.000000000000000000e+00
3.648319244384766336e+01 5.315819263458251953e+00 5.839385509490966797e+00 1.300000000000000000e+01
6.100040435791015625e+00 8.888123631477355957e-01 -5.393197536468505859e-01 9.000000000000000000e+00
8.975241661071777344e+00 1.304547071456908958e+00 -4.753151535987854004e-01 1.000000000000000000e+00
3.410981369018554688e+01 4.951766014099121094e+00 7.957418441772460938e+00 9.000000000000000000e+00
1.611302947998046875e+01 2.336277961730957031e+00 -2.841949760913848877e-01 2.000000000000000000e+00
3.493247222900391336e+01 5.058742523193359375e+00 9.457765579223632812e+00 7.000000000000000000e+00
2.315670490264893022e+00 3.328681588172913153e-01 -6.268597245216369629e-01 1.700000000000000000e+01
2.445985078811645952e+00 3.507289290428162176e-01 -5.704758763313293457e-01 1.000000000000000000e+01
3.101708173751831055e+00 4.442003667354583740e-01 -6.090623140335083008e-01 1.200000000000000000e+01
3.711583852767943892e+00 5.302194952964782715e-01 -5.938252210617065430e-01 1.100000000000000000e+01
3.688466262817382812e+01 5.262601375579833984e+00 4.574731349945068359e+00 1.900000000000000000e+01
4.736227035522460938e+00 6.749083399772644043e-01 -5.874102115631103516e-01 9.000000000000000000e+00
6.126624107360839844e+00 8.719477653503417969e-01 -5.414114594459533691e-01 9.000000000000000000e+00
3.506853485107421875e+01 4.984746932983398438e+00 6.885151863098145419e+00 6.000000000000000000e+01
8.983472824096679688e+00 1.275338292121886985e+00 -4.755244851112365723e-01 1.000000000000000000e+00
3.393310165405272727e+01 4.811269760131835938e+00 7.912428379058837891e+00 9.000000000000000000e+00
1.623552322387694957e+01 2.299094200134276900e+00 -2.862194776535034180e-01 2.000000000000000000e+00
2.320644617080688032e+00 3.253193199634552002e-01 -6.278949975967407227e-01 1.800000000000000000e+01
5.948665237426757812e+01 8.328543663024902344e+00 1.048470735549926980e+00 6.300000000000000000e+01
2.445264339447021040e+00 3.419188261032103937e-01 -5.700259804725646973e-01 9.000000000000000000e+00
3.093517780303955078e+00 4.320129752159119207e-01 -6.071542501449584961e-01 1.000000000000000000e+01
3.717324972152709961e+00 5.178054571151733398e-01 -5.944509506225585938e-01 9.000000000000000000e+00
3.687528228759766336e+01 5.129988670349121094e+00 4.571319103240966797e+00 1.900000000000000000e+01
4.736588001251220703e+00 6.580985188484191895e-01 -5.871664881706237793e-01 8.000000000000000000e+00
6.131604194641113281e+00 8.508303761482238770e-01 -5.415858030319213867e-01 9.000000000000000000e+00
8.987870216369628906e+00 1.243972420692444070e+00 -4.755244851112365723e-01 1.000000000000000000e+00
3.381070327758789062e+01 4.673579692840576172e+00 7.880035400390625000e+00 9.000000000000000000e+00
1.624345016479491832e+01 2.242407798767089844e+00 -2.862194776535034180e-01 2.000000000000000000e+00
3.536415481567382812e+01 4.875730514526367188e+00 9.565434455871582031e+00 7.000000000000000000e+00
2.314109802246094194e+00 3.161706924438477118e-01 -6.258244514465332031e-01 1.700000000000000000e+01
5.948762512207031250e+01 8.117060661315917969e+00 1.047982096672058105e+00 6.300000000000000000e+01
2.456097364425659180e+00 3.346968293190001886e-01 -5.722754597663879395e-01 1.000000000000000000e+01
3.091116428375244141e+00 4.206824600696564276e-01 -6.063910126686096191e-01 1.000000000000000000e+01
3.732811927795410156e+00 5.066863298416137695e-01 -5.966410636901855469e-01 1.000000000000000000e+01
3.696377944946289062e+01 5.010838508605957031e+00 4.580093860626220703e+00 1.900000000000000000e+01
4.748692035675048828e+00 6.428923606872558594e-01 -5.883851647377014160e-01 9.000000000000000000e+00
3.692663574218750000e+01 4.999239921569824219e+00 5.901959419250488281e+00 1.300000000000000000e+01
6.130588054656982422e+00 8.288879990577697754e-01 -5.412371754646301270e-01 8.000000000000000000e+00
3.548770523071289062e+01 4.791819572448729581e+00 6.960711956024169922e+00 6.000000000000000000e+01
9.027785301208496094e+00 1.217395782470702903e+00 -4.774085879325867254e-01 1.000000000000000000e+00
1.623928833007812855e+01 2.184094667434691939e+00 -2.860100269317626953e-01 2.000000000000000000e+00
3.542607879638671875e+01 4.764612197875976562e+00 9.577857971191406250e+00 7.000000000000000000e+00
2.303709506988524947e+00 3.065620362758635919e-01 -6.227186322212219238e-01 1.700000000000000000e+01
2.453387260437012163e+00 3.256086409091948908e-01 -5.713756680488586426e-01 1.000000000000000000e+01
3.098404645919799805e+00 4.106637537479401190e-01 -6.075358390808105469e-01 1.100000000000000000e+01
3.728682756423950195e+00 4.928767085075377863e-01 -5.957024693489074707e-01 1.000000000000000000e+01
3.715029525756835938e+01 4.904122352600097656e+00 4.601055145263671875e+00 1.900000000000000000e+01
4.741066932678222656e+00 6.250151395797729492e-01 -5.871664881706237793e-01 9.000000000000000000e+00
6.145296096801757812e+00 8.090435266494750977e-01 -5.422830581665039062e-01 9.000000000000000000e+00
9.035940170288085938e+00 1.186395525932312012e+00 -4.776179492473601740e-01 3.000000000000000000e+00
3.542691040039063211e+01 4.645171642303466797e+00 8.248954772949218750e+00 1.000000000000000000e+01
1.625870895385741832e+01 2.128953218460083008e+00 -2.862194776535034180e-01 2.000000000000000000e+00
2.308597326278686968e+00 2.990150153636931818e-01 -6.237539052963256836e-01 1.700000000000000000e+01
5.944368362426757812e+01 7.688738822937011719e+00 1.046236872673034890e+00 6.300000000000000000e+01
2.369470834732056108e+00 3.060585558414459229e-01 -5.515800118446350098e-01 1.000000000000000000e+01
3.099819183349608931e+00 3.998458087444304865e-01 -6.075358390808105469e-01 1.100000000000000000e+01
3.718625068664550781e+00 4.783460199832916260e-01 -5.938252210617065430e-01 9.000000000000000000e+00
3.719868850708007812e+01 4.778460502624511719e+00 4.604955196380615234e+00 1.900000000000000000e+01
4.768815994262695312e+00 6.117454171180725098e-01 -5.903350710868835449e-01 9.000000000000000000e+00
6.142153739929199219e+00 7.868280410766601562e-01 -5.417600870132446289e-01 8.000000000000000000e+00
9.028140068054199219e+00 1.153328418731689009e+00 -4.769898951053618830e-01 1.000000000000000000e+00
1.627397727966308949e+01 2.073197603225708008e+00 -2.863590717315673828e-01 2.000000000000000000e+00
3.665428924560546875e+01 4.669515609741210938e+00 9.900863647460937500e+00 7.000000000000000000e+00
2.317293643951416016e+00 2.919205129146575928e-01 -6.258244514465332031e-01 1.700000000000000000e+01
5.947015762329102273e+01 7.481194972991943359e+00 1.046236872673034890e+00 6.300000000000000000e+01
2.086293697357178178e+00 2.620805799961090088e-01 -4.854443669319152832e-01 4.600000000000000000e+01
3.876259613037108664e+01 4.862491607666015625e+00 2.047382593154906782e+00 2.200000000000000000e+01
3.116780042648314986e+00 3.909778892993927002e-01 -6.105887889862060547e-01 1.100000000000000000e+01
3.777337646484375000e+01 4.731705188751220703e+00 3.330569505691527876e+00 4.900000000000000000e+01
3.728112697601317915e+00 4.663434326648712158e-01 -5.950766801834106445e-01 9.000000000000000000e+00
3.715604782104492188e+01 4.641202449798583984e+00 4.597642898559570312e+00 1.900000000000000000e+01
4.778801918029785156e+00 5.960782766342163086e-01 -5.913100838661193848e-01 9.000000000000000000e+00
6.164634227752686435e+00 7.678457498550415039e-01 -5.435032248497009277e-01 9.000000000000000000e+00
9.071751594543457031e+00 1.126730680465698020e+00 -4.790833294391632080e-01 1.000000000000000000e+00
3.574856567382813211e+01 4.433712005615234375e+00 8.316440582275390625e+00 1.000000000000000000e+01
1.630095863342285156e+01 2.018836021423339844e+00 -2.867081463336945135e-01 5.000000000000000000e+00
3.678619384765625000e+01 4.549365997314453125e+00 9.931921958923339844e+00 8.000000000000000000e+00
2.285700559616088867e+00 2.798388898372650146e-01 -6.170246005058288574e-01 1.900000000000000000e+01
5.949591064453125000e+01 7.273559570312500000e+00 1.046236872673034890e+00 6.300000000000000000e+01
2.091064691543579102e+00 2.552687227725983221e-01 -4.863441884517670233e-01 5.100000000000000000e+01
3.897759246826171875e+01 4.751322746276854581e+00 2.057849884033203125e+00 2.200000000000000000e+01
3.108381748199462891e+00 3.789080977439879816e-01 -6.086806654930114746e-01 1.000000000000000000e+01
3.739522457122803178e+00 4.545187354087830145e-01 -5.966410636901855469e-01 1.000000000000000000e+01
3.722325897216796875e+01 4.517693519592285156e+00 4.603980064392089844e+00 1.900000000000000000e+01
4.763117313385009766e+00 5.772440433502197266e-01 -5.891163945198059082e-01 8.000000000000000000e+00
6.177166461944580078e+00 7.475193142890930176e-01 -5.443747639656066895e-01 8.000000000000000000e+00
9.075629234313964844e+00 1.095057606697082964e+00 -4.790833294391632080e-01 1.000000000000000000e+00
1.641511726379394887e+01 1.974820733070373979e+00 -2.885929942131041925e-01 2.000000000000000000e+00
3.679724121093750000e+01 4.426892280578613281e+00 9.930887222290039062e+00 8.000000000000000000e+00
2.060299158096313032e+00 2.449464201927185059e-01 -5.559433102607727051e-01 4.600000000000000000e+01
5.952093887329102273e+01 7.065835952758789062e+00 1.046236872673034890e+00 6.300000000000000000e+01
2.115165233612060991e+00 2.507206499576569159e-01 -4.917429983615875244e-01 3.400000000000000000e+01
3.103836297988892046e+00 3.673632442951201837e-01 -6.075358390808105469e-01 1.100000000000000000e+01
3.748933315277100053e+00 4.423885941505432129e-01 -5.978925228118896484e-01 1.000000000000000000e+01
3.773166656494141336e+01 4.445805072784423828e+00 4.664914608001708984e+00 2.000000000000000000e+01
4.790732860565186435e+00 5.636294484138488770e-01 -5.922850370407104492e-01 9.000000000000000000e+00
6.167865753173828125e+00 7.245576977729797363e-01 -5.433288812637329102e-01 8.000000000000000000e+00
9.115102767944335938e+00 1.067552924156188965e+00 -4.809674322605133057e-01 8.000000000000000000e+00
3.597220230102539062e+01 4.206668853759765625e+00 8.361431121826171875e+00 1.000000000000000000e+01
1.645368957519530895e+01 1.921219944953918013e+00 -2.891514599323273260e-01 2.000000000000000000e+00
3.607254409790039062e+01 4.205639362335205078e+00 9.731078147888183594e+00 7.000000000000000000e+00
2.043869495391846147e+00 2.357607930898666104e-01 -5.512845516204833984e-01 5.500000000000000000e+01
3.107050180435181108e+00 3.567505478858947754e-01 -6.079174876213073730e-01 1.200000000000000000e+01
3.744566917419434038e+00 4.286257326602935791e-01 -5.969539284706115723e-01 9.000000000000000000e+00
4.800559997558593750e+00 5.478035211563110352e-01 -5.932599902153015137e-01 9.000000000000000000e+00
3.712136459350585938e+01 4.236008644104003906e+00 5.917603015899658203e+00 1.300000000000000000e+01
6.186193943023681641e+00 7.048277854919433594e-01 -5.447233915328979492e-01 9.000000000000000000e+00
9.136633872985839844e+00 1.037757396697998047e+00 -4.819094836711884100e-01 1.000000000000000000e+01
3.572332763671875000e+01 4.051212310791015625e+00 8.300244331359863281e+00 1.000000000000000000e+01
1.652785491943359020e+01 1.871423721313477007e+00 -2.903382480144500732e-01 2.000000000000000000e+00
5.946944808959960938e+01 6.639039516448974609e+00 1.044491648674011008e+00 6.300000000000000000e+01
2.107180356979370117e+00 2.348686605691910068e-01 -4.894934892654418945e-01 1.000000000000000000e+02
3.942221069335938211e+01 4.387077331542968750e+00 2.078784227371215820e+00 2.200000000000000000e+01
3.125837564468383789e+00 3.478569984436035156e-01 -6.113520264625549316e-01 1.300000000000000000e+01
3.740150451660155806e+00 4.148987531661986750e-01 -5.960153341293334961e-01 1.000000000000000000e+01
4.820200920104979581e+00 5.330066680908203125e-01 -5.954536199569702148e-01 1.100000000000000000e+01
6.180695056915283203e+00 6.823551058769226074e-01 -5.440261363983154297e-01 9.000000000000000000e+00
9.237479209899902344e+00 1.016563534736633079e+00 -4.870384037494658869e-01 1.000000000000000000e+00
3.592708587646483664e+01 3.947347402572631836e+00 8.344334602355957031e+00 1.000000000000000000e+01
1.655416488647460938e+01 1.815899729728698953e+00 -2.906872928142548163e-01 2.000000000000000000e+00
3.617015838623046875e+01 3.961276531219481978e+00 9.749713897705078125e+00 7.000000000000000000e+00
2.145338058471680132e+00 2.323006093502044955e-01 -5.782017707824707031e-01 5.000000000000000000e+00
5.949225997924804688e+01 6.431411743164063388e+00 1.044491648674011008e+00 6.300000000000000000e+01
2.096362352371215820e+00 2.262571305036545077e-01 -4.867940843105316162e-01 1.000000000000000000e+02
3.130936622619628906e+00 3.373643159866333008e-01 -6.121152639389038086e-01 1.300000000000000000e+01
3.745503902435303178e+00 4.022625684738159180e-01 -5.966410636901855469e-01 1.100000000000000000e+01
3.888936614990233664e+01 4.169804573059082031e+00 4.802383422851563388e+00 2.000000000000000000e+01
4.835848808288574219e+00 5.176568031311035156e-01 -5.971598029136657715e-01 1.100000000000000000e+01
6.185020446777343750e+00 6.609879732131958008e-01 -5.442004799842834473e-01 9.000000000000000000e+00
9.189334869384765625e+00 9.788123965263366699e-01 -4.843169450759888250e-01 5.000000000000000000e+00
3.595614624023438211e+01 3.823563098907471147e+00 8.347933769226074219e+00 1.000000000000000000e+01
1.660017204284667969e+01 1.762326002120971902e+00 -2.913853824138640802e-01 2.000000000000000000e+00
3.603709411621093750e+01 3.825810194015502930e+00 9.710372924804687500e+00 1.500000000000000000e+01
2.169191837310791016e+00 2.272257208824157992e-01 -5.844134092330932617e-01 1.100000000000000000e+01
5.951434707641602273e+01 6.223705768585205078e+00 1.044491648674011008e+00 6.300000000000000000e+01
2.097139358520507812e+00 2.189380824565886896e-01 -4.867940843105316162e-01 1.000000000000000000e+02
3.126237154006958008e+00 3.258227109909058172e-01 -6.109703779220581055e-01 1.300000000000000000e+01
3.762603759765625000e+00 3.908185064792633057e-01 -5.991439819335937500e-01 1.200000000000000000e+01
3.893527603149414062e+01 4.037305831909179688e+00 4.806282997131347656e+00 2.000000000000000000e+01
4.806033611297607422e+00 4.975030124187468927e-01 -5.932599902153015137e-01 1.100000000000000000e+01
6.193235397338867188e+00 6.400086283683776855e-01 -5.447233915328979492e-01 8.000000000000000000e+00
9.240377426147460938e+00 9.516403079032897949e-01 -4.868290722370148260e-01 1.000000000000000000e+00
1.664600753784180043e+01 1.708453178405761941e+00 -2.920834720134735107e-01 2.000000000000000000e+00
3.618924331665039062e+01 3.707879066467285156e+00 9.747642517089843750e+00 7.000000000000000000e+00
2.146907567977904829e+00 2.173177897930144986e-01 -5.782017707824707031e-01 7.000000000000000000e+00
5.943623352050781250e+01 6.005872249603270596e+00 1.042746424674988015e+00 6.300000000000000000e+01
2.103707551956177202e+00 2.122031152248383123e-01 -4.881438016891478937e-01 1.000000000000000000e+02
3.125401973724364790e+00 3.147114515304564875e-01 -6.105887889862060547e-01 1.300000000000000000e+01
3.773772716522216797e+00 3.786683082580565851e-01 -6.007083654403686523e-01 1.100000000000000000e+01
4.823542594909667969e+00 4.823038280010222834e-01 -5.952098965644836426e-01 9.000000000000000000e+00
6.217239856719970703e+00 6.205630302429199219e-01 -5.466408133506774902e-01 9.000000000000000000e+00
9.263518333435058594e+00 9.213563203811645508e-01 -4.878757894039154053e-01 1.000000000000000000e+00
3.584621810913085938e+01 3.558973312377930132e+00 8.316440582275390625e+00 1.000000000000000000e+01
1.667574882507323863e+01 1.652704000473022017e+00 -2.925023436546326239e-01 2.000000000000000000e+00
3.647432708740233664e+01 3.614905834197998047e+00 9.821147918701171875e+00 1.500000000000000000e+01
2.116889715194702148e+00 2.068168520927428922e-01 -5.699195265769958496e-01 4.000000000000000000e+00
2.112193822860718218e+00 2.056137472391129095e-01 -4.899433851242064875e-01 1.000000000000000000e+02
3.128435611724853960e+00 3.039897084236145020e-01 -6.109703779220581055e-01 1.200000000000000000e+01
3.765240430831909180e+00 3.645412921905518133e-01 -5.991439819335937500e-01 1.100000000000000000e+01
4.837052345275878906e+00 4.666072428226470947e-01 -5.966722965240478516e-01 9.000000000000000000e+00
6.167804241180419922e+00 5.938920378684997559e-01 -5.421087145805358887e-01 9.000000000000000000e+00
9.326321601867675781e+00 8.947370648384094238e-01 -4.910159409046173096e-01 1.000000000000000000e+00
1.674113464355469105e+01 1.600192904472351074e+00 -2.935494780540465753e-01 2.000000000000000000e+00
3.647133636474608664e+01 3.486094236373900923e+00 9.817006111145019531e+00 7.000000000000000000e+00
2.125257253646851030e+00 2.005217224359512052e-01 -5.719900727272033691e-01 4.000000000000000000e+00
2.105103254318236861e+00 1.978788226842879971e-01 -4.881438016891478937e-01 6.700000000000000000e+01
3.129426479339600053e+00 2.936137616634368896e-01 -6.109703779220581055e-01 1.200000000000000000e+01
3.752660989761352983e+00 3.507664203643798828e-01 -5.969539284706115723e-01 1.100000000000000000e+01
4.856361865997313565e+00 4.522209167480468750e-01 -5.988659262657165527e-01 1.100000000000000000e+01
6.211400508880615234e+00 5.773076415061950684e-01 -5.457692742347717285e-01 8.000000000000000000e+00
9.325260162353515625e+00 8.634366393089294434e-01 -4.908066093921660822e-01 1.000000000000000000e+00
1.681007003784180043e+01 1.550545930862426980e+00 -2.946664392948151190e-01 2.000000000000000000e+00
3.720600128173828125e+01 3.431848764419556108e+00 1.001163864135742010e+01 8.000000000000000000e+00
2.129792213439940962e+00 1.934514790773392001e-01 -5.730253458023071289e-01 6.000000000000000000e+00
5.949492645263671875e+01 5.393523216247558594e+00 1.042746424674988015e+00 6.300000000000000000e+01
3.950481796264647727e+01 3.567413806915283203e+00 2.078784227371215820e+00 2.200000000000000000e+01
3.148030042648314986e+00 2.842773795127869207e-01 -6.144049763679504395e-01 1.200000000000000000e+01
3.765667200088500977e+00 3.387268781661986750e-01 -5.988311171531677246e-01 1.100000000000000000e+01
4.859888076782226562e+00 4.354434609413146973e-01 -5.991097092628479004e-01 1.100000000000000000e+01
6.215362071990966797e+00 5.557997226715087891e-01 -5.459435582160949707e-01 8.000000000000000000e+00
9.288429260253906250e+00 8.273361921310424805e-01 -4.887131452560424805e-01 1.000000000000000000e+00
3.918081283569335938e+01 3.483009099960327148e+00 9.081274032592773438e+00 1.200000000000000000e+01
1.681538009643555043e+01 1.491858363151550071e+00 -2.946664392948151190e-01 2.000000000000000000e+00
2.097737312316894975e+00 1.831593215465545932e-01 -5.642254948616027832e-01 8.000000000000000000e+00
5.951338958740233664e+01 5.185814380645751953e+00 1.042746424674988015e+00 6.300000000000000000e+01
2.110316276550292969e+00 1.835153847932816107e-01 -4.890435934066771906e-01 1.000000000000000000e+00
3.135311841964722124e+00 2.720987498760222834e-01 -6.117336153984069824e-01 1.200000000000000000e+01
3.774698734283446822e+00 3.262605965137482245e-01 -6.000826358795166016e-01 1.100000000000000000e+01
4.861378669738770419e+00 4.184766113758087158e-01 -5.991097092628479004e-01 9.000000000000000000e+00
3.687877655029296875e+01 3.168110609054564986e+00 5.862537860870361328e+00 1.300000000000000000e+01
6.239100456237792969e+00 5.359765291213989258e-01 -5.478609800338745117e-01 6.000000000000000000e+00
9.275341033935546875e+00 7.935464978218078613e-01 -4.878757894039154053e-01 1.000000000000000000e+00
3.887817764282227273e+01 3.319365262985229048e+00 9.008389472961425781e+00 1.200000000000000000e+01
1.687228965759276988e+01 1.437566518783568892e+00 -2.955739498138427734e-01 2.000000000000000000e+00
3.852642059326171875e+01 3.282559633255004883e+00 1.036052608489990057e+01 8.000000000000000000e+00
2.100289106369018999e+00 1.759970486164093018e-01 -5.647431612014770508e-01 1.500000000000000000e+01
2.110944032669066939e+00 1.761478781700134000e-01 -4.890435934066771906e-01 1.000000000000000000e+00
3.136242628097534180e+00 2.611528337001801092e-01 -6.117336153984069824e-01 1.200000000000000000e+01
3.779751777648925781e+00 3.134089112281798761e-01 -6.007083654403686523e-01 1.100000000000000000e+01
4.874679565429688388e+00 4.024847745895385742e-01 -6.005721092224121094e-01 9.000000000000000000e+00
6.232990741729736328e+00 5.135403275489807129e-01 -5.471637248992919922e-01 9.000000000000000000e+00
9.309903144836425781e+00 7.637775540351867676e-01 -4.895505309104918878e-01 1.000000000000000000e+00
3.900994873046875000e+01 3.193492889404296875e+00 9.036283493041992188e+00 1.200000000000000000e+01
1.701671791076660156e+01 1.390059113502501997e+00 -2.980172932147979736e-01 2.000000000000000000e+00
3.848373413085938211e+01 3.143653392791748047e+00 1.034603214263916016e+01 8.000000000000000000e+00
2.075857162475585938e+00 1.666548550128937045e-01 -5.580138564109802246e-01 1.600000000000000000e+01
5.954814147949218750e+01 4.770209789276123047e+00 1.042746424674988015e+00 6.300000000000000000e+01
2.127086400985718218e+00 1.700204014778136929e-01 -4.926428198814392090e-01 1.000000000000000000e+00
3.148877143859862837e+00 2.511402070522307794e-01 -6.140233278274536133e-01 1.300000000000000000e+01
3.778853654861450195e+00 3.000568449497222900e-01 -6.003955006599426270e-01 1.100000000000000000e+01
3.968666076660156250e+01 3.144317388534545898e+00 4.888179302215576172e+00 2.100000000000000000e+01
4.868139266967773438e+00 3.848407566547393799e-01 -5.995971560478210449e-01 9.000000000000000000e+00
3.876238250732421875e+01 3.064280509948730025e+00 6.158512115478515625e+00 1.400000000000000000e+01
6.240704059600830078e+00 4.922500252723693848e-01 -5.476866960525512695e-01 9.000000000000000000e+00
9.336406707763671875e+00 7.331515550613403320e-01 -4.908066093921660822e-01 1.000000000000000000e+00
1.693374824523926137e+01 1.323793768882751021e+00 -2.964814901351929266e-01 2.000000000000000000e+00
3.858306884765625000e+01 3.016227006912231001e+00 1.036984348297118963e+01 1.700000000000000000e+01
2.047533512115478960e+00 1.571896374225615900e-01 -5.502492785453796387e-01 1.600000000000000000e+01
5.956443023681641336e+01 4.562318801879882812e+00 1.042746424674988015e+00 6.300000000000000000e+01
2.119894504547119141e+00 1.620004922151566107e-01 -4.908432066440582275e-01 1.000000000000000000e+00
3.143862009048461914e+00 2.396992892026900968e-01 -6.128785014152526855e-01 1.900000000000000000e+01
3.768059730529785156e+00 2.859674394130706787e-01 -5.985182523727416992e-01 1.100000000000000000e+01
3.962613677978516336e+01 3.000370502471923828e+00 4.879404544830322266e+00 2.100000000000000000e+01
4.901124477386474609e+00 3.702379167079926092e-01 -6.034969687461853027e-01 9.000000000000000000e+00
3.880881118774414062e+01 2.924860954284667969e+00 6.164143562316895419e+00 1.400000000000000000e+01
6.238410472869873047e+00 4.701634347438812256e-01 -5.473380684852600098e-01 6.000000000000000000e+00
9.303058624267578125e+00 6.978676319122314453e-01 -4.889225065708159845e-01 1.000000000000000000e+00
4.388178253173828125e+01 3.284084081649779829e+00 1.015923976898193004e+01 1.300000000000000000e+01
1.703398513793944957e+01 1.271822690963744895e+00 -2.981569170951843262e-01 2.000000000000000000e+00
3.884816360473632812e+01 2.893734931945800781e+00 1.043817234039306996e+01 8.000000000000000000e+00
2.030729532241820845e+00 1.487711071968078891e-01 -5.455905199050903320e-01 1.600000000000000000e+01
2.128221511840819868e+00 1.551665067672728937e-01 -4.926428198814392090e-01 1.000000000000000000e+00
3.156428098678588867e+00 2.295782119035721103e-01 -6.151682138442993164e-01 1.900000000000000000e+01
3.776916027069091797e+00 2.733831703662871759e-01 -5.997697114944458008e-01 1.200000000000000000e+01
4.892487049102783203e+00 3.524144589900969904e-01 -6.022782921791076660e-01 1.100000000000000000e+01
6.251937389373779297e+00 4.492412209510803223e-01 -5.483839511871337891e-01 6.000000000000000000e+00
9.305438041687011719e+00 6.653896570205688477e-01 -4.889225065708159845e-01 1.000000000000000000e+00
1.713007354736328125e+01 1.218883991241455078e+00 -2.997625470161437988e-01 2.000000000000000000e+00
3.892306137084960938e+01 2.769555807113647017e+00 1.045577144622802912e+01 8.000000000000000000e+00
2.108323097229003906e+00 1.470585465431213101e-01 -5.662960410118103027e-01 2.100000000000000000e+01
2.120973825454711914e+00 1.471970081329345981e-01 -4.908432066440582275e-01 1.000000000000000000e+00
3.145458698272705078e+00 2.177453339099884033e-01 -6.128785014152526855e-01 1.700000000000000000e+01
3.787700653076171875e+00 2.608762681484221857e-01 -6.013340950012207031e-01 1.100000000000000000e+01
4.891706943511962891e+00 3.351986110210419256e-01 -6.020345687866210938e-01 1.100000000000000000e+01
6.277320384979248047e+00 4.290454685688018799e-01 -5.504756569862365723e-01 7.000000000000000000e+00
9.319660186767578125e+00 6.337165236473083496e-01 -4.895505309104918878e-01 1.000000000000000000e+00
3.910128402709960938e+01 2.651946067810059038e+00 9.047981262207031250e+00 1.200000000000000000e+01
1.709432220458984020e+01 1.156382083892822044e+00 -2.990644276142119806e-01 2.000000000000000000e+00
3.887466812133789062e+01 2.629760503768920898e+00 1.044024276733398082e+01 8.000000000000000000e+00
2.104943990707397017e+00 1.398102343082427979e-01 -5.652607679367065430e-01 5.600000000000000000e+01
5.950848770141602273e+01 3.942117452621459961e+00 1.041001081466675027e+00 6.300000000000000000e+01
2.140895366668701172e+00 1.414475142955780029e-01 -4.953422248363494873e-01 1.000000000000000000e+00
3.144204616546630859e+00 2.071843296289443970e-01 -6.124968528747558594e-01 1.800000000000000000e+01
3.794458389282227007e+00 2.487019449472427091e-01 -6.022726893424987793e-01 1.700000000000000000e+01
4.900714874267578125e+00 3.194918632507324219e-01 -6.030095219612121582e-01 9.000000000000000000e+00
3.915576171875000000e+01 2.552677869796752930e+00 6.214828491210938388e+00 1.400000000000000000e+01
6.268767833709716797e+00 4.075804352760314941e-01 -5.496041178703308105e-01 7.000000000000000000e+00
9.401433944702148438e+00 6.079634428024291992e-01 -4.937373995780944824e-01 1.000000000000000000e+00
3.915653610229492188e+01 2.525277137756348100e+00 9.058778762817382812e+00 1.200000000000000000e+01
1.713797378540039062e+01 1.102255940437316895e+00 -2.997625470161437988e-01 2.000000000000000000e+00
3.887590026855468750e+01 2.493551969528197798e+00 1.043817234039306996e+01 8.000000000000000000e+00
2.101563215255736861e+00 1.322191506624222079e-01 -5.642254948616027832e-01 6.100000000000000000e+01
5.962167358398438211e+01 3.740630626678466797e+00 1.042746424674988015e+00 6.300000000000000000e+01
2.121926546096802202e+00 1.327566951513290128e-01 -4.908432066440582275e-01 1.000000000000000000e+00
3.142949104309082031e+00 1.960854977369307917e-01 -6.121152639389038086e-01 1.900000000000000000e+01
3.797275066375731978e+00 2.355776131153106967e-01 -6.025855541229248047e-01 1.900000000000000000e+01
4.901800632476806641e+00 3.023832142353057861e-01 -6.030095219612121582e-01 9.000000000000000000e+00
3.916485595703125000e+01 2.409147739410399947e+00 6.214828491210938388e+00 1.400000000000000000e+01
6.244299888610839844e+00 3.841056227684020996e-01 -5.473380684852600098e-01 8.000000000000000000e+00
9.423434257507324219e+00 5.763619542121887207e-01 -4.947841167449951172e-01 2.000000000000000000e+00
3.933628463745117188e+01 2.399019241333007812e+00 9.098370552062988281e+00 1.200000000000000000e+01
1.722554969787598012e+01 1.047524571418761985e+00 -3.012285232543944757e-01 2.000000000000000000e+00
4.153386688232421875e+01 2.518492221832274947e+00 1.114940643310547053e+01 1.000000000000000000e+01
2.103940248489379883e+00 1.249970868229866028e-01 -5.647431612014770508e-01 5.400000000000000000e+01
5.963436508178710938e+01 3.532489538192749023e+00 1.042746424674988015e+00 6.300000000000000000e+01
2.122377157211304155e+00 1.253489851951599121e-01 -4.908432066440582275e-01 1.000000000000000000e+00
5.951447677612304688e+01 3.514964103698730025e+00 3.124456644058227983e+00 6.300000000000000000e+01
3.155373573303223100e+00 1.858058124780654907e-01 -6.144049763679504395e-01 1.900000000000000000e+01
3.792158126831055132e+00 2.219749242067337036e-01 -6.016469597816467285e-01 1.700000000000000000e+01
4.912734985351563388e+00 2.858474254608153742e-01 -6.042281985282897949e-01 1.100000000000000000e+01
6.289361953735351562e+00 3.648450672626494806e-01 -5.511729121208190918e-01 9.000000000000000000e+00
9.425388336181640625e+00 5.434644818305969238e-01 -4.947841167449951172e-01 2.000000000000000000e+00
3.936387252807617188e+01 2.262813568115233931e+00 9.102869033813476562e+00 1.200000000000000000e+01
1.725305747985839844e+01 9.887627363204956055e-01 -3.016473948955535889e-01 2.000000000000000000e+00
4.163498306274414062e+01 2.378786087036132812e+00 1.117425346374512074e+01 1.000000000000000000e+01
2.104363918304442915e+00 1.176522001624106945e-01 -5.647431612014770508e-01 4.800000000000000000e+01
5.954650497436522727e+01 3.318741321563721147e+00 1.041001081466675027e+00 6.300000000000000000e+01
2.122801780700684038e+00 1.179397404193878035e-01 -4.908432066440582275e-01 1.000000000000000000e+00
5.952638244628906250e+01 3.307198286056518999e+00 3.124456644058227983e+00 6.300000000000000000e+01
3.167764425277709961e+00 1.754417568445205966e-01 -6.166946887969970703e-01 2.000000000000000000e+01
3.792909860610961914e+00 2.087364643812180121e-01 -6.016469597816467285e-01 1.700000000000000000e+01
4.913702487945556641e+00 2.686970531940460205e-01 -6.042281985282897949e-01 1.100000000000000000e+01
6.286618232727050781e+00 3.426719903945922852e-01 -5.508242845535278320e-01 7.000000000000000000e+00
9.427227973937988281e+00 5.105604529380798340e-01 -4.947841167449951172e-01 2.000000000000000000e+00
1.734825706481933949e+01 9.334747195243835449e-01 -3.032530248165131170e-01 2.000000000000000000e+00
2.116336822509766069e+00 1.109125167131423950e-01 -5.678489804267883301e-01 3.600000000000000000e+01
5.955772781372070312e+01 3.110864877700806108e+00 1.041001081466675027e+00 6.300000000000000000e+01
2.060925006866455078e+00 1.072871461510657987e-01 -4.764463305473328192e-01 1.000000000000000000e+00
3.168357610702515093e+00 1.643831282854079923e-01 -6.166946887969970703e-01 2.100000000000000000e+01
3.805452108383179155e+00 1.961054354906081876e-01 -6.035241484642028809e-01 1.700000000000000000e+01
4.902715682983398438e+00 2.509345710277556818e-01 -6.027657985687255859e-01 1.100000000000000000e+01
3.918758773803710938e+01 2.005729198455810991e+00 6.214828491210938388e+00 1.400000000000000000e+01
6.309663772583007812e+00 3.218419551849365234e-01 -5.527417063713073730e-01 7.000000000000000000e+00
9.428953170776367188e+00 4.776501655578612726e-01 -4.947841167449951172e-01 2.000000000000000000e+00
1.739135360717773082e+01 8.749217987060546875e-01 -3.039511144161223810e-01 2.000000000000000000e+00
2.110922574996947798e+00 1.032413393259048046e-01 -5.662960410118103027e-01 2.600000000000000000e+01
5.946835708618164062e+01 2.898083925247191939e+00 1.039255857467650923e+00 6.300000000000000000e+01
1.987322092056273970e+00 9.650091081857681274e-02 -4.593500494956970215e-01 2.000000000000000000e+00
5.954801940917968750e+01 2.891548633575439009e+00 3.124456644058227983e+00 6.300000000000000000e+01
3.155185461044311968e+00 1.526583433151245117e-01 -6.140233278274536133e-01 1.700000000000000000e+01
3.810059547424315962e+00 1.830102801322937012e-01 -6.041498780250549316e-01 1.700000000000000000e+01
4.915458679199218750e+00 2.343866676092148105e-01 -6.042281985282897949e-01 1.100000000000000000e+01
4.234741973876953125e+01 2.019276380538939986e+00 6.714793205261229581e+00 1.400000000000000000e+01
6.298808097839354581e+00 2.992478609085083008e-01 -5.516958236694335938e-01 9.000000000000000000e+00
9.482434272766113281e+00 4.471802413463593084e-01 -4.975056052207946777e-01 2.000000000000000000e+00
1.743824768066405895e+01 8.162662982940673828e-01 -3.047190308570861816e-01 2.000000000000000000e+00
2.101637363433837891e+00 9.506723284721374512e-02 -5.637078881263732910e-01 7.000000000000000000e+00
2.022704362869263139e+00 9.078922867774963379e-02 -4.674482941627501886e-01 1.000000000000000000e+00
3.165530204772949219e+00 1.415314376354218084e-01 -6.159314513206481934e-01 1.400000000000000000e+01
3.808731317520142046e+00 1.689569503068923950e-01 -6.038370132446289062e-01 1.600000000000000000e+01
4.920251369476318359e+00 2.165435999631881991e-01 -6.047157049179077148e-01 1.100000000000000000e+01
4.219665908813477273e+01 1.857103586196898970e+00 6.689763545989990234e+00 1.400000000000000000e+01
6.297872066497802734e+00 2.760723233222960871e-01 -5.515215396881103516e-01 9.000000000000000000e+00
1.746909141540526988e+01 7.535529732704162598e-01 -3.052076697349547785e-01 2.000000000000000000e+00
2.175302982330321822e+00 9.079188108444213867e-02 -5.833781361579895020e-01 1.000000000000000000e+00
2.085315465927124023e+00 8.630684763193130493e-02 -4.818451702594757080e-01 1.000000000000000000e+00
3.158158540725708008e+00 1.301574409008026123e-01 -6.144049763679504395e-01 1.300000000000000000e+01
3.799429178237915039e+00 1.552577018737792969e-01 -6.022726893424987793e-01 1.400000000000000000e+01
4.924943923950195312e+00 1.995281130075454989e-01 -6.052031517028808594e-01 1.100000000000000000e+01
6.284862041473388672e+00 2.535248100757598877e-01 -5.503013730049133301e-01 9.000000000000000000e+00
1.745962715148926137e+01 6.920946240425109863e-01 -3.049982488155364990e-01 2.000000000000000000e+00
2.175167322158813032e+00 8.280111104249954224e-02 -5.025406479835510254e-01 4.000000000000000000e+00
5.957542800903320312e+01 2.257418155670166016e+00 3.124456644058227983e+00 6.300000000000000000e+01
3.178191184997559038e+00 1.204272732138634006e-01 -6.182211637496948242e-01 1.300000000000000000e+01
3.809793233871459961e+00 1.430280208587645929e-01 -6.038370132446289062e-01 1.600000000000000000e+01
4.921611309051513672e+00 1.830477565526962003e-01 -6.047157049179077148e-01 1.100000000000000000e+01
6.331461906433104581e+00 2.343772649765014926e-01 -5.543105006217956543e-01 9.000000000000000000e+00
9.466637611389160156e+00 3.471258580684661865e-01 -4.964588880538939875e-01 2.000000000000000000e+00
1.755375099182128906e+01 6.375312805175781250e-01 -3.066038787364960272e-01 2.000000000000000000e+00
2.087059497833251953e+00 7.288172096014022827e-02 -5.595667958259582520e-01 1.000000000000000000e+00
2.191023826599121094e+00 7.574649900197982788e-02 -5.061398744583129883e-01 5.100000000000000000e+01
5.951108932495117188e+01 2.046975612640380859e+00 3.120688438415526900e+00 6.300000000000000000e+01
3.172706127166748047e+00 1.091301143169402937e-01 -6.170762777328491211e-01 1.300000000000000000e+01
3.820140361785889116e+00 1.300645768642426092e-01 -6.054013967514038086e-01 1.000000000000000000e+01
4.922220230102539062e+00 1.658670157194138128e-01 -6.047157049179077148e-01 1.100000000000000000e+01
6.338214874267578125e+00 2.124751657247543057e-01 -5.548334717750549316e-01 9.000000000000000000e+00
9.411899566650390625e+00 3.122248649597167969e-01 -4.935280680656433105e-01 5.000000000000000000e+00
1.757185745239258168e+01 5.767781734466552734e-01 -3.068831264972686768e-01 2.000000000000000000e+00
2.075715780258179155e+00 6.523199379444122314e-02 -5.564609766006469727e-01 2.600000000000000000e+01
2.313986063003540039e+00 7.191142439842224121e-02 -5.344837307929992676e-01 2.500000000000000000e+01
5.958973693847656250e+01 1.841451525688170943e+00 3.124456644058227983e+00 6.300000000000000000e+01
3.163255929946898970e+00 9.775143861770629883e-02 -6.151682138442993164e-01 1.300000000000000000e+01
3.820571184158325195e+00 1.167290061712265015e-01 -6.054013967514038086e-01 1.000000000000000000e+01
4.914832592010498047e+00 1.484445333480834961e-01 -6.037407517433166504e-01 1.100000000000000000e+01
6.346884250640869141e+00 1.905885785818099976e-01 -5.555307269096374512e-01 9.000000000000000000e+00
9.452858924865722656e+00 2.805543243885039728e-01 -4.956215023994445801e-01 2.000000000000000000e+00
1.764972114562987926e+01 5.176652073860168457e-01 -3.082095086574553888e-01 3.000000000000000000e+00
2.081724166870117188e+00 5.814782157540320656e-02 -5.580138564109802246e-01 5.200000000000000000e+01
5.959580230712891336e+01 1.633433341979980025e+00 3.124456644058227983e+00 6.300000000000000000e+01
3.161615371704102007e+00 8.665522933006286621e-02 -6.147865653038024902e-01 1.300000000000000000e+01
3.824904680252075195e+00 1.034988760948181014e-01 -6.060271263122558594e-01 1.000000000000000000e+01
4.923258304595947266e+00 1.314996629953384122e-01 -6.047157049179077148e-01 1.100000000000000000e+01
6.351494312286376953e+00 1.685383617877959928e-01 -5.558793544769287109e-01 7.000000000000000000e+00
9.465760231018066406e+00 2.478696554899215976e-01 -4.962495267391204834e-01 2.000000000000000000e+00
1.761143875122069957e+01 4.550200700759888250e-01 -3.075113892555236816e-01 3.000000000000000000e+00
2.159165382385253906e+00 5.276886746287345886e-02 -5.787193775177001953e-01 6.900000000000000000e+01
2.458596706390380859e+00 5.922809243202208779e-02 -5.677764415740966797e-01 2.000000000000000000e+00
5.960114288330078125e+01 1.425395131111145020e+00 3.124456644058227983e+00 6.300000000000000000e+01
3.169749498367310014e+00 7.580636441707611084e-02 -6.163130402565002441e-01 1.300000000000000000e+01
3.823267698287963867e+00 9.010029584169387817e-02 -6.057142615318298340e-01 1.100000000000000000e+01
4.929640769958496094e+00 1.144517138600349010e-01 -6.054468750953674316e-01 1.100000000000000000e+01
6.336108684539794922e+00 1.459992974996567050e-01 -5.544848442077636719e-01 6.000000000000000000e+00
9.490529060363769531e+00 2.153702378273009976e-01 -4.975056052207946777e-01 2.000000000000000000e+00
1.772887420654296875e+01 3.961327373981475830e-01 -3.095358908176422119e-01 3.000000000000000000e+00
2.346684932708739790e+00 4.915604367852210999e-02 -6.289302706718444824e-01 5.400000000000000000e+01
2.450995206832886186e+00 5.048510432243347168e-02 -5.659768581390380859e-01 5.000000000000000000e+00
3.179809093475341797e+00 6.494184583425521851e-02 -6.182211637496948242e-01 1.300000000000000000e+01
3.815659046173096147e+00 7.659547030925750732e-02 -6.044628024101257324e-01 1.100000000000000000e+01
4.918102264404296875e+00 9.700847417116165161e-02 -6.039844751358032227e-01 1.100000000000000000e+01
6.362475872039794922e+00 1.243875324726105014e-01 -5.567508935928344727e-01 9.000000000000000000e+00
9.507198333740234375e+00 1.825475245714187900e-01 -4.983429610729218084e-01 2.000000000000000000e+00
1.777813339233398082e+01 3.351495862007141113e-01 -3.103736042976378839e-01 3.000000000000000000e+00
2.356500148773192915e+00 4.113285988569260337e-02 -6.315184831619262695e-01 5.200000000000000000e+01
2.435568809509276900e+00 4.166258499026299217e-02 -5.623776316642761230e-01 7.000000000000000000e+00
5.960963821411132812e+01 1.009269356727600098e+00 3.124456644058227983e+00 6.300000000000000000e+01
3.178053379058837891e+00 5.380861088633537292e-02 -6.178395152091979980e-01 1.300000000000000000e+01
3.833679199218750000e+00 6.357063353061676025e-02 -6.072785854339599609e-01 1.300000000000000000e+01
4.912456035614013672e+00 7.974383980035781860e-02 -6.032532453536987305e-01 1.100000000000000000e+01
6.384784698486328125e+00 1.025294885039329945e-01 -5.586683154106140137e-01 7.000000000000000000e+00
9.519759178161621094e+00 1.495483368635177890e-01 -4.989710152149199884e-01 4.000000000000000000e+00
1.781118583679198863e+01 2.735816836357117254e-01 -3.109320700168610174e-01 3.000000000000000000e+00
2.354697704315185991e+00 3.287991881370543740e-02 -6.310008168220520020e-01 4.800000000000000000e+01
2.480516195297241211e+00 3.377076238393784263e-02 -5.727253556251525879e-01 6.000000000000000000e+00
3.176258802413939986e+00 4.268842190504074097e-02 -6.174579262733459473e-01 1.300000000000000000e+01
3.837828159332274947e+00 5.023992061614990234e-02 -6.079043149948120117e-01 1.100000000000000000e+01
4.924614429473876953e+00 6.274743378162384033e-02 -6.047157049179077148e-01 1.100000000000000000e+01
6.395064830780029297e+00 8.036698400974273682e-02 -5.595398545265197754e-01 9.000000000000000000e+00
9.500252723693847656e+00 1.160732507705688060e-01 -4.979242980480194092e-01 4.000000000000000000e+00
1.778003883361816051e+01 2.110276669263839999e-01 -3.103736042976378839e-01 3.000000000000000000e+00
2.347062349319458008e+00 2.539864927530289043e-02 -6.289302706718444824e-01 4.900000000000000000e+01
2.470866918563843218e+00 2.587580494582653046e-02 -5.704758763313293457e-01 5.000000000000000000e+00
5.961502075195313211e+01 6.139039397239685059e-01 3.124456644058227983e+00 6.300000000000000000e+01
3.180303335189818892e+00 3.275014832615851662e-02 -6.182211637496948242e-01 1.200000000000000000e+01
3.851794004440308061e+00 3.832036256790161133e-02 -6.100944280624389648e-01 1.200000000000000000e+01
4.924787044525145596e+00 4.727601632475852966e-02 -6.047157049179077148e-01 1.100000000000000000e+01
6.379347324371337891e+00 6.012571230530738831e-02 -5.581454038619995117e-01 6.000000000000000000e+00
9.564479827880859375e+00 8.680684864521026611e-02 -5.012738108634948730e-01 4.000000000000000000e+00
1.793258476257323863e+01 1.564953029155730924e-01 -3.130263686180114746e-01 3.000000000000000000e+00
2.352931976318358931e+00 1.724820211529732097e-02 -6.304832100868225098e-01 5.900000000000000000e+01
2.504070043563843218e+00 1.748199015855788838e-02 -5.781242251396179199e-01 1.000000000000000000e+00
5.961680221557617188e+01 4.058049619197844904e-01 3.124456644058227983e+00 6.300000000000000000e+01
3.188251256942749023e+00 2.170207351446152080e-02 -6.197476387023925781e-01 1.200000000000000000e+01
3.826224803924560991e+00 2.470902539789677013e-02 -6.060271263122558594e-01 1.100000000000000000e+01
4.954698085784912109e+00 3.026690334081650127e-02 -6.083717346191406250e-01 1.100000000000000000e+01
6.389480113983154297e+00 3.791638463735579750e-02 -5.590169429779052734e-01 9.000000000000000000e+00
9.584696769714355469e+00 5.353160202503204346e-02 -5.023205280303955078e-01 4.000000000000000000e+00
1.793302154541015980e+01 9.389794617891311646e-02 -3.130263686180114746e-01 3.000000000000000000e+00
2.347182512283325195e+00 9.012578055262565613e-03 -6.289302706718444824e-01 5.200000000000000000e+01
2.476833581924438032e+00 8.645815774798393250e-03 -5.718255639076232910e-01 1.000000000000000000e+00
3.196160554885863814e+00 1.059890817850827997e-02 -6.212741136550903320e-01 1.300000000000000000e+01
3.840115308761597124e+00 1.139388512820005070e-02 -6.082171797752380371e-01 1.100000000000000000e+01
4.928967475891113281e+00 1.290403585880994970e-02 -6.052031517028808594e-01 1.100000000000000000e+01
6.395550727844238281e+00 1.562730967998504986e-02 -5.595398545265197754e-01 9.000000000000000000e+00
9.596808433532714844e+00 2.009953930974007000e-02 -5.029485225677490234e-01 4.000000000000000000e+00
1.793324089050292969e+01 3.129944205284119346e-02 -3.130263686180114746e-01 3.000000000000000000e+00
2.358790636062622070e+00 8.233733242377638817e-04 -6.320360898971557617e-01 4.500000000000000000e+01
4.046047210693358664e+01 -7.061684969812631607e-03 2.120443582534790039e+00 2.400000000000000000e+01
3.182435274124145952e+00 -5.554397357627749443e-04 -6.186027526855468750e-01 1.300000000000000000e+01
3.850008726119995117e+00 -2.015860052779316902e-03 -6.097815632820129395e-01 1.000000000000000000e+01
4.926997184753417969e+00 -4.299617372453212738e-03 -6.049594283103942871e-01 9.000000000000000000e+00
6.425452232360839844e+00 -6.728720385581254959e-03 -5.621545314788818359e-01 7.000000000000000000e+00
9.588831901550292969e+00 -1.338854338973760952e-02 -5.025298595428466797e-01 4.000000000000000000e+00
1.813320922851562855e+01 -3.164845332503318787e-02 -3.165168464183806818e-01 3.000000000000000000e+00
2.354915618896483931e+00 -7.398209534585475922e-03 -6.310008168220520020e-01 4.000000000000000000e+01
2.546987771987915039e+00 -8.890700526535511017e-03 -5.880220532417297363e-01 1.000000000000000000e+00
3.184377193450928178e+00 -1.167140435427426945e-02 -6.189844012260437012e-01 1.300000000000000000e+01
3.853928804397583008e+00 -1.547074504196644003e-02 -6.104072928428649902e-01 1.000000000000000000e+01
4.915041923522949219e+00 -2.144605107605456959e-02 -6.034969687461853027e-01 9.000000000000000000e+00
6.427381992340087891e+00 -2.916673384606837879e-02 -5.623288750648498535e-01 7.000000000000000000e+00
9.632665634155273438e+00 -4.707445949316024780e-02 -5.048326253890991211e-01 4.000000000000000000e+00
1.813298988342285156e+01 -9.494497627019882202e-02 -3.165168464183806818e-01 3.000000000000000000e+00
2.347148180007935014e+00 -1.556710433214903051e-02 -6.289302706718444824e-01 2.900000000000000000e+01
2.558633327484130859e+00 -1.786292158067226063e-02 -5.907214879989624023e-01 1.000000000000000000e+00
3.184317111968994141e+00 -2.278688363730907093e-02 -6.189844012260437012e-01 1.300000000000000000e+01
3.853851318359375000e+00 -2.892337366938591003e-02 -6.104072928428649902e-01 1.000000000000000000e+01
4.934787273406982422e+00 -3.875852376222609780e-02 -6.059343814849853516e-01 9.000000000000000000e+00
6.401340961456298828e+00 -5.139436200261116028e-02 -5.600628256797790527e-01 9.000000000000000000e+00
9.700346946716308594e+00 -8.126733452081680298e-02 -5.083914995193481445e-01 2.000000000000000000e+00
1.828051948547362926e+01 -1.595316678285599032e-01 -3.190998136997222900e-01 3.000000000000000000e+00
2.349007129669189009e+00 -2.418962121009827007e-02 -6.294479370117187500e-01 2.300000000000000000e+01
2.542961835861206055e+00 -2.707468718290328979e-02 -5.871222615242004395e-01 1.000000000000000000e+00
3.195991039276123047e+00 -3.458530083298683167e-02 -6.212741136550903320e-01 1.200000000000000000e+01
3.837917566299438032e+00 -4.287173226475716331e-02 -6.079043149948120117e-01 1.000000000000000000e+01
4.934612274169921875e+00 -5.684516578912734985e-02 -6.059343814849853516e-01 1.100000000000000000e+01
6.434977531433104581e+00 -7.525216788053512573e-02 -5.630260705947875977e-01 7.000000000000000000e+00
9.680012702941894531e+00 -1.165798231959342957e-01 -5.073447823524475098e-01 2.000000000000000000e+00
1.827181434631348012e+01 -2.264329344034194946e-01 -3.189601898193358820e-01 3.000000000000000000e+00
2.364361763000487837e+00 -3.260212391614913940e-02 -6.335890293121337891e-01 1.900000000000000000e+01
4.045643234252929688e+01 -5.719774365425109863e-01 2.120443582534790039e+00 2.400000000000000000e+01
3.201740026473999023e+00 -4.582547023892403343e-02 -6.224189400672912598e-01 1.300000000000000000e+01
3.853545665740966797e+00 -5.649998039007186890e-02 -6.104072928428649902e-01 1.000000000000000000e+01
4.938353538513183594e+00 -7.412941753864288330e-02 -6.064218282699584961e-01 9.000000000000000000e+00
6.424715042114257812e+00 -9.756271541118621826e-02 -5.621545314788818359e-01 7.000000000000000000e+00
9.707505226135253906e+00 -1.508029848337172907e-01 -5.088101625442504883e-01 2.000000000000000000e+00
1.825091743469237926e+01 -2.898944914340972900e-01 -3.186111450195313055e-01 3.000000000000000000e+00
2.360377311706542969e+00 -4.037636891007422707e-02 -6.325537562370300293e-01 1.700000000000000000e+01
2.632346868515015093e+00 -4.594778642058371804e-02 -6.078177690505981445e-01 1.000000000000000000e+00
4.031839370727539062e+01 -7.107992768287658691e-01 2.113325834274291992e+00 2.400000000000000000e+01
3.181940793991088867e+00 -5.609650909900665283e-02 -6.186027526855468750e-01 1.200000000000000000e+01
3.863212585449219194e+00 -6.945603340864181519e-02 -6.119716167449951172e-01 1.000000000000000000e+01
4.932126045227050781e+00 -9.039605408906936646e-02 -6.056906580924987793e-01 1.100000000000000000e+01
6.448260784149169922e+00 -1.193095967173575939e-01 -5.642462968826293945e-01 7.000000000000000000e+00
9.710945129394531250e+00 -1.830686926841736117e-01 -5.090194940567016602e-01 2.000000000000000000e+00
1.838181114196776988e+01 -3.529488146305084229e-01 -3.209148347377777100e-01 3.000000000000000000e+00
2.364084959030150923e+00 -4.869494214653968811e-02 -6.335890293121337891e-01 1.500000000000000000e+01
5.962805175781250000e+01 -1.238618016242980957e+00 1.041036009788512962e+00 6.300000000000000000e+01
2.686723232269287109e+00 -5.627882853150367737e-02 -6.204150319099426270e-01 6.000000000000000000e+00
4.010814666748046875e+01 -8.401459455490112305e-01 2.102440118789672852e+00 2.300000000000000000e+01
3.183688402175902876e+00 -6.724467128515243530e-02 -6.189844012260437012e-01 1.300000000000000000e+01
3.864921331405640093e+00 -8.298314362764358521e-02 -6.122844815254211426e-01 1.000000000000000000e+01
4.937734127044677734e+00 -1.077417433261871060e-01 -6.064218282699584961e-01 9.000000000000000000e+00
6.437845706939697266e+00 -1.415984481573105136e-01 -5.633746981620788574e-01 9.000000000000000000e+00
9.738202095031738281e+00 -2.175897210836411078e-01 -5.104849338531494141e-01 2.000000000000000000e+00
1.844843864440917969e+01 -4.186536669731140137e-01 -3.221016228199005127e-01 3.000000000000000000e+00
2.352303028106689009e+00 -5.707824602723122337e-02 -6.304832100868225098e-01 1.600000000000000000e+01
2.700135946273804155e+00 -6.646145135164260864e-02 -6.235643029212951660e-01 8.000000000000000000e+00
3.193233966827393022e+00 -7.915627956390380859e-02 -6.208924651145935059e-01 1.200000000000000000e+01
3.862616539001464844e+00 -9.709858894348144531e-02 -6.119716167449951172e-01 1.000000000000000000e+01
4.953181743621826172e+00 -1.262433528900145929e-01 -6.083717346191406250e-01 9.000000000000000000e+00
6.441266536712645596e+00 -1.652956008911133090e-01 -5.637233257293701172e-01 9.000000000000000000e+00
9.737339019775390625e+00 -2.532805502414702814e-01 -5.104849338531494141e-01 2.000000000000000000e+00
2.359813690185546875e+00 -6.550338119268417358e-02 -6.325537562370300293e-01 2.000000000000000000e+01
2.707679510116577148e+00 -7.610528171062469482e-02 -6.253639459609985352e-01 8.000000000000000000e+00
3.984955215454102273e+01 -1.120059370994568093e+00 2.089251279830933061e+00 2.300000000000000000e+01
3.206675529479980025e+00 -9.069078415632247925e-02 -6.235638260841369629e-01 1.300000000000000000e+01
3.852381229400635210e+00 -1.102983728051186024e-01 -6.104072928428649902e-01 1.000000000000000000e+01
4.958663940429688388e+00 -1.437049210071563998e-01 -6.091029644012451172e-01 1.100000000000000000e+01
6.456583023071289062e+00 -1.882433146238327026e-01 -5.651178359985351562e-01 9.000000000000000000e+00
9.796287536621093750e+00 -2.890357375144957941e-01 -5.136250853538513184e-01 2.000000000000000000e+00
1.852492332458496094e+01 -5.530429482460021973e-01 -3.234978020191193182e-01 3.000000000000000000e+00
2.361501693725585938e+00 -7.380061596632003784e-02 -6.330713629722595215e-01 2.100000000000000000e+01
2.703501701354980025e+00 -8.543328195810317993e-02 -6.244641542434692383e-01 8.000000000000000000e+00
3.984540176391602273e+01 -1.259153366088866965e+00 2.089251279830933061e+00 2.300000000000000000e+01
3.204377174377440962e+00 -1.018212586641312062e-01 -6.231821775436401367e-01 1.300000000000000000e+01
3.865793228149414062e+00 -1.241890043020247997e-01 -6.125973463058471680e-01 9.000000000000000000e+00
4.960115909576416016e+00 -1.610774546861649115e-01 -6.093466877937316895e-01 9.000000000000000000e+00
3.754002380371093750e+01 -1.219094634056091087e+00 5.948889732360839844e+00 1.300000000000000000e+01
6.467834472656250000e+00 -2.111699432134628018e-01 -5.661637187004089355e-01 9.000000000000000000e+00
9.735333442687988281e+00 -3.212532699108123779e-01 -5.104849338531494141e-01 2.000000000000000000e+00
1.862280845642089844e+01 -6.210361123085021973e-01 -3.252430558204650879e-01 3.000000000000000000e+00
2.367021799087523970e+00 -8.224459737539291382e-02 -6.346243023872375488e-01 2.000000000000000000e+01
2.730452537536621094e+00 -9.582664817571640015e-02 -6.307627558708190918e-01 1.100000000000000000e+01
3.944155502319335938e+01 -1.384221792221068892e+00 2.068316936492919922e+00 2.200000000000000000e+01
3.205964088439940962e+00 -1.130752041935920993e-01 -6.235638260841369629e-01 1.200000000000000000e+01
3.869284391403197798e+00 -1.378230154514313022e-01 -6.132230758666992188e-01 9.000000000000000000e+00
4.943653106689453125e+00 -1.778196543455123901e-01 -6.073967814445495605e-01 9.000000000000000000e+00
3.760265731811522727e+01 -1.352540612220763938e+00 5.959527492523193359e+00 1.300000000000000000e+01
6.461084842681884766e+00 -2.335297167301177979e-01 -5.656407475471496582e-01 9.000000000000000000e+00
9.833949089050292969e+00 -3.588759005069733221e-01 -5.157185196876525879e-01 2.000000000000000000e+00
1.872044563293457031e+01 -6.897193193435668945e-01 -3.269882798194885254e-01 3.000000000000000000e+00
2.360928773880004883e+00 -9.028507769107818604e-02 -6.330713629722595215e-01 1.900000000000000000e+01
2.741785287857056108e+00 -1.058080047369003018e-01 -6.334621906280517578e-01 1.100000000000000000e+01
3.947613525390625000e+01 -1.530320405960083008e+00 2.070410490036011186e+00 2.200000000000000000e+01
3.197702884674071822e+00 -1.239612251520156999e-01 -6.220373511314392090e-01 1.200000000000000000e+01
3.872727632522583008e+00 -1.514829248189925870e-01 -6.138488650321960449e-01 9.000000000000000000e+00
4.950936317443847656e+00 -1.953882575035094937e-01 -6.083717346191406250e-01 9.000000000000000000e+00
3.733321380615233664e+01 -1.473351955413817915e+00 5.917603015899658203e+00 1.300000000000000000e+01
6.468193531036376953e+00 -2.563973665237426758e-01 -5.663380026817321777e-01 9.000000000000000000e+00
9.832636833190917969e+00 -3.932006061077117920e-01 -5.157185196876525879e-01 2.000000000000000000e+00
1.871792411804198863e+01 -7.550616264343261719e-01 -3.269882798194885254e-01 3.000000000000000000e+00
2.370250225067139116e+00 -9.892850369215011597e-02 -6.356595754623413086e-01 1.700000000000000000e+01
2.743346214294434038e+00 -1.154599189758301059e-01 -6.339120864868164062e-01 1.300000000000000000e+01
3.195289134979248047e+00 -1.350396275520324985e-01 -6.216557025909423828e-01 1.200000000000000000e+01
3.872175216674805132e+00 -1.650003343820571899e-01 -6.138488650321960449e-01 9.000000000000000000e+00
4.962123870849609375e+00 -2.131802886724472046e-01 -6.098341941833496094e-01 1.000000000000000000e+01
3.735124588012695312e+01 -1.611196637153625044e+00 5.921357154846191406e+00 1.300000000000000000e+01
6.473230361938476562e+00 -2.792315781116486151e-01 -5.668609738349914551e-01 7.000000000000000000e+00
9.899046897888183594e+00 -4.304707348346710205e-01 -5.192773342132568359e-01 2.000000000000000000e+00
1.878709411621094105e+01 -8.235474824905395508e-01 -3.282448649406433105e-01 3.000000000000000000e+00
2.377647399902344194e+00 -1.067208647727966031e-01 -6.377301216125488281e-01 1.500000000000000000e+01
2.744916677474976030e+00 -1.241658776998520036e-01 -6.343619823455810547e-01 1.100000000000000000e+01
3.889847946166992188e+01 -1.766369581222533958e+00 2.040683507919311968e+00 2.200000000000000000e+01
3.208577632904053178e+00 -1.457006633281708041e-01 -6.243270039558410645e-01 1.200000000000000000e+01
3.865717649459838867e+00 -1.768934130668640137e-01 -6.129102110862731934e-01 1.000000000000000000e+01
4.957463741302490234e+00 -2.285853177309035977e-01 -6.093466877937316895e-01 9.000000000000000000e+00
6.480282306671142578e+00 -2.999348938465117853e-01 -5.675581693649291992e-01 9.000000000000000000e+00
9.829813003540039062e+00 -4.584040045738220215e-01 -5.157185196876525879e-01 2.000000000000000000e+00
1.884034347534180043e+01 -8.851925134658813477e-01 -3.292222023010253906e-01 3.000000000000000000e+00
2.377260446548461914e+00 -1.150197535753249983e-01 -6.377301216125488281e-01 1.700000000000000000e+01
2.736680746078491211e+00 -1.333672404289245883e-01 -6.325623393058776855e-01 1.100000000000000000e+01
3.211971521377563032e+00 -1.570916026830672940e-01 -6.250902414321899414e-01 1.200000000000000000e+01
3.865076780319213867e+00 -1.903862059116364081e-01 -6.129102110862731934e-01 1.000000000000000000e+01
4.968531608581542969e+00 -2.464788258075714111e-01 -6.108091473579406738e-01 1.000000000000000000e+01
6.489145755767822266e+00 -3.230488002300261896e-01 -5.684297680854797363e-01 6.000000000000000000e+00
9.868047714233398438e+00 -4.947137236595153809e-01 -5.178119540214538574e-01 2.000000000000000000e+00
1.890903663635253906e+01 -9.545817375183105469e-01 -3.304787576198577881e-01 3.000000000000000000e+00
2.384539842605590820e+00 -1.241338029503822049e-01 -6.398006677627563477e-01 1.700000000000000000e+01
2.740065813064575195e+00 -1.436007618904114047e-01 -6.334621906280517578e-01 1.100000000000000000e+01
3.901248931884766336e+01 -2.051385641098022017e+00 2.047382593154906782e+00 2.200000000000000000e+01
3.203531980514525923e+00 -1.684506535530090054e-01 -6.235638260841369629e-01 1.300000000000000000e+01
3.872243404388428178e+00 -2.049688100814819058e-01 -6.141617298126220703e-01 1.000000000000000000e+01
4.941824913024902344e+00 -2.633146643638610840e-01 -6.076405644416809082e-01 1.100000000000000000e+01
4.213822174072266336e+01 -2.245245933532714844e+00 6.683506011962890625e+00 1.400000000000000000e+01
6.473991394042968750e+00 -3.460860550403594971e-01 -5.672096014022827148e-01 9.000000000000000000e+00
9.925999641418457031e+00 -5.340979695320129395e-01 -5.209521055221557617e-01 2.000000000000000000e+00
1.903320312500000000e+01 -1.030801415443419966e+00 -3.327126801013947088e-01 3.000000000000000000e+00
2.382163047790526900e+00 -1.323494762182235995e-01 -6.392830610275268555e-01 1.600000000000000000e+01
2.743439197540283203e+00 -1.533820629119873047e-01 -6.343619823455810547e-01 1.100000000000000000e+01
3.884556198120117188e+01 -2.178605318069458008e+00 2.039008855819702148e+00 2.200000000000000000e+01
3.208804845809936968e+00 -1.799618452787399014e-01 -6.247086524963378906e-01 1.300000000000000000e+01
3.883337736129761186e+00 -2.191520184278487882e-01 -6.160389184951782227e-01 1.000000000000000000e+01
4.956730842590332031e+00 -2.814635932445526123e-01 -6.095904707908630371e-01 1.300000000000000000e+01
6.500591754913330078e+00 -3.702686131000518799e-01 -5.696499347686767578e-01 9.000000000000000000e+00
9.924074172973632812e+00 -5.687429308891296387e-01 -5.209521055221557617e-01 2.000000000000000000e+00
1.910135841369628906e+01 -1.101377487182616965e+00 -3.339692354202271063e-01 3.000000000000000000e+00
2.366258621215819868e+00 -1.397527903318404874e-01 -6.351419091224670410e-01 1.500000000000000000e+01
2.746777772903441939e+00 -1.631886661052704135e-01 -6.352617740631103516e-01 1.200000000000000000e+01
3.891746902465820312e+01 -2.318940162658690962e+00 2.043195724487305132e+00 2.200000000000000000e+01
3.206197261810303178e+00 -1.910447925329208096e-01 -6.243270039558410645e-01 1.300000000000000000e+01
3.878605365753173828e+00 -2.324696928262711126e-01 -6.154131889343261719e-01 1.000000000000000000e+01
4.955718040466308594e+00 -2.987640798091887873e-01 -6.095904707908630371e-01 1.200000000000000000e+01
6.487327575683593750e+00 -3.922361731529235840e-01 -5.686040520668029785e-01 9.000000000000000000e+00
9.989809989929199219e+00 -6.075029373168945312e-01 -5.245109796524047852e-01 2.000000000000000000e+00
1.909739875793457031e+01 -1.168046951293945090e+00 -3.339692354202271063e-01 3.000000000000000000e+00
2.371540546417235884e+00 -1.483736038208008090e-01 -6.366948485374450684e-01 1.600000000000000000e+01
2.750081062316894975e+00 -1.730204373598099032e-01 -6.361615657806396484e-01 1.200000000000000000e+01
3.217267036437987837e+00 -2.029770314693450928e-01 -6.266167163848876953e-01 1.400000000000000000e+01
3.865942001342772993e+00 -2.452567368745804111e-01 -6.135360002517700195e-01 1.000000000000000000e+01
4.964550495147705078e+00 -3.166928291320800781e-01 -6.108091473579406738e-01 1.200000000000000000e+01
6.523696899414063388e+00 -4.172953069210051935e-01 -5.719159841537475586e-01 9.000000000000000000e+00
9.959725379943847656e+00 -6.405754685401916504e-01 -5.230455398559570312e-01 2.000000000000000000e+00
1.909320449829101918e+01 -1.234702229499816895e+00 -3.339692354202271063e-01 3.000000000000000000e+00
2.374918222427368164e+00 -1.560766547918319980e-01 -6.377301216125488281e-01 1.600000000000000000e+01
2.737857103347777876e+00 -1.808883696794509888e-01 -6.334621906280517578e-01 1.200000000000000000e+01
3.220531463623046875e+00 -2.133429050445556918e-01 -6.273799538612365723e-01 1.400000000000000000e+01
3.873036384582519975e+00 -2.579257488250731867e-01 -6.147874593734741211e-01 1.000000000000000000e+01
4.959569931030273438e+00 -3.320226371288300116e-01 -6.103217005729675293e-01 1.000000000000000000e+01
6.524341583251953125e+00 -4.379214346408843994e-01 -5.720902681350708008e-01 9.000000000000000000e+00
9.961648941040039062e+00 -6.721305847167968750e-01 -5.232548713684082031e-01 2.000000000000000000e+00
3.594032287597656250e+01 -2.431260108947753906e+00 8.316440582275390625e+00 1.000000000000000000e+01
1.928874206542969105e+01 -1.308210372924804910e+00 -3.374597430229187012e-01 3.000000000000000000e+00
3.944087219238281250e+01 -2.674977779388428178e+00 1.059242820739745916e+01 9.000000000000000000e+00
2.393631219863892046e+00 -1.656998395919800082e-01 -6.429064869880676270e-01 1.900000000000000000e+01
2.744985103607178178e+00 -1.909852176904678067e-01 -6.352617740631103516e-01 1.100000000000000000e+01
3.219767093658446822e+00 -2.245833575725554865e-01 -6.273799538612365723e-01 1.300000000000000000e+01
3.881965160369873047e+00 -2.721343040466309149e-01 -6.163517832756042480e-01 1.000000000000000000e+01
4.946499347686767578e+00 -3.484956920146942139e-01 -6.088592410087585449e-01 9.000000000000000000e+00
6.548609733581542969e+00 -4.625177979469298761e-01 -5.743563175201416016e-01 6.000000000000000000e+00
9.943304061889648438e+00 -7.057678699493408203e-01 -5.224174857139587402e-01 2.000000000000000000e+00
1.922820854187012074e+01 -1.371549010276793990e+00 -3.364824056625366211e-01 3.000000000000000000e+00
3.901507186889647727e+01 -2.782946825027465820e+00 1.048061847686767933e+01 9.000000000000000000e+00
2.383404493331909180e+00 -1.733534634113312045e-01 -6.403183341026306152e-01 1.900000000000000000e+01
2.752075910568236861e+00 -2.011340111494064053e-01 -6.370613574981689453e-01 1.000000000000000000e+01
3.205257654190063032e+00 -2.348169684410094937e-01 -6.247086524963378906e-01 1.300000000000000000e+01
3.884931564331055132e+00 -2.859732508659362793e-01 -6.169775128364562988e-01 9.000000000000000000e+00
4.951191902160645419e+00 -3.661993145942687988e-01 -6.095904707908630371e-01 9.000000000000000000e+00
6.539007663726806641e+00 -4.847846627235413153e-01 -5.736591219902038574e-01 6.000000000000000000e+00
3.590707397460938211e+01 -2.668356657028197798e+00 6.998874187469482422e+00 6.000000000000000000e+01
9.996548652648925781e+00 -7.446262836456298828e-01 -5.253483057022094727e-01 2.000000000000000000e+00
1.931104660034180043e+01 -1.445226073265075906e+00 -3.380182087421417236e-01 3.000000000000000000e+00
3.793400573730468750e+01 -2.838956356048583984e+00 1.019281196594237926e+01 8.000000000000000000e+00
2.367374897003173828e+00 -1.804971247911452970e-01 -6.361772418022155762e-01 1.600000000000000000e+01
2.755243062973022017e+00 -2.110369801521300992e-01 -6.379612088203430176e-01 1.100000000000000000e+01
3.218120813369750977e+00 -2.470559179782866877e-01 -6.273799538612365723e-01 1.300000000000000000e+01
3.879970788955688032e+00 -2.992286682128906250e-01 -6.163517832756042480e-01 9.000000000000000000e+00
4.971654415130615234e+00 -3.851666152477263849e-01 -6.122716069221496582e-01 1.000000000000000000e+01
6.533302783966063565e+00 -5.072986483573913574e-01 -5.733104944229125977e-01 5.000000000000000000e+00
1.002574825286865057e+01 -7.820011973381042480e-01 -5.270230770111083984e-01 2.000000000000000000e+00
1.934974288940430043e+01 -1.516061782836914062e+00 -3.387861251831055243e-01 3.000000000000000000e+00
3.802542114257813211e+01 -2.985987663269042969e+00 1.022024631500243963e+01 1.600000000000000000e+01
2.380177259445189986e+00 -1.902502477169036865e-01 -6.398006677627563477e-01 1.600000000000000000e+01
2.754451274871826172e+00 -2.211340367794036865e-01 -6.379612088203430176e-01 1.000000000000000000e+01
3.217193603515625000e+00 -2.588492631912230890e-01 -6.273799538612365723e-01 1.300000000000000000e+01
3.872941017150878906e+00 -3.129701316356658936e-01 -6.154131889343261719e-01 1.400000000000000000e+01
4.976144790649414062e+00 -4.038678109645844061e-01 -6.130027770996093750e-01 9.000000000000000000e+00
6.537357330322265625e+00 -5.317255258560180664e-01 -5.738334059715270996e-01 6.000000000000000000e+00
1.001883316040039062e+01 -8.184169530868530273e-01 -5.268137454986572266e-01 2.000000000000000000e+00
4.080458068847656250e+01 -3.340407848358153853e+00 9.451992988586425781e+00 1.200000000000000000e+01
1.932412528991698863e+01 -1.585336923599242942e+00 -3.384370803833007812e-01 3.000000000000000000e+00
3.804749679565429688e+01 -3.121388435363769975e+00 1.022904586791992010e+01 8.000000000000000000e+00
2.383348941802978960e+00 -1.988787502050400058e-01 -6.408359408378601074e-01 1.800000000000000000e+01
2.742010831832886186e+00 -2.297711521387099942e-01 -6.352617740631103516e-01 1.100000000000000000e+01
3.228008747100830078e+00 -2.710634768009185791e-01 -6.296696662902832031e-01 1.300000000000000000e+01
3.877730131149291992e+00 -3.269852697849274237e-01 -6.163517832756042480e-01 9.000000000000000000e+00
4.968770980834960938e+00 -4.207328557968140204e-01 -6.122716069221496582e-01 1.000000000000000000e+01
6.567225456237792969e+00 -5.572371482849121094e-01 -5.766223669052124023e-01 5.000000000000000000e+00
1.005969619750976918e+01 -8.571144938468933105e-01 -5.291165113449096680e-01 2.000000000000000000e+00
1.934636878967285156e+01 -1.655167460441588911e+00 -3.389257192611693781e-01 3.000000000000000000e+00
2.386525630950928178e+00 -2.071151733398438055e-01 -6.418712139129638672e-01 1.600000000000000000e+01
2.745116710662841797e+00 -2.392010539770126065e-01 -6.361615657806396484e-01 1.100000000000000000e+01
3.215357303619385210e+00 -2.807418406009674072e-01 -6.273799538612365723e-01 1.200000000000000000e+01
3.880560159683227983e+00 -3.401874899864196777e-01 -6.169775128364562988e-01 9.000000000000000000e+00
4.949551105499267578e+00 -4.356411695480347235e-01 -6.100779175758361816e-01 1.000000000000000000e+01
6.569310665130615234e+00 -5.793618559837341309e-01 -5.769709944725036621e-01 5.000000000000000000e+00
1.005282020568848012e+01 -8.901166319847106934e-01 -5.289071798324584961e-01 2.000000000000000000e+00
1.937662506103515980e+01 -1.722500443458556907e+00 -3.395540118217468262e-01 3.000000000000000000e+00
4.024211883544921875e+01 -3.577354907989501953e+00 1.082536506652832031e+01 9.000000000000000000e+00
2.389636278152465820e+00 -2.157919406890868863e-01 -6.429064869880676270e-01 1.800000000000000000e+01
2.750087261199951172e+00 -2.493096739053725919e-01 -6.375113129615783691e-01 1.300000000000000000e+01
3.212402582168579102e+00 -2.917862236499785822e-01 -6.269983649253845215e-01 1.300000000000000000e+01
3.895086765289307085e+00 -3.551661372184752863e-01 -6.194804906845092773e-01 1.000000000000000000e+01
4.953930854797363281e+00 -4.534585177898406982e-01 -6.108091473579406738e-01 1.000000000000000000e+01
6.567248344421386719e+00 -6.022894978523254395e-01 -5.769709944725036621e-01 4.000000000000000000e+00
1.003771877288818004e+01 -9.241034984588623047e-01 -5.282791256904602051e-01 2.000000000000000000e+00
3.614186096191406250e+01 -3.333693504333496094e+00 8.379426956176757812e+00 2.100000000000000000e+01
1.950191497802734020e+01 -1.802272200584412065e+00 -3.418577313423156738e-01 3.000000000000000000e+00
2.377366781234741211e+00 -2.226343154907227118e-01 -6.398006677627563477e-01 1.900000000000000000e+01
2.758946418762207031e+00 -2.593398094177246094e-01 -6.397607922554016113e-01 1.300000000000000000e+01
3.209462642669678178e+00 -3.022532463073729914e-01 -6.266167163848876953e-01 1.300000000000000000e+01
3.878154754638671875e+00 -3.665935397148131769e-01 -6.169775128364562988e-01 1.000000000000000000e+01
3.916729354858397727e+01 -3.709296464920043945e+00 4.830657005310058594e+00 2.000000000000000000e+01
4.958328723907470703e+00 -4.704463481903076172e-01 -6.115403771400451660e-01 9.000000000000000000e+00
6.551331043243408203e+00 -6.227442026138305664e-01 -5.757508277893066406e-01 5.000000000000000000e+00
1.008231639862061080e+01 -9.619373083114624023e-01 -5.307912826538085938e-01 2.000000000000000000e+00
3.647978973388671875e+01 -3.486902236938477007e+00 8.460409164428710938e+00 1.100000000000000000e+01
1.971479606628417969e+01 -1.887901186943053977e+00 -3.456972539424896240e-01 3.000000000000000000e+00
2.380420684814453125e+00 -2.313051968812943060e-01 -6.408359408378601074e-01 1.900000000000000000e+01
2.754145145416260210e+00 -2.685904502868651789e-01 -6.388610005378723145e-01 1.300000000000000000e+01
3.933118057250977273e+01 -3.835665225982666016e+00 2.071038484573363814e+00 2.200000000000000000e+01
3.212296009063721147e+00 -3.138363361358643133e-01 -6.273799538612365723e-01 1.300000000000000000e+01
3.888647079467772993e+00 -3.812851905822753906e-01 -6.188547611236572266e-01 9.000000000000000000e+00
3.895655059814453125e+01 -3.826587677001953125e+00 4.806282997131347656e+00 2.000000000000000000e+01
4.968509674072265625e+00 -4.889176785945891779e-01 -6.130027770996093750e-01 9.000000000000000000e+00
6.574893474578857422e+00 -6.481497883796691895e-01 -5.780168771743774414e-01 5.000000000000000000e+00
1.005504608154297053e+01 -9.947656989097595215e-01 -5.295352339744567871e-01 2.000000000000000000e+00
3.663417053222656250e+01 -3.630747795104980025e+00 8.499100685119628906e+00 1.100000000000000000e+01
1.970808601379394887e+01 -1.956707119941710982e+00 -3.456972539424896240e-01 3.000000000000000000e+00
3.751563644409179688e+01 -3.724720478057860884e+00 1.010170745849609020e+01 8.000000000000000000e+00
2.385365247726439986e+00 -2.401936501264571866e-01 -6.423888802528381348e-01 1.900000000000000000e+01
2.741557598114014116e+00 -2.770270705223082941e-01 -6.361615657806396484e-01 1.400000000000000000e+01
3.946390151977539062e+01 -3.994679927825928178e+00 2.078784227371215820e+00 2.200000000000000000e+01
3.224853754043579102e+00 -3.264314532279968262e-01 -6.300513148307800293e-01 1.300000000000000000e+01
3.867639780044556108e+00 -3.928605318069458008e-01 -6.157260537147521973e-01 1.000000000000000000e+01
3.658493041992188211e+01 -3.722612857818603960e+00 4.515259265899658203e+00 1.900000000000000000e+01
4.958873271942138672e+00 -5.054528713226318359e-01 -6.120278239250183105e-01 9.000000000000000000e+00
6.574573040008544922e+00 -6.712989211082458496e-01 -5.781912207603454590e-01 8.000000000000000000e+00
1.011906623840332031e+01 -1.036779642105102983e+00 -5.330940485000610352e-01 2.000000000000000000e+00
3.662902832031250000e+01 -3.759398698806763139e+00 8.500900268554687500e+00 1.100000000000000000e+01
1.968920135498046875e+01 -2.024262189865111861e+00 -3.454878330230712891e-01 3.000000000000000000e+00
3.735952758789063211e+01 -3.847551822662353960e+00 1.006340217590332031e+01 8.000000000000000000e+00
2.399883985519409180e+00 -2.501207292079926092e-01 -6.465299725532531738e-01 1.600000000000000000e+01
2.744450330734252930e+00 -2.870005667209625244e-01 -6.370613574981689453e-01 1.400000000000000000e+01
3.217836856842041016e+00 -3.370727002620697021e-01 -6.289064288139343262e-01 1.300000000000000000e+01
3.887855052947998047e+00 -4.086300432682036798e-01 -6.191676259040832520e-01 1.000000000000000000e+01
3.675728607177733664e+01 -3.869832754135131836e+00 4.538170814514160156e+00 1.900000000000000000e+01
4.955104351043701172e+00 -5.225512981414794922e-01 -6.117841005325317383e-01 1.000000000000000000e+01
6.580114841461181641e+00 -6.950815320014953613e-01 -5.788884162902832031e-01 8.000000000000000000e+00
1.009949588775634943e+01 -1.070411443710326926e+00 -5.322566628456115723e-01 2.000000000000000000e+00
3.651103973388671875e+01 -3.876125574111938032e+00 8.476605415344238281e+00 1.100000000000000000e+01
1.974962234497069957e+01 -2.100167512893677202e+00 -3.466745913028717041e-01 3.000000000000000000e+00
3.729592132568358664e+01 -3.972617387771606001e+00 1.004994392395020064e+01 8.000000000000000000e+00
2.391268253326416016e+00 -2.580858767032622736e-01 -6.444594264030456543e-01 1.900000000000000000e+01
5.969306182861328125e+01 -6.453119277954101562e+00 1.048017024993896040e+00 6.300000000000000000e+01
2.755004405975341797e+00 -2.983162701129912775e-01 -6.397607922554016113e-01 1.400000000000000000e+01
3.218531608581542969e+00 -3.490760624408721924e-01 -6.292880773544311523e-01 1.300000000000000000e+01
3.890258789062500000e+00 -4.233043491840363104e-01 -6.197933554649353027e-01 1.000000000000000000e+01
3.686915206909179688e+01 -4.018293857574462891e+00 4.553770065307617188e+00 1.900000000000000000e+01
4.947236061096191406e+00 -5.400629043579101562e-01 -6.110528707504272461e-01 9.000000000000000000e+00
6.585445404052734375e+00 -7.200604677200317383e-01 -5.795856714248657227e-01 6.000000000000000000e+00
3.442987060546875000e+01 -3.770684003829956055e+00 6.732504367828369141e+00 5.900000000000000000e+01
1.016300678253174006e+01 -1.114825367927551047e+00 -5.358155369758605957e-01 2.000000000000000000e+00
3.540407180786132812e+01 -3.889883518218994141e+00 8.222861289978027344e+00 1.000000000000000000e+01
1.981335067749023082e+01 -2.180413961410522017e+00 -3.479311764240264893e-01 3.000000000000000000e+00
2.378833055496215820e+00 -2.651473581790924072e-01 -6.413536071777343750e-01 1.900000000000000000e+01
5.976953887939453125e+01 -6.672540664672851562e+00 1.049762248992919922e+00 6.300000000000000000e+01
2.761693000793457031e+00 -3.087973892688751221e-01 -6.415604352951049805e-01 1.200000000000000000e+01
3.225097894668579102e+00 -3.611827194690703791e-01 -6.308145523071289062e-01 1.300000000000000000e+01
3.886794567108153853e+00 -4.366607666015625000e-01 -6.194804906845092773e-01 1.100000000000000000e+01
3.696537017822266336e+01 -4.159396648406982422e+00 4.567419052124023438e+00 1.900000000000000000e+01
4.945320606231688565e+00 -5.573287010192871094e-01 -6.110528707504272461e-01 9.000000000000000000e+00
6.571012973785400391e+00 -7.417027354240417480e-01 -5.785398483276367188e-01 6.000000000000000000e+00
1.019080638885498047e+01 -1.153889417648314986e+00 -5.374902486801147461e-01 2.000000000000000000e+00
3.444728469848632812e+01 -3.906502723693848100e+00 8.003758430480957031e+00 2.000000000000000000e+01
1.980561828613280895e+01 -2.249562263488769975e+00 -3.479311764240264893e-01 3.000000000000000000e+00
4.004593658447266336e+01 -4.555578231811523438e+00 1.079948329925536932e+01 9.000000000000000000e+00
2.385617733001708984e+00 -2.739158868789672852e-01 -6.434241533279418945e-01 1.900000000000000000e+01
2.756782054901123047e+00 -3.175078630447388250e-01 -6.406605839729309082e-01 1.400000000000000000e+01
3.221932172775268999e+00 -3.716505765914916992e-01 -6.304329037666320801e-01 1.200000000000000000e+01
3.875513553619385210e+00 -4.484122395515441895e-01 -6.179161071777343750e-01 1.000000000000000000e+01
3.687249755859375000e+01 -4.272815227508544922e+00 4.557669639587402344e+00 1.900000000000000000e+01
4.974994659423828125e+00 -5.773864388465881348e-01 -6.149526834487915039e-01 9.000000000000000000e+00
6.562580108642578125e+00 -7.627987861633300781e-01 -5.780168771743774414e-01 5.000000000000000000e+00
1.017105388641357067e+01 -1.185826778411865012e+00 -5.366529226303100586e-01 2.000000000000000000e+00
3.454833984375000000e+01 -4.034047126770020419e+00 8.030303001403808594e+00 1.000000000000000000e+01
1.999269294738769887e+01 -2.337989807128905806e+00 -3.513518571853638250e-01 3.000000000000000000e+00
3.993548583984375000e+01 -4.670144081115722656e+00 1.077360153198242010e+01 9.000000000000000000e+00
2.396157741546630859e+00 -2.836039662361145020e-01 -6.465299725532531738e-01 2.100000000000000000e+01
5.979422378540039062e+01 -7.087695121765136719e+00 1.051018834114074929e+00 6.300000000000000000e+01
2.738240480422974077e+00 -3.250613808631896973e-01 -6.366114616394042969e-01 1.600000000000000000e+01
3.230362653732299805e+00 -3.840538561344146729e-01 -6.323410272598266602e-01 1.200000000000000000e+01
3.877847671508789062e+00 -4.624053537845612127e-01 -6.185418963432312012e-01 1.100000000000000000e+01
4.957180976867675781e+00 -5.928630828857421875e-01 -6.130027770996093750e-01 9.000000000000000000e+00
6.585594654083251953e+00 -7.887821197509765625e-01 -5.802829265594482422e-01 5.000000000000000000e+00
3.345356369018554688e+01 -4.012784957885742188e+00 6.549327850341796875e+00 5.800000000000000000e+01
1.019858074188232067e+01 -1.225134491920470969e+00 -5.383276343345642090e-01 2.000000000000000000e+00
3.469657135009766336e+01 -4.174170970916748047e+00 8.068094253540039062e+00 1.000000000000000000e+01
1.998440933227539062e+01 -2.407763004302978960e+00 -3.513518571853638250e-01 3.000000000000000000e+00
2.395153045654296875e+00 -2.919663786888123114e-01 -6.465299725532531738e-01 2.100000000000000000e+01
5.989615631103516336e+01 -7.311881065368652344e+00 1.053252696990967019e+00 6.200000000000000000e+01
2.740957736968994141e+00 -3.350906074047089178e-01 -6.375113129615783691e-01 1.500000000000000000e+01
3.221207618713378906e+00 -3.943732380867003839e-01 -6.308145523071289062e-01 1.300000000000000000e+01
3.889934539794921875e+00 -4.776239097118378241e-01 -6.207319498062133789e-01 1.100000000000000000e+01
4.947200298309326172e+00 -6.091927886009216309e-01 -6.120278239250183105e-01 9.000000000000000000e+00
6.608507633209229404e+00 -8.149353265762329102e-01 -5.825489759445190430e-01 6.000000000000000000e+00
3.379007339477539062e+01 -4.172846794128417969e+00 6.618019104003906250e+00 5.800000000000000000e+01
1.021802806854248047e+01 -1.263668417930603027e+00 -5.395836830139160156e-01 2.000000000000000000e+00
2.010289192199707031e+01 -2.493258953094481978e+00 -3.535857498645781916e-01 3.000000000000000000e+00
3.501697921752929688e+01 -4.342977046966552734e+00 9.454659461975097656e+00 7.000000000000000000e+00
2.388368844985961914e+00 -2.996038794517517090e-01 -6.449770331382751465e-01 2.000000000000000000e+01
5.994169616699218750e+01 -7.529885768890380859e+00 1.054509282112122026e+00 6.200000000000000000e+01
2.762973546981811968e+00 -3.475750386714934748e-01 -6.429101228713989258e-01 1.500000000000000000e+01
5.974515914916992188e+01 -7.526381969451904297e+00 3.155858278274536133e+00 6.200000000000000000e+01
3.219811439514160156e+00 -4.056149721145629883e-01 -6.308145523071289062e-01 1.200000000000000000e+01
3.882364273071289062e+00 -4.904566705226898193e-01 -6.197933554649353027e-01 1.000000000000000000e+01
4.962767601013183594e+00 -6.287034153938293457e-01 -6.142215132713317871e-01 1.000000000000000000e+01
6.587833881378173828e+00 -8.357416391372680664e-01 -5.809801816940307617e-01 6.000000000000000000e+00
3.387268066406250000e+01 -4.303142070770263672e+00 6.637100219726563388e+00 5.800000000000000000e+01
1.021751689910889027e+01 -1.299832344055176003e+00 -5.397930741310119629e-01 2.000000000000000000e+00
2.016547584533691051e+01 -2.572525978088378906e+00 -3.548423349857329767e-01 3.000000000000000000e+00
3.495483398437500000e+01 -4.465416431427001953e+00 9.442235946655273438e+00 7.000000000000000000e+00
2.381560564041138139e+00 -3.071976006031035822e-01 -6.434241533279418945e-01 1.900000000000000000e+01
5.984166717529296875e+01 -7.729597568511962891e+00 1.053217768669127974e+00 6.200000000000000000e+01
2.755945444107056108e+00 -3.564675748348236084e-01 -6.415604352951049805e-01 1.300000000000000000e+01
5.971852493286132812e+01 -7.734885692596436435e+00 3.155858278274536133e+00 6.200000000000000000e+01
3.214482069015502930e+00 -4.163473844528198242e-01 -6.300513148307800293e-01 1.300000000000000000e+01
3.886505365371704102e+00 -5.047689080238342285e-01 -6.207319498062133789e-01 9.000000000000000000e+00
3.620294189453125000e+01 -4.708366870880126953e+00 4.482598304748535156e+00 1.900000000000000000e+01
4.964479923248291016e+00 -6.465355753898620605e-01 -6.147089600563049316e-01 1.300000000000000000e+01
6.582900524139404297e+00 -8.584747314453125000e-01 -5.808058977127075195e-01 6.000000000000000000e+00
1.023668193817139027e+01 -1.338597774505615012e+00 -5.410491228103637695e-01 2.000000000000000000e+00
3.496784591674804688e+01 -4.578771114349365234e+00 8.141878128051757812e+00 1.000000000000000000e+01
3.512180328369141336e+01 -4.605165958404541016e+00 9.491412162780761719e+00 1.400000000000000000e+01
2.386219024658203125e+00 -3.162704110145568848e-01 -6.449770331382751465e-01 2.000000000000000000e+01
5.968745422363281250e+01 -7.921598911285400391e+00 1.050983905792236106e+00 6.300000000000000000e+01
2.754684209823607954e+00 -3.660854399204254150e-01 -6.415604352951049805e-01 1.400000000000000000e+01
3.224685668945312944e+00 -4.291193187236785889e-01 -6.323410272598266602e-01 1.300000000000000000e+01
3.878845691680908203e+00 -5.175485014915466309e-01 -6.197933554649353027e-01 1.000000000000000000e+01
3.624138259887695312e+01 -4.842070579528808594e+00 4.489422798156738281e+00 1.900000000000000000e+01
4.975965976715087891e+00 -6.657035350799560547e-01 -6.164151430130004883e-01 1.200000000000000000e+01
6.595662117004395419e+00 -8.835644125938415527e-01 -5.822003483772277832e-01 8.000000000000000000e+00
1.022007083892822088e+01 -1.372727036476135032e+00 -5.404210686683654785e-01 2.000000000000000000e+00
3.509511566162108664e+01 -4.732572078704833984e+00 9.488823890686035156e+00 7.000000000000000000e+00
2.396642684936522993e+00 -3.257427215576171875e-01 -6.480829119682312012e-01 1.800000000000000000e+01
5.978766632080078125e+01 -8.136744499206542969e+00 1.053217768669127974e+00 6.200000000000000000e+01
2.745731592178345171e+00 -3.741657733917235773e-01 -6.397607922554016113e-01 1.200000000000000000e+01
5.966448974609375000e+01 -8.141194343566894531e+00 3.155858278274536133e+00 6.200000000000000000e+01
3.225190162658690962e+00 -4.400758147239685059e-01 -6.327226161956787109e-01 1.200000000000000000e+01
3.877108097076416016e+00 -5.304083824157714844e-01 -6.197933554649353027e-01 1.000000000000000000e+01
3.597338485717772727e+01 -4.927740573883056641e+00 4.458224296569824219e+00 1.900000000000000000e+01
4.963897228240966797e+00 -6.808519959449768066e-01 -6.151964664459228516e-01 1.000000000000000000e+01
3.508996582031250000e+01 -4.812966823577880859e+00 5.609739780426025391e+00 1.300000000000000000e+01
6.592695713043212891e+00 -9.054315686225891113e-01 -5.822003483772277832e-01 5.000000000000000000e+00
1.025899124145507990e+01 -1.412604212760925071e+00 -5.427238941192626953e-01 2.000000000000000000e+00
3.497673416137695312e+01 -4.828536987304688388e+00 9.460871696472167969e+00 2.100000000000000000e+01
2.399317741394042969e+00 -3.346402943134307861e-01 -6.491181850433349609e-01 1.900000000000000000e+01
5.968760299682617188e+01 -8.335435867309570312e+00 1.051961302757262962e+00 6.300000000000000000e+01
2.746338844299315962e+00 -3.840177655220031738e-01 -6.402106881141662598e-01 1.200000000000000000e+01
3.219745635986328125e+00 -4.507867395877838135e-01 -6.319593787193298340e-01 1.300000000000000000e+01
3.886970281600952148e+00 -5.455862283706665039e-01 -6.216705441474914551e-01 1.000000000000000000e+01
3.912479019165039062e+01 -5.498630523681640625e+00 4.851130962371826172e+00 2.000000000000000000e+01
4.965422153472900391e+00 -6.987283229827880859e-01 -6.156839132308959961e-01 1.000000000000000000e+01
3.611662292480468750e+01 -5.088717460632324219e+00 5.776812076568604404e+00 1.300000000000000000e+01
6.603305339813232422e+00 -9.303846955299377441e-01 -5.834205150604248047e-01 8.000000000000000000e+00
1.025399780273438033e+01 -1.448406219482422097e+00 -5.427238941192626953e-01 2.000000000000000000e+00
2.042508125305176137e+01 -2.892372846603393999e+00 -3.600780367851256769e-01 3.000000000000000000e+00
3.499514389038085938e+01 -4.961853504180908203e+00 9.470706939697265625e+00 1.400000000000000000e+01
2.388632535934447798e+00 -3.412288725376129150e-01 -6.465299725532531738e-01 1.900000000000000000e+01
5.973089981079102273e+01 -8.543514251708984375e+00 1.053217768669127974e+00 6.200000000000000000e+01
2.748908281326293945e+00 -3.936753571033477783e-01 -6.411104798316955566e-01 1.300000000000000000e+01
3.210459709167480025e+00 -4.603466689586638849e-01 -6.304329037666320801e-01 1.200000000000000000e+01
3.889050245285034180e+00 -5.590350627899169922e-01 -6.222962737083435059e-01 1.000000000000000000e+01
4.038349151611328125e+01 -5.812155723571777344e+00 5.009561061859130859e+00 2.400000000000000000e+01
4.974866390228270596e+00 -7.168892025947570801e-01 -6.171463727951049805e-01 1.000000000000000000e+01
6.604127883911132812e+00 -9.528459310531616211e-01 -5.837691426277160645e-01 5.000000000000000000e+00
3.408559036254882812e+01 -4.923954486846923828e+00 6.694342613220214844e+00 5.900000000000000000e+01
1.028471851348876953e+01 -1.487547874450684038e+00 -5.446079373359680176e-01 2.000000000000000000e+00
3.568915176391602273e+01 -5.168321132659912109e+00 8.325438499450683594e+00 1.000000000000000000e+01
2.051432800292969105e+01 -2.974436044692993164e+00 -3.618232905864716131e-01 3.000000000000000000e+00
3.459318923950195312e+01 -5.015773773193359375e+00 9.366143226623535156e+00 1.400000000000000000e+01
2.377869606018065962e+00 -3.481653034687042236e-01 -6.439417600631713867e-01 1.900000000000000000e+01
5.989856719970703125e+01 -8.780967712402343750e+00 1.056708335876465066e+00 6.200000000000000000e+01
2.751373529434204102e+00 -4.038344323635100763e-01 -6.420103311538696289e-01 1.300000000000000000e+01
3.222429990768433061e+00 -4.735485613346099854e-01 -6.331042647361755371e-01 1.300000000000000000e+01
3.894892215728760210e+00 -5.737584829330444336e-01 -6.235477924346923828e-01 1.000000000000000000e+01
4.970369815826416016e+00 -7.339603900909423828e-01 -6.169025897979736328e-01 1.000000000000000000e+01
3.530340576171875000e+01 -5.219449520111083984e+00 5.652289867401123047e+00 1.300000000000000000e+01
6.584993839263916016e+00 -9.735616445541381836e-01 -5.823746919631958008e-01 8.000000000000000000e+00
1.032687950134276988e+01 -1.530466437339782937e+00 -5.471200942993164062e-01 2.000000000000000000e+00
3.472552871704102273e+01 -5.164983272552490234e+00 9.407036781311035156e+00 7.000000000000000000e+00
2.376639842987060991e+00 -3.564634919166564941e-01 -6.439417600631713867e-01 1.900000000000000000e+01
2.753801345825194868e+00 -4.140155017375946045e-01 -6.429101228713989258e-01 1.300000000000000000e+01
3.226581573486328125e+00 -4.856707155704497736e-01 -6.342490911483764648e-01 1.200000000000000000e+01
3.873332977294921875e+00 -5.844036340713500977e-01 -6.204190850257873535e-01 1.000000000000000000e+01
4.977591514587402344e+00 -7.527899146080017090e-01 -6.181213259696960449e-01 1.000000000000000000e+01
3.548122024536132812e+01 -5.366029739379882812e+00 5.683577060699462891e+00 1.300000000000000000e+01
6.599284648895263672e+00 -9.992261528968811035e-01 -5.839434862136840820e-01 5.000000000000000000e+00
3.414743804931641336e+01 -5.176507472991943359e+00 6.713423728942871094e+00 5.900000000000000000e+01
1.032147502899169922e+01 -1.566504597663878950e+00 -5.471200942993164062e-01 2.000000000000000000e+00
2.061958694458008168e+01 -3.136827468872069868e+00 -3.640572130680084229e-01 3.000000000000000000e+00
4.198484420776367188e+01 -6.387092590332031250e+00 1.137923812866210938e+01 1.100000000000000000e+01
2.390656709671020952e+00 -3.671030402183533270e-01 -6.480829119682312012e-01 1.900000000000000000e+01
3.763603591918945312e+01 -5.786015987396240234e+00 6.646574735641479492e-01 3.100000000000000000e+01
2.740782976150513139e+00 -4.218468666076660156e-01 -6.402106881141662598e-01 1.500000000000000000e+01
3.217105150222777876e+00 -4.957346320152283270e-01 -6.327226161956787109e-01 1.200000000000000000e+01
3.875173807144165039e+00 -5.985235571861267090e-01 -6.210448145866394043e-01 1.100000000000000000e+01
3.655772399902343750e+01 -5.652901649475097656e+00 4.542070388793945312e+00 1.900000000000000000e+01
4.972971916198729581e+00 -7.698566913604736328e-01 -6.178775429725646973e-01 1.000000000000000000e+01
3.526705932617188211e+01 -5.459629058837890625e+00 5.652289867401123047e+00 1.300000000000000000e+01
6.613476276397705078e+00 -1.025002241134643999e+00 -5.855122804641723633e-01 6.000000000000000000e+00
1.033173274993895951e+01 -1.604976415634155051e+00 -5.479574799537658691e-01 2.000000000000000000e+00
2.067964363098144887e+01 -3.219859361648560014e+00 -3.653137683868408203e-01 3.000000000000000000e+00
4.224862289428710938e+01 -6.578189849853515625e+00 1.145688343048096058e+01 1.100000000000000000e+01
2.391203641891479048e+00 -3.761630058288574219e-01 -6.486005187034606934e-01 1.900000000000000000e+01
3.769754409790039062e+01 -5.936986446380615234e+00 6.661234498023986816e-01 3.100000000000000000e+01
2.746918201446533203e+00 -4.331035017967224121e-01 -6.420103311538696289e-01 1.500000000000000000e+01
3.215266466140747070e+00 -5.075225830078125000e-01 -6.327226161956787109e-01 1.200000000000000000e+01
3.882709741592406782e+00 -6.142661571502685547e-01 -6.226091980934143066e-01 1.000000000000000000e+01
4.974037647247313565e+00 -7.887001633644104004e-01 -6.183650493621826172e-01 9.000000000000000000e+00
3.560091018676757812e+01 -5.651369571685791016e+00 5.709232330322265625e+00 1.300000000000000000e+01
6.619513988494873047e+00 -1.050796747207642046e+00 -5.863838195800781250e-01 5.000000000000000000e+00
1.034156036376952947e+01 -1.645343899726867898e+00 -5.487948656082153320e-01 2.000000000000000000e+00
3.506597137451171875e+01 -5.585277080535888672e+00 8.197666168212890625e+00 1.000000000000000000e+01
2.066770362854003906e+01 -3.295632362365723100e+00 -3.653137683868408203e-01 3.000000000000000000e+00
2.382246732711791992e+00 -3.832800686359406073e-01 -6.465299725532531738e-01 1.600000000000000000e+01
3.767658996582031250e+01 -6.068539142608642578e+00 6.661234498023986816e-01 3.100000000000000000e+01
2.749237537384033203e+00 -4.433098733425139826e-01 -6.429101228713989258e-01 1.300000000000000000e+01
3.213475465774536133e+00 -5.187428593635559082e-01 -6.327226161956787109e-01 1.200000000000000000e+01
3.888341903686522993e+00 -6.290775537490844727e-01 -6.238606572151184082e-01 1.100000000000000000e+01
4.973214149475097656e+00 -8.063756823539733887e-01 -6.186087727546691895e-01 1.000000000000000000e+01
6.625638961791992188e+00 -1.075492978096008079e+00 -5.872554183006286621e-01 6.000000000000000000e+00
3.702040100097656250e+01 -6.015890121459960938e+00 7.290430068969726562e+00 6.200000000000000000e+01
1.035152435302734020e+01 -1.683998227119446023e+00 -5.496321916580200195e-01 2.000000000000000000e+00
3.497702026367188211e+01 -5.696369171142578125e+00 8.181469917297363281e+00 1.000000000000000000e+01
2.078238677978515980e+01 -3.388350009918212891e+00 -3.675476908683776855e-01 3.000000000000000000e+00
2.378988027572631836e+00 -3.912798166275023859e-01 -6.460123658180236816e-01 1.800000000000000000e+01
5.993179321289063211e+01 -9.867918014526367188e+00 1.060198783874511941e+00 6.100000000000000000e+01
2.753441810607910156e+00 -4.538545906543732245e-01 -6.442598104476928711e-01 1.300000000000000000e+01
3.207770824432373047e+00 -5.293175578117370605e-01 -6.319593787193298340e-01 1.200000000000000000e+01
3.884173393249512163e+00 -6.423242688179016113e-01 -6.235477924346923828e-01 1.100000000000000000e+01
3.756477737426757812e+01 -6.218808174133300781e+00 4.675151824951171875e+00 2.000000000000000000e+01
4.982119083404541016e+00 -8.256778717041015625e-01 -6.200712323188781738e-01 1.000000000000000000e+01
6.621844291687011719e+00 -1.098614215850830078e+00 -5.872554183006286621e-01 8.000000000000000000e+00
3.687522506713867188e+01 -6.124492645263671875e+00 7.266006469726563388e+00 6.200000000000000000e+01
1.039680862426757990e+01 -1.728638648986815962e+00 -5.523536801338195801e-01 2.000000000000000000e+00
2.091245269775390980e+01 -3.484537601470946822e+00 -3.700608313083649237e-01 3.000000000000000000e+00
3.486257934570313211e+01 -5.808977603912354404e+00 9.470189094543457031e+00 7.000000000000000000e+00
2.377607822418212891e+00 -3.995816409587860107e-01 -6.460123658180236816e-01 1.500000000000000000e+01
5.969978332519531250e+01 -1.004388236999512074e+01 1.056708335876465066e+00 6.200000000000000000e+01
2.746075630187987837e+00 -4.624921977519989014e-01 -6.429101228713989258e-01 1.300000000000000000e+01
3.793186950683593750e+01 -6.395267963409423828e+00 2.015980958938599077e+00 2.200000000000000000e+01
3.229134798049927202e+00 -5.444282889366149902e-01 -6.365388035774230957e-01 1.100000000000000000e+01
3.879959821701049805e+00 -6.555495858192443848e-01 -6.232349276542663574e-01 1.100000000000000000e+01
3.740778732299804688e+01 -6.327053546905517578e+00 4.658333778381347656e+00 4.000000000000000000e+01
4.981163978576660156e+00 -8.433951139450073242e-01 -6.203149557113647461e-01 9.000000000000000000e+00
3.540734100341796875e+01 -6.001417160034179688e+00 5.687957286834716797e+00 1.300000000000000000e+01
6.614040374755859375e+00 -1.121056079864501953e+00 -5.869067907333374023e-01 6.000000000000000000e+00
1.039071083068848012e+01 -1.764919757843018022e+00 -5.523536801338195801e-01 2.000000000000000000e+00
3.403152847290039062e+01 -5.786554336547851562e+00 7.969565868377686435e+00 2.000000000000000000e+01
2.092776107788085938e+01 -3.562212228775023970e+00 -3.705494999885559082e-01 3.000000000000000000e+00
3.477543258666992188e+01 -5.919289588928222656e+00 9.452071189880371094e+00 1.400000000000000000e+01
2.376340627670288086e+00 -4.070491492748259943e-01 -6.460123658180236816e-01 1.600000000000000000e+01
2.740767955780028853e+00 -4.704575836658477783e-01 -6.420103311538696289e-01 1.200000000000000000e+01
3.227408647537231001e+00 -5.545701980590820312e-01 -6.365388035774230957e-01 1.100000000000000000e+01
3.879827976226807085e+00 -6.680707931518554688e-01 -6.235477924346923828e-01 1.000000000000000000e+01
3.740141677856445312e+01 -6.446902275085449219e+00 4.660039901733398438e+00 2.000000000000000000e+01
4.976533412933349609e+00 -8.587021231651306152e-01 -6.200712323188781738e-01 1.000000000000000000e+01
6.643862247467041016e+00 -1.147594213485717995e+00 -5.898700952529907227e-01 6.000000000000000000e+00
3.780106735229492188e+01 -6.536172866821289062e+00 7.456815719604492188e+00 6.200000000000000000e+01
1.035362720489501953e+01 -1.792104125022887962e+00 -5.506789088249206543e-01 2.000000000000000000e+00
3.408422851562500000e+01 -5.905748844146729404e+00 7.986212253570556641e+00 1.000000000000000000e+01
2.090070343017578125e+01 -3.625206947326660156e+00 -3.702702522277832031e-01 3.000000000000000000e+00
3.479092788696289062e+01 -6.034452915191650391e+00 9.461388587951660156e+00 1.400000000000000000e+01
2.397741079330443892e+00 -4.193353056907653809e-01 -6.522240042686462402e-01 1.800000000000000000e+01
2.735270023345946822e+00 -4.793490171432495117e-01 -6.411104798316955566e-01 1.200000000000000000e+01
3.213850736618041992e+00 -5.637972354888916016e-01 -6.342490911483764648e-01 1.100000000000000000e+01
3.879417896270751953e+00 -6.819518208503723145e-01 -6.238606572151184082e-01 1.000000000000000000e+01
3.847351837158203125e+01 -6.770072460174561435e+00 4.796533584594726562e+00 2.000000000000000000e+01
4.971550941467285156e+00 -8.757238984107971191e-01 -6.198275089263916016e-01 9.000000000000000000e+00
6.649626255035400391e+00 -1.172508597373961958e+00 -5.907416343688964844e-01 6.000000000000000000e+00
1.042598056793213068e+01 -1.842134356498718040e+00 -5.548658370971679688e-01 2.000000000000000000e+00
2.094305610656737926e+01 -3.707903385162353960e+00 -3.712475895881652832e-01 3.000000000000000000e+00
3.477047729492188211e+01 -6.162264823913574219e+00 9.461906433105468750e+00 7.000000000000000000e+00
2.381048202514647993e+00 -4.249868690967559814e-01 -6.480829119682312012e-01 1.800000000000000000e+01
2.743171691894530806e+00 -4.906093776226044256e-01 -6.433600187301635742e-01 1.300000000000000000e+01
3.207998037338256836e+00 -5.743202567100524902e-01 -6.334858536720275879e-01 1.100000000000000000e+01
3.892568588256835938e+00 -6.982796788215637207e-01 -6.263635754585266113e-01 1.100000000000000000e+01
3.830115890502929688e+01 -6.877664566040039062e+00 4.778009414672851562e+00 2.000000000000000000e+01
4.984094142913818359e+00 -8.958820104598999023e-01 -6.217774152755737305e-01 9.000000000000000000e+00
3.725782394409179688e+01 -6.703741073608398438e+00 5.995820045471191406e+00 1.300000000000000000e+01
6.663141250610351562e+00 -1.198888301849365012e+00 -5.923104286193847656e-01 5.000000000000000000e+00
1.043914222717284979e+01 -1.882060289382935014e+00 -5.559125542640686035e-01 2.000000000000000000e+00
3.424161529541016336e+01 -6.179549694061279297e+00 8.033001899719238281e+00 2.000000000000000000e+01
2.076468658447265980e+01 -3.751124620437622070e+00 -3.683155775070189875e-01 1.000000000000000000e+01
3.533158493041992188e+01 -6.382623195648193359e+00 9.620304107666015625e+00 7.000000000000000000e+00
2.381450891494750977e+00 -4.336417615413665771e-01 -6.486005187034606934e-01 2.000000000000000000e+01
5.975424957275391336e+01 -1.089151096343993963e+01 1.060198783874511941e+00 6.100000000000000000e+01
2.745276451110839844e+00 -5.008814334869384766e-01 -6.442598104476928711e-01 1.300000000000000000e+01
3.209836483001708984e+00 -5.862202048301696777e-01 -6.342490911483764648e-01 1.200000000000000000e+01
3.884278059005736861e+00 -7.107962965965270996e-01 -6.254249811172485352e-01 1.000000000000000000e+01
4.984841346740722656e+00 -9.139903187751770020e-01 -6.222648620605468750e-01 9.000000000000000000e+00
6.641278743743895596e+00 -1.218902707099914995e+00 -5.907416343688964844e-01 5.000000000000000000e+00
1.042465209960938033e+01 -1.917043328285217063e+00 -5.554938316345214844e-01 2.000000000000000000e+00
3.418533706665039062e+01 -6.292687416076660156e+00 8.024904251098632812e+00 1.000000000000000000e+01
2.083406257629394887e+01 -3.838803052902222124e+00 -3.697815835475922186e-01 3.000000000000000000e+00
3.524449157714843750e+01 -6.494012355804443359e+00 9.602704048156738281e+00 7.000000000000000000e+00
2.372401952743529829e+00 -4.401270151138306219e-01 -6.465299725532531738e-01 2.000000000000000000e+01
5.971780395507813211e+01 -1.108960342407226918e+01 1.060198783874511941e+00 6.100000000000000000e+01
2.743600368499755859e+00 -5.099823474884033203e-01 -6.442598104476928711e-01 1.300000000000000000e+01
3.213665246963500977e+00 -5.979385972023010254e-01 -6.353939771652221680e-01 1.200000000000000000e+01
3.879957675933837891e+00 -7.233111262321472168e-01 -6.251121163368225098e-01 1.400000000000000000e+01
4.993491172790527344e+00 -9.327024817466735840e-01 -6.237273216247558594e-01 1.000000000000000000e+01
6.635241985321044922e+00 -1.240553140640259011e+00 -5.905672907829284668e-01 6.000000000000000000e+00
1.045749950408936080e+01 -1.958957076072693093e+00 -5.575872659683227539e-01 2.000000000000000000e+00
3.324107742309570312e+01 -6.232909202575683594e+00 7.808051109313964844e+00 1.900000000000000000e+01
1.977367210388183949e+01 -3.711259365081787109e+00 -3.511773347854614258e-01 1.600000000000000000e+01
3.606840133666992188e+01 -6.776083946228027344e+00 9.833570480346679688e+00 7.000000000000000000e+00
2.384138584136962891e+00 -4.509186446666718084e-01 -6.501534581184387207e-01 1.900000000000000000e+01
2.739888906478881836e+00 -5.191933512687683105e-01 -6.438099145889282227e-01 1.200000000000000000e+01
3.234704732894897017e+00 -6.135429739952087402e-01 -6.399733424186706543e-01 1.200000000000000000e+01
3.873528003692626953e+00 -7.361127138137817383e-01 -6.244863867759704590e-01 1.100000000000000000e+01
4.986304759979248047e+00 -9.493847489356994629e-01 -6.232398152351379395e-01 1.000000000000000000e+01
6.640656948089599609e+00 -1.265571951866149902e+00 -5.914388895034790039e-01 5.000000000000000000e+00
1.045059776306151988e+01 -1.995448589324950950e+00 -5.575872659683227539e-01 2.000000000000000000e+00
3.325548553466796875e+01 -6.355854988098145419e+00 7.816599369049072266e+00 1.900000000000000000e+01
1.980577087402344105e+01 -3.788901567459106001e+00 -3.519801199436187744e-01 6.000000000000000000e+00
3.541460037231445312e+01 -6.781323432922363281e+00 9.661714553833007812e+00 7.000000000000000000e+00
2.384366750717163086e+00 -4.600198864936829168e-01 -6.506710648536682129e-01 2.000000000000000000e+01
2.736054182052611861e+00 -5.288622379302978516e-01 -6.433600187301635742e-01 1.300000000000000000e+01
3.215086698532104048e+00 -6.220383644104003906e-01 -6.365388035774230957e-01 1.100000000000000000e+01
3.884378910064696822e+00 -7.529363036155700684e-01 -6.266764402389526367e-01 1.100000000000000000e+01
4.980843067169188565e+00 -9.672756791114807129e-01 -6.229960918426513672e-01 1.000000000000000000e+01
3.606817626953125000e+01 -7.004410266876220703e+00 5.819362163543701172e+00 1.300000000000000000e+01
6.673133850097656250e+00 -1.297125816345215066e+00 -5.947507619857788086e-01 5.000000000000000000e+00
3.515063858032227273e+01 -6.838959217071533203e+00 6.960711956024169922e+00 6.000000000000000000e+01
1.044321441650390980e+01 -2.033738613128662109e+00 -5.575872659683227539e-01 2.000000000000000000e+00
3.329317474365233664e+01 -6.489630699157714844e+00 7.830996036529541016e+00 1.900000000000000000e+01
2.081627464294433949e+01 -4.061357498168945312e+00 -3.702004551887512207e-01 1.000000000000000000e+01
2.375164031982421875e+00 -4.668497443199158270e-01 -6.486005187034606934e-01 1.700000000000000000e+01
2.739927530288695845e+00 -5.395391583442687988e-01 -6.447097063064575195e-01 1.300000000000000000e+01
3.205191135406494141e+00 -6.317387223243713379e-01 -6.350123286247253418e-01 1.100000000000000000e+01
3.893354654312133789e+00 -7.687867283821105957e-01 -6.285536885261535645e-01 1.000000000000000000e+01
3.752485656738281250e+01 -7.416510105133056641e+00 4.696600914001464844e+00 2.000000000000000000e+01
4.979383468627929688e+00 -9.850413799285888672e-01 -6.232398152351379395e-01 9.000000000000000000e+00
3.771778488159179688e+01 -7.461481571197509766e+00 6.089680671691895419e+00 1.400000000000000000e+01
6.654883861541748047e+00 -1.317702531814574973e+00 -5.935305953025817871e-01 6.000000000000000000e+00
3.512655258178710938e+01 -6.961616516113281250e+00 6.960711956024169922e+00 6.000000000000000000e+01
1.049482440948485973e+01 -2.081838369369506836e+00 -5.607274174690246582e-01 2.000000000000000000e+00
3.326840972900391336e+01 -6.605426311492919922e+00 7.830546379089354581e+00 9.000000000000000000e+00
2.038616561889648082e+01 -4.051362037658691406e+00 -3.628006279468535822e-01 6.000000000000000000e+00
3.662705612182617188e+01 -7.285574913024902344e+00 1.000646209716797053e+01 8.000000000000000000e+00
2.366025686264038086e+00 -4.732080101966857910e-01 -6.465299725532531738e-01 1.800000000000000000e+01
2.747677087783813032e+00 -5.505363345146179199e-01 -6.469592452049255371e-01 1.400000000000000000e+01
3.210778236389160156e+00 -6.439081430435180664e-01 -6.365388035774230957e-01 1.300000000000000000e+01
3.890784025192261186e+00 -7.816933393478393555e-01 -6.285536885261535645e-01 1.000000000000000000e+01
3.763628387451171875e+01 -7.568300724029541016e+00 4.713662624359130859e+00 2.000000000000000000e+01
4.979981899261474609e+00 -1.002331614494323953e+00 -6.237273216247558594e-01 9.000000000000000000e+00
6.662196636199951172e+00 -1.342124462127685991e+00 -5.945764780044555664e-01 8.000000000000000000e+00
1.052701854705811080e+01 -2.124531269073485884e+00 -5.628208518028259277e-01 2.000000000000000000e+00
3.366273498535156250e+01 -6.799827098846436435e+00 7.928624629974365234e+00 9.000000000000000000e+00
1.972188758850098012e+01 -3.987377405166625977e+00 -3.512122333049774170e-01 6.000000000000000000e+00
2.377610445022583008e+00 -4.841624796390532892e-01 -6.501534581184387207e-01 2.100000000000000000e+01
2.738101005554199219e+00 -5.585660934448242188e-01 -6.451596021652221680e-01 1.400000000000000000e+01
3.218128919601439986e+00 -6.570757031440734863e-01 -6.384469270706176758e-01 1.300000000000000000e+01
3.880290508270264116e+00 -7.936865091323852539e-01 -6.273022294044494629e-01 1.000000000000000000e+01
3.760185623168945312e+01 -7.698037147521972656e+00 4.712687492370604581e+00 2.000000000000000000e+01
4.999788761138916016e+00 -1.024490594863892046e+00 -6.266521811485290527e-01 9.000000000000000000e+00
6.675036907196044922e+00 -1.368974328041077104e+00 -5.961452722549438477e-01 5.000000000000000000e+00
1.049997425079346058e+01 -2.157245159149169922e+00 -5.617741346359252930e-01 2.000000000000000000e+00
3.382967376708983664e+01 -6.956542015075683594e+00 7.973615169525145596e+00 1.000000000000000000e+01
1.815268707275390980e+01 -3.736117839813231978e+00 -3.234978020191193182e-01 9.000000000000000000e+00
3.567975234985352273e+01 -7.349963665008544922e+00 9.761101722717285156e+00 7.000000000000000000e+00
2.379689216613769975e+00 -4.932430982589722235e-01 -6.511887311935424805e-01 2.100000000000000000e+01
2.728502273559569868e+00 -5.665357708930969238e-01 -6.433600187301635742e-01 1.400000000000000000e+01
3.217737674713135210e+00 -6.687045693397521973e-01 -6.388285160064697266e-01 1.200000000000000000e+01
3.873628377914429155e+00 -8.064212203025817871e-01 -6.266764402389526367e-01 1.000000000000000000e+01
3.715499114990233664e+01 -7.741781234741210938e+00 4.660039901733398438e+00 2.000000000000000000e+01
5.003955364227294922e+00 -1.043558001518249956e+00 -6.276271343231201172e-01 1.000000000000000000e+01
6.679969787597656250e+00 -1.394301652908324973e+00 -5.970168113708496094e-01 8.000000000000000000e+00
1.051192951202392933e+01 -2.197971343994141069e+00 -5.628208518028259277e-01 2.000000000000000000e+00
1.802601623535155895e+01 -3.775682449340819868e+00 -3.214733302593231201e-01 3.000000000000000000e+00
3.554551696777343750e+01 -7.445271015167236328e+00 9.731078147888183594e+00 7.000000000000000000e+00
2.372282028198242188e+00 -5.003507137298583984e-01 -6.496357917785644531e-01 2.000000000000000000e+01
2.726508140563964844e+00 -5.760565400123596191e-01 -6.433600187301635742e-01 1.400000000000000000e+01
3.205780029296875000e+00 -6.779016256332397461e-01 -6.369204521179199219e-01 1.300000000000000000e+01
3.890114784240723100e+00 -8.240313529968261719e-01 -6.298051476478576660e-01 1.000000000000000000e+01
3.732193374633789062e+01 -7.912600040435791016e+00 4.684413909912109375e+00 2.000000000000000000e+01
4.976980209350585938e+00 -1.056074142456054910e+00 -6.247022747993469238e-01 9.000000000000000000e+00
3.625733184814453125e+01 -7.700119972229003906e+00 5.870672702789306641e+00 1.300000000000000000e+01
6.688704490661621094e+00 -1.420507907867432085e+00 -5.982370376586914062e-01 6.000000000000000000e+00
1.048075103759765980e+01 -2.229664325714110884e+00 -5.615648031234741211e-01 2.000000000000000000e+00
1.796578788757323863e+01 -3.828579187393188032e+00 -3.206356167793273926e-01 6.000000000000000000e+00
3.734310531616210938e+01 -7.964774608612061435e+00 1.023111724853515980e+01 8.000000000000000000e+00
2.381854295730590820e+00 -5.110601782798767090e-01 -6.527416110038757324e-01 2.000000000000000000e+01
2.735912084579468218e+00 -5.880272388458251953e-01 -6.460594534873962402e-01 1.400000000000000000e+01
3.193797349929810014e+00 -6.870233416557312012e-01 -6.350123286247253418e-01 1.200000000000000000e+01
3.891076803207397017e+00 -8.384375572204589844e-01 -6.304308772087097168e-01 1.000000000000000000e+01
3.750754165649414062e+01 -8.088862419128417969e+00 4.711225032806395596e+00 2.000000000000000000e+01
4.988786697387695312e+00 -1.076791167259216087e+00 -6.266521811485290527e-01 1.000000000000000000e+01
6.672020435333251953e+00 -1.441322922706604004e+00 -5.971911549568176270e-01 6.000000000000000000e+00
1.059393310546875000e+01 -2.292424917221068892e+00 -5.680544972419738770e-01 2.000000000000000000e+00
1.795622253417969105e+01 -3.892115354537963867e+00 -3.207054138183593750e-01 3.000000000000000000e+00
3.785645675659179688e+01 -8.205606460571289062e+00 1.037916088104248047e+01 8.000000000000000000e+00
2.366843700408935991e+00 -5.164881348609924316e-01 -6.491181850433349609e-01 2.100000000000000000e+01
2.737650394439696822e+00 -5.984060764312744141e-01 -6.469592452049255371e-01 1.400000000000000000e+01
3.199051380157471147e+00 -6.998459100723266602e-01 -6.365388035774230957e-01 1.200000000000000000e+01
3.882337808609008789e+00 -8.507463335990905762e-01 -6.294922828674316406e-01 9.000000000000000000e+00
4.996631145477294922e+00 -1.096752285957335982e+00 -6.281145811080932617e-01 9.000000000000000000e+00
6.678624629974365234e+00 -1.467168927192687988e+00 -5.982370376586914062e-01 5.000000000000000000e+00
1.061317443847656072e+01 -2.335399866104125977e+00 -5.695198774337768555e-01 2.000000000000000000e+00
3.632131576538085938e+01 -7.999052047729492188e+00 8.586381912231445312e+00 1.100000000000000000e+01
1.912984466552734020e+01 -4.216470718383789062e+00 -3.419275581836699884e-01 6.000000000000000000e+00
3.954661178588867188e+01 -8.723834991455078125e+00 1.085124683380126953e+01 9.000000000000000000e+00
2.363049030303955078e+00 -5.247408151626586914e-01 -6.486005187034606934e-01 1.900000000000000000e+01
2.735438823699951172e+00 -6.084360480308532715e-01 -6.469592452049255371e-01 1.300000000000000000e+01
3.211795568466186968e+00 -7.149791121482849121e-01 -6.395917534828186035e-01 1.200000000000000000e+01
3.873409509658813032e+00 -8.636803627014160156e-01 -6.285536885261535645e-01 1.000000000000000000e+01
4.996452331542968750e+00 -1.115923881530761941e+00 -6.286020874977111816e-01 1.000000000000000000e+01
6.657646656036376953e+00 -1.488160371780395952e+00 -5.968425273895263672e-01 5.000000000000000000e+00
1.055776786804199041e+01 -2.363810539245605025e+00 -5.670077204704284668e-01 2.000000000000000000e+00
3.640965270996093750e+01 -8.158540725708007812e+00 8.614275932312011719e+00 1.100000000000000000e+01
1.910255432128905895e+01 -4.283931255340576172e+00 -3.417181074619293213e-01 6.000000000000000000e+00
3.874682617187500000e+01 -8.689348220825195312e+00 1.064005088806151988e+01 9.000000000000000000e+00
2.376278400421143022e+00 -5.363891124725341797e-01 -6.527416110038757324e-01 1.900000000000000000e+01
2.725695133209228960e+00 -6.162617802619934082e-01 -6.451596021652221680e-01 1.300000000000000000e+01
3.215024948120117188e+00 -7.274858355522155762e-01 -6.407365798950195312e-01 1.200000000000000000e+01
3.880003690719604048e+00 -8.793790340423583984e-01 -6.301180124282836914e-01 1.100000000000000000e+01
4.994462490081787109e+00 -1.133797407150268999e+00 -6.288458108901977539e-01 1.000000000000000000e+01
3.622190475463867188e+01 -8.229414939880371094e+00 5.883187294006347656e+00 1.300000000000000000e+01
6.687383651733398438e+00 -1.519336223602294922e+00 -5.999801158905029297e-01 7.000000000000000000e+00
3.568423461914063211e+01 -8.113808631896972656e+00 7.113359451293945312e+00 6.100000000000000000e+01
1.060787582397460938e+01 -2.413944721221923828e+00 -5.701479315757751465e-01 3.000000000000000000e+00
1.872484016418457031e+01 -4.267929077148438388e+00 -3.352258205413817804e-01 3.000000000000000000e+00
3.793496322631835938e+01 -8.653431892395019531e+00 1.042574882507324041e+01 8.000000000000000000e+00
2.376369714736938032e+00 -5.446978211402893066e-01 -6.532592773437500000e-01 1.900000000000000000e+01
2.727435350418090820e+00 -6.261692643165588379e-01 -6.460594534873962402e-01 1.400000000000000000e+01
3.201114416122436968e+00 -7.355054616928100586e-01 -6.384469270706176758e-01 1.200000000000000000e+01
3.882841348648070845e+00 -8.935697674751281738e-01 -6.310566067695617676e-01 1.000000000000000000e+01
4.986806392669677734e+00 -1.149461627006530984e+00 -6.283583641052246094e-01 1.000000000000000000e+01
3.611887741088867188e+01 -8.325421333312988281e+00 5.870672702789306641e+00 1.300000000000000000e+01
6.686191082000732422e+00 -1.542399764060973899e+00 -6.003287434577941895e-01 5.000000000000000000e+00
1.060759735107422053e+01 -2.450906753540039062e+00 -5.705665946006774902e-01 3.000000000000000000e+00
1.806572914123535156e+01 -4.180766582489013672e+00 -3.236723244190216064e-01 9.000000000000000000e+00
3.793017578125000000e+01 -8.777791976928710938e+00 1.043196010589599965e+01 8.000000000000000000e+00
2.368809223175048828e+00 -5.516750216484069824e-01 -6.517063379287719727e-01 2.000000000000000000e+01
2.721437454223632812e+00 -6.348006129264831543e-01 -6.451596021652221680e-01 1.400000000000000000e+01
3.192791938781737837e+00 -7.453360557556152344e-01 -6.373020410537719727e-01 1.200000000000000000e+01
3.881622076034545898e+00 -9.075677394866943359e-01 -6.313694715499877930e-01 1.200000000000000000e+01
4.992427825927734375e+00 -1.169124960899353027e+00 -6.295770406723022461e-01 9.000000000000000000e+00
3.594964599609375000e+01 -8.425293922424316406e+00 5.848145961761474609e+00 1.300000000000000000e+01
6.678826808929443359e+00 -1.565274834632873979e+00 -6.001544594764709473e-01 5.000000000000000000e+00
3.494008255004882812e+01 -8.195121765136718750e+00 6.975976943969726562e+00 6.000000000000000000e+01
1.061064338684082031e+01 -2.490657806396483931e+00 -5.711946487426757812e-01 3.000000000000000000e+00
1.805102539062500000e+01 -4.243802070617675781e+00 -3.236723244190216064e-01 1.200000000000000000e+01
3.666790008544921875e+01 -8.627389907836914062e+00 1.009342479705811080e+01 8.000000000000000000e+00
2.363206863403319868e+00 -5.586383938789367676e-01 -6.506710648536682129e-01 2.000000000000000000e+01
4.219276046752929688e+01 -9.981721878051757812e+00 7.568061351776123047e-01 4.400000000000000000e+01
2.734487771987915039e+00 -6.474134922027587891e-01 -6.487588286399841309e-01 1.400000000000000000e+01
3.203675270080565962e+00 -7.590881586074829102e-01 -6.399733424186706543e-01 1.200000000000000000e+01
3.886279106140137163e+00 -9.222590923309326172e-01 -6.326209902763366699e-01 1.100000000000000000e+01
4.248435974121093750e+01 -1.008986377716063920e+01 5.361519813537597656e+00 3.300000000000000000e+01
4.994317054748535156e+00 -1.187051177024841087e+00 -6.303082704544067383e-01 1.000000000000000000e+01
3.613055801391602273e+01 -8.587524414062500000e+00 5.881936073303222656e+00 1.300000000000000000e+01
6.691043853759765625e+00 -1.591563582420348899e+00 -6.017232537269592285e-01 5.000000000000000000e+00
1.061009788513183949e+01 -2.527681827545166016e+00 -5.716133117675781250e-01 3.000000000000000000e+00
3.781170272827147727e+01 -9.014992713928222656e+00 8.974197387695312500e+00 1.200000000000000000e+01
1.796293830871582031e+01 -4.286002159118652344e+00 -3.223459422588347834e-01 9.000000000000000000e+00
2.359363794326781782e+00 -5.664331316947937012e-01 -6.501534581184387207e-01 2.200000000000000000e+01
2.732211351394652876e+00 -6.569546461105346680e-01 -6.487588286399841309e-01 1.400000000000000000e+01
3.210549831390380859e+00 -7.725629806518554688e-01 -6.418814659118652344e-01 1.100000000000000000e+01
3.886876821517943892e+00 -9.367447495460510254e-01 -6.332467198371887207e-01 1.100000000000000000e+01
5.007510185241699219e+00 -1.208669185638427956e+00 -6.325019001960754395e-01 9.000000000000000000e+00
6.677700996398925781e+00 -1.613038659095763938e+00 -6.010259985923767090e-01 3.000000000000000000e+00
1.065168190002441051e+01 -2.576913118362427202e+00 -5.743348002433776855e-01 3.000000000000000000e+00
3.776485443115233664e+01 -9.143257141113281250e+00 8.970598220825195312e+00 1.200000000000000000e+01
2.366756677627563032e+00 -5.769531130790710449e-01 -6.527416110038757324e-01 1.900000000000000000e+01
4.222112655639647727e+01 -1.030020809173583984e+01 7.585862874984741211e-01 4.400000000000000000e+01
2.720435857772827148e+00 -6.641768813133239746e-01 -6.465093493461608887e-01 1.500000000000000000e+01
3.207833528518677202e+00 -7.837651968002319336e-01 -6.418814659118652344e-01 1.100000000000000000e+01
3.870151996612548828e+00 -9.470201730728149414e-01 -6.310566067695617676e-01 1.000000000000000000e+01
3.623518371582031250e+01 -8.873395919799804688e+00 4.580581188201904297e+00 1.900000000000000000e+01
4.983980655670166016e+00 -1.221416354179382102e+00 -6.300644874572753906e-01 9.000000000000000000e+00
6.675899982452392578e+00 -1.637287497520446999e+00 -6.013746261596679688e-01 5.000000000000000000e+00
1.063874340057373047e+01 -2.613125801086425781e+00 -5.741254687309265137e-01 3.000000000000000000e+00
3.770999908447266336e+01 -9.269442558288574219e+00 8.965199470520019531e+00 1.200000000000000000e+01
2.012876319885253906e+01 -4.951549053192138672e+00 -3.618232905864716131e-01 3.000000000000000000e+00
3.921999359130858664e+01 -9.647871971130371094e+00 1.082225990295409979e+01 9.000000000000000000e+00
2.370354175567626953e+00 -5.866033434867858887e-01 -6.542945504188537598e-01 1.900000000000000000e+01
2.718100786209106001e+00 -6.736689209938049316e-01 -6.465093493461608887e-01 1.500000000000000000e+01
3.205078125000000000e+00 -7.949578762054443359e-01 -6.418814659118652344e-01 1.100000000000000000e+01
3.878325462341309038e+00 -9.633810520172119141e-01 -6.329338550567626953e-01 1.000000000000000000e+01
4.985465526580811435e+00 -1.240243911743164062e+00 -6.307957172393798828e-01 1.000000000000000000e+01
6.689477443695068359e+00 -1.665394067764282005e+00 -6.031177639961242676e-01 5.000000000000000000e+00
1.066056346893311080e+01 -2.657977104187012163e+00 -5.758001804351806641e-01 3.000000000000000000e+00
3.597193527221679688e+01 -8.975480079650878906e+00 8.559387207031250000e+00 1.100000000000000000e+01
2.358923912048339844e+00 -5.925207138061523438e-01 -6.517063379287719727e-01 1.800000000000000000e+01
2.721402168273925781e+00 -6.845789551734924316e-01 -6.478590369224548340e-01 1.400000000000000000e+01
3.200379848480225053e+00 -8.056615591049194336e-01 -6.414998173713684082e-01 1.000000000000000000e+01
3.890262365341186968e+00 -9.807762503623962402e-01 -6.354367733001708984e-01 1.000000000000000000e+01
3.626089096069335938e+01 -9.148485183715820312e+00 4.591793060302734375e+00 1.900000000000000000e+01
4.998428344726563388e+00 -1.262012362480164018e+00 -6.329893469810485840e-01 9.000000000000000000e+00
6.699077129364013672e+00 -1.692639231681823953e+00 -6.045122146606445312e-01 5.000000000000000000e+00
1.070156288146973012e+01 -2.707911729812622070e+00 -5.785216689109802246e-01 3.000000000000000000e+00
1.815915679931640980e+01 -4.601718425750732422e+00 -3.269882798194885254e-01 3.000000000000000000e+00
2.347481250762939009e+00 -5.983654856681823730e-01 -6.491181850433349609e-01 1.900000000000000000e+01
2.722772359848022017e+00 -6.950382590293884277e-01 -6.487588286399841309e-01 1.400000000000000000e+01
3.197548151016234907e+00 -8.168280124664306641e-01 -6.414998173713684082e-01 1.200000000000000000e+01
3.707551574707031250e+01 -9.478000640869140625e+00 3.348000764846802202e+00 4.900000000000000000e+01
3.881073951721190962e+00 -9.928810596466064453e-01 -6.344981789588928223e-01 1.100000000000000000e+01
5.007453441619873047e+00 -1.282901167869568093e+00 -6.346955299377441406e-01 1.000000000000000000e+01
6.685408115386962891e+00 -1.714033722877501997e+00 -6.038149595260620117e-01 5.000000000000000000e+00
1.069204521179199041e+01 -2.745250463485718218e+00 -5.785216689109802246e-01 3.000000000000000000e+00
3.571210479736328125e+01 -9.175954818725585938e+00 8.512598037719726562e+00 1.100000000000000000e+01
1.645030975341796875e+01 -4.229842662811279297e+00 -2.964814901351929266e-01 2.000000000000000000e+00
3.654981231689453125e+01 -9.397997856140136719e+00 1.011206054687500000e+01 8.000000000000000000e+00
2.360553741455078125e+00 -6.096016764640808105e-01 -6.532592773437500000e-01 1.900000000000000000e+01
4.231319808959960938e+01 -1.093505859375000000e+01 7.628446817398071289e-01 4.500000000000000000e+01
2.724348783493041992e+00 -7.045645117759704590e-01 -6.496586203575134277e-01 1.300000000000000000e+01
3.198767423629761186e+00 -8.278531432151794434e-01 -6.422630548477172852e-01 1.200000000000000000e+01
3.868374586105347124e+00 -1.002590894699096902e+00 -6.329338550567626953e-01 1.100000000000000000e+01
3.598421096801757812e+01 -9.332956314086914062e+00 4.564494609832763672e+00 1.900000000000000000e+01
5.007241249084472656e+00 -1.299623608589171919e+00 -6.351830363273620605e-01 9.000000000000000000e+00
3.645082473754882812e+01 -9.460768699645996094e+00 5.964533329010009766e+00 1.300000000000000000e+01
6.705059528350830078e+00 -1.741539478302001953e+00 -6.060810089111328125e-01 5.000000000000000000e+00
1.068336772918700994e+01 -2.778826951980590820e+00 -5.785216689109802246e-01 3.000000000000000000e+00
3.570950698852539062e+01 -9.294974327087402344e+00 8.518896102905273438e+00 1.100000000000000000e+01
3.627333831787108664e+01 -9.448496818542480469e+00 1.004373168945313033e+01 8.000000000000000000e+00
2.350936412811278853e+00 -6.158795952796936035e-01 -6.511887311935424805e-01 1.900000000000000000e+01
2.712448120117187944e+00 -7.115974426269531250e-01 -6.474091410636901855e-01 1.500000000000000000e+01
3.203453779220581055e+00 -8.410080075263977051e-01 -6.437895298004150391e-01 1.200000000000000000e+01
3.876314163208007812e+00 -1.019101619720458984e+00 -6.348110437393188477e-01 1.000000000000000000e+01
3.597444915771483664e+01 -9.464569091796875000e+00 4.567419052124023438e+00 1.900000000000000000e+01
5.004593849182128906e+00 -1.317599654197693093e+00 -6.354267597198486328e-01 9.000000000000000000e+00
3.630129241943358664e+01 -9.564107894897460938e+00 5.945761203765869141e+00 1.300000000000000000e+01
6.720132350921630859e+00 -1.770517468452454057e+00 -6.079984903335571289e-01 5.000000000000000000e+00
1.067360305786132990e+01 -2.816102027893065962e+00 -5.785216689109802246e-01 3.000000000000000000e+00
3.654102706909179688e+01 -9.661378860473632812e+00 1.012758922576903942e+01 1.600000000000000000e+01
2.365356206893920898e+00 -6.293726563453674316e-01 -6.558474898338317871e-01 1.900000000000000000e+01
4.240967941284179688e+01 -1.129226970672607067e+01 7.660559415817260742e-01 4.500000000000000000e+01
2.713461875915526900e+00 -7.230107188224792480e-01 -6.483089327812194824e-01 1.600000000000000000e+01
3.194509983062744141e+00 -8.517847061157226562e-01 -6.426447033882141113e-01 1.100000000000000000e+01
3.876189470291138139e+00 -1.034997224807739036e+00 -6.354367733001708984e-01 1.100000000000000000e+01
3.609127044677733664e+01 -9.643626213073730469e+00 4.586918354034423828e+00 1.900000000000000000e+01
4.995662212371826172e+00 -1.335780620574950950e+00 -6.349392533302307129e-01 9.000000000000000000e+00
3.585975265502929688e+01 -9.595176696777343750e+00 5.879433155059813565e+00 1.300000000000000000e+01
6.705585956573486328e+00 -1.794247865676880105e+00 -6.073012351989746094e-01 5.000000000000000000e+00
1.068972015380859020e+01 -2.864301919937133789e+00 -5.799870491027832031e-01 3.000000000000000000e+00
3.611354064941406250e+01 -9.690106391906738281e+00 1.001888561248778942e+01 8.000000000000000000e+00
2.355684280395507812e+00 -6.356124281883239746e-01 -6.537768840789794922e-01 2.000000000000000000e+01
4.229664230346679688e+01 -1.142043018341063920e+01 7.647295594215393066e-01 4.500000000000000000e+01
2.720327854156494141e+00 -7.350196242332458496e-01 -6.505584716796875000e-01 1.400000000000000000e+01
3.183936595916748047e+00 -8.608807325363159180e-01 -6.411182284355163574e-01 1.200000000000000000e+01
3.882086753845214844e+00 -1.051102638244628906e+00 -6.370011568069458008e-01 1.100000000000000000e+01
3.663219070434570312e+01 -9.925289154052734375e+00 4.660039901733398438e+00 2.000000000000000000e+01
4.994801044464111328e+00 -1.354249477386475053e+00 -6.354267597198486328e-01 9.000000000000000000e+00
6.703127861022949219e+00 -1.818687200546265093e+00 -6.076498627662658691e-01 5.000000000000000000e+00
1.070278549194335938e+01 -2.907882452011107954e+00 -5.812431573867797852e-01 3.000000000000000000e+00
3.681767654418945312e+01 -1.001694297790526988e+01 1.022387027740479049e+01 8.000000000000000000e+00
2.340631008148192915e+00 -6.394460797309875488e-01 -6.501534581184387207e-01 1.900000000000000000e+01
2.718005418777465820e+00 -7.435621023178100586e-01 -6.505584716796875000e-01 1.300000000000000000e+01
3.194471359252930132e+00 -8.745077848434448242e-01 -6.437895298004150391e-01 1.200000000000000000e+01
3.882575511932373047e+00 -1.064337849617003950e+00 -6.376268863677978516e-01 1.100000000000000000e+01
3.644767761230468750e+01 -9.998311042785644531e+00 4.640541076660156250e+00 1.900000000000000000e+01
4.992435932159423828e+00 -1.370459914207458052e+00 -6.356704831123352051e-01 1.000000000000000000e+01
6.712750911712645596e+00 -1.843958735466002974e+00 -6.090443134307861328e-01 6.000000000000000000e+00
1.073981475830077947e+01 -2.954204797744750977e+00 -5.837552547454833984e-01 3.000000000000000000e+00
2.614999580383301137e+01 -7.202908992767333984e+00 -4.734488725662230890e-01 4.000000000000000000e+00
3.578601074218750000e+01 -9.863829612731933594e+00 9.946415901184082031e+00 8.000000000000000000e+00
2.338384628295897993e+00 -6.476125121116638184e-01 -6.501534581184387207e-01 1.900000000000000000e+01
2.713515520095825195e+00 -7.525244355201721191e-01 -6.501085758209228516e-01 1.500000000000000000e+01
3.198966264724731001e+00 -8.877531886100769043e-01 -6.453160047531127930e-01 1.200000000000000000e+01
3.598170852661132812e+01 -9.992137908935546875e+00 3.267120122909545898e+00 4.700000000000000000e+01
3.861707448959351030e+00 -1.073124051094054954e+00 -6.348110437393188477e-01 1.300000000000000000e+01
5.001008987426757812e+00 -1.391603469848633035e+00 -6.373766660690307617e-01 1.000000000000000000e+01
3.804055404663085938e+01 -1.059249210357666016e+01 6.254250049591063565e+00 1.400000000000000000e+01
6.706273555755615234e+00 -1.867379307746886985e+00 -6.090443134307861328e-01 5.000000000000000000e+00
1.074867630004882990e+01 -2.997040033340454102e+00 -5.848019719123840332e-01 3.000000000000000000e+00
3.550576400756835938e+01 -9.920067787170410156e+00 9.878087997436523438e+00 7.000000000000000000e+00
2.356569290161132812e+00 -6.615142822265625000e-01 -6.558474898338317871e-01 1.900000000000000000e+01
2.703367948532104048e+00 -7.598824501037597656e-01 -6.483089327812194824e-01 1.500000000000000000e+01
3.190178155899047852e+00 -8.973194956779479980e-01 -6.441711783409118652e-01 1.200000000000000000e+01
3.871247768402100053e+00 -1.090346097946166992e+00 -6.370011568069458008e-01 1.100000000000000000e+01
3.664830398559570312e+01 -1.032898521423340021e+01 4.675151824951171875e+00 2.000000000000000000e+01
4.999941825866699219e+00 -1.410129547119141069e+00 -6.378641724586486816e-01 1.000000000000000000e+01
6.695879459381104404e+00 -1.889694929122925027e+00 -6.086956858634948730e-01 5.000000000000000000e+00
1.074583625793457031e+01 -3.036714315414429155e+00 -5.852206349372863770e-01 3.000000000000000000e+00
3.806854629516602273e+01 -1.076513671875000000e+01 9.133462905883789062e+00 1.200000000000000000e+01
2.667631721496582031e+01 -7.548636913299561435e+00 -4.839203357696533203e-01 4.000000000000000000e+00
3.553039932250977273e+01 -1.006078815460205078e+01 9.894652366638183594e+00 7.000000000000000000e+00
2.356103897094727007e+00 -6.702647805213928223e-01 -6.563650965690612793e-01 1.900000000000000000e+01
2.704447269439696822e+00 -7.703821063041687012e-01 -6.492087244987487793e-01 1.500000000000000000e+01
3.188914537429810014e+00 -9.089879989624023438e-01 -6.445527672767639160e-01 1.200000000000000000e+01
3.875016212463378906e+00 -1.106021285057068093e+00 -6.382526159286499023e-01 1.100000000000000000e+01
3.692124557495117188e+01 -1.054516601562500000e+01 4.714637279510498047e+00 2.000000000000000000e+01
4.996898174285888672e+00 -1.428119421005249023e+00 -6.381078958511352539e-01 1.000000000000000000e+01
6.723722934722900391e+00 -1.922917485237122026e+00 -6.118333339691162109e-01 5.000000000000000000e+00
1.075053215026854936e+01 -3.078604698181151900e+00 -5.860580205917358398e-01 3.000000000000000000e+00
3.855527114868164062e+01 -1.106282901763916016e+01 1.074771976470947088e+01 9.000000000000000000e+00
2.344586610794066939e+00 -6.754004359245300293e-01 -6.537768840789794922e-01 1.800000000000000000e+01
2.707494974136352983e+00 -7.809664011001586914e-01 -6.505584716796875000e-01 1.400000000000000000e+01
3.183996438980102983e+00 -9.190133810043334961e-01 -6.441711783409118652e-01 1.200000000000000000e+01
3.871327161788939986e+00 -1.118865251541137917e+00 -6.382526159286499023e-01 1.200000000000000000e+01
3.642077636718750000e+01 -1.053297901153563920e+01 4.655165195465087891e+00 2.000000000000000000e+01
4.994041442871093750e+00 -1.445233702659606934e+00 -6.383516192436218262e-01 9.000000000000000000e+00
6.705826759338378906e+00 -1.941878437995911089e+00 -6.107874512672424316e-01 3.000000000000000000e+00
1.079397487640381037e+01 -3.129811763763428178e+00 -5.889888405799865723e-01 3.000000000000000000e+00
3.852032852172852273e+01 -1.118389892578125000e+01 1.074771976470947088e+01 9.000000000000000000e+00
2.340360164642333984e+00 -6.830391883850097656e-01 -6.532592773437500000e-01 1.900000000000000000e+01
2.715975522994995117e+00 -7.936922907829284668e-01 -6.532578468322753906e-01 1.400000000000000000e+01
3.177000522613524947e+00 -9.290199875831604004e-01 -6.434079408645629883e-01 1.100000000000000000e+01
3.871189594268798828e+00 -1.133482098579406960e+00 -6.388783454895019531e-01 1.100000000000000000e+01
3.626567840576171875e+01 -1.062544155120849965e+01 4.640053272247313565e+00 1.900000000000000000e+01
5.000395774841308594e+00 -1.466008305549622026e+00 -6.398140788078308105e-01 9.000000000000000000e+00
6.721949100494384766e+00 -1.972004771232604980e+00 -6.128791570663452148e-01 3.000000000000000000e+00
3.530173492431641336e+01 -1.036309146881104049e+01 7.151521205902099609e+00 6.100000000000000000e+01
1.078298377990723012e+01 -3.167470693588256836e+00 -5.889888405799865723e-01 3.000000000000000000e+00
2.341666936874390093e+00 -6.922998428344726562e-01 -6.542945504188537598e-01 2.100000000000000000e+01
2.716925621032714844e+00 -8.042742609977722168e-01 -6.541576385498046875e-01 1.400000000000000000e+01
3.185032606124877930e+00 -9.434496760368347168e-01 -6.456976532936096191e-01 1.100000000000000000e+01
3.857740163803101030e+00 -1.144179582595824973e+00 -6.373140215873718262e-01 1.000000000000000000e+01
3.628926467895507812e+01 -1.077004146575927912e+01 4.647852897644042969e+00 1.900000000000000000e+01
5.000957012176513672e+00 -1.485149383544922097e+00 -6.405452489852905273e-01 1.100000000000000000e+01
3.647904205322266336e+01 -1.083329200744629084e+01 6.027107238769531250e+00 1.300000000000000000e+01
6.692106246948242188e+00 -1.988646268844604048e+00 -6.107874512672424316e-01 2.000000000000000000e+00
1.081014823913574041e+01 -3.216482877731322798e+00 -5.910822749137878418e-01 3.000000000000000000e+00
3.883381271362304688e+01 -1.156948280334473012e+01 1.085745906829833984e+01 9.000000000000000000e+00
2.344788074493408203e+00 -7.021321058273315430e-01 -6.558474898338317871e-01 2.000000000000000000e+01
2.695435047149658203e+00 -8.081565499305725098e-01 -6.496586203575134277e-01 1.400000000000000000e+01
3.183600425720214844e+00 -9.551259279251098633e-01 -6.460792422294616699e-01 1.200000000000000000e+01
3.863182067871094194e+00 -1.160480260848999023e+00 -6.388783454895019531e-01 1.100000000000000000e+01
4.990039348602294922e+00 -1.500881552696228027e+00 -6.398140788078308105e-01 1.000000000000000000e+01
3.643909072875977273e+01 -1.096692180633544922e+01 6.027107238769531250e+00 1.300000000000000000e+01
6.685123920440673828e+00 -2.011993885040283203e+00 -6.107874512672424316e-01 3.000000000000000000e+00
1.076060771942139027e+01 -3.242672204971313032e+00 -5.889888405799865723e-01 3.000000000000000000e+00
2.347868919372559038e+00 -7.119945287704467773e-01 -6.574003696441650391e-01 1.900000000000000000e+01
2.694462299346923828e+00 -8.181266188621520996e-01 -6.501085758209228516e-01 1.500000000000000000e+01
3.170854806900023970e+00 -9.633793234825134277e-01 -6.441711783409118652e-01 1.300000000000000000e+01
3.860997676849364790e+00 -1.174533128738403098e+00 -6.391912102699279785e-01 1.000000000000000000e+01
4.988567829132080078e+00 -1.519447684288024902e+00 -6.403015255928039551e-01 1.100000000000000000e+01
6.693306922912597656e+00 -2.039963960647583008e+00 -6.121819615364074707e-01 5.000000000000000000e+00
1.080653190612792969e+01 -3.297702312469481978e+00 -5.921289920806884766e-01 3.000000000000000000e+00
3.896994781494141336e+01 -1.189943599700927912e+01 9.407003402709960938e+00 1.200000000000000000e+01
2.343522548675537109e+00 -7.196186780929565430e-01 -6.568827629089355469e-01 1.900000000000000000e+01
2.704628944396973100e+00 -8.315358161926269531e-01 -6.532578468322753906e-01 1.300000000000000000e+01
3.173101902008057085e+00 -9.761736392974853516e-01 -6.453160047531127930e-01 1.200000000000000000e+01
3.866313457489014116e+00 -1.190910816192626953e+00 -6.407555937767028809e-01 1.100000000000000000e+01
4.981336593627929688e+00 -1.536266803741455078e+00 -6.400578022003173828e-01 1.300000000000000000e+01
6.682337760925292969e+00 -2.062140464782714844e+00 -6.118333339691162109e-01 3.000000000000000000e+00
1.079495525360107067e+01 -3.335403919219971147e+00 -5.921289920806884766e-01 3.000000000000000000e+00
3.914765930175781250e+01 -1.211822509765625000e+01 1.098065662384033025e+01 1.000000000000000000e+01
2.325985670089722124e+00 -7.240185737609863281e-01 -6.527416110038757324e-01 1.800000000000000000e+01
2.703276634216309038e+00 -8.424945473670959473e-01 -6.537077426910400391e-01 1.500000000000000000e+01
3.173078775405883789e+00 -9.895191788673400879e-01 -6.460792422294616699e-01 1.200000000000000000e+01
3.865483283996582031e+00 -1.206925034523010032e+00 -6.413813233375549316e-01 1.100000000000000000e+01
4.996242523193359375e+00 -1.561897754669189009e+00 -6.427389383316040039e-01 9.000000000000000000e+00
6.681976318359375000e+00 -2.090162754058837891e+00 -6.125305891036987305e-01 3.000000000000000000e+00
1.083543586730957031e+01 -3.393543004989624023e+00 -5.950598120689392090e-01 3.000000000000000000e+00
1.368097400665283025e+01 -4.289979457855224609e+00 -2.502675056457520086e-01 2.000000000000000000e+00
3.910298156738281250e+01 -1.226162719726563033e+01 1.098065662384033025e+01 1.000000000000000000e+01
2.341869592666625977e+00 -7.379392981529235840e-01 -6.579180359840393066e-01 2.000000000000000000e+01
2.700319290161132812e+00 -8.519256114959716797e-01 -6.537077426910400391e-01 1.500000000000000000e+01
3.180838584899901900e+00 -1.004135370254517046e+00 -6.483689546585083008e-01 1.300000000000000000e+01
3.846178531646728960e+00 -1.215648174285888894e+00 -6.388783454895019531e-01 1.100000000000000000e+01
3.549370193481445312e+01 -1.122518348693848012e+01 4.570831775665283203e+00 1.900000000000000000e+01
4.994544982910156250e+00 -1.580526113510132058e+00 -6.432263851165771484e-01 9.000000000000000000e+00
6.682237625122070312e+00 -2.115880250930786133e+00 -6.132277846336364746e-01 2.000000000000000000e+00
3.475866699218750000e+01 -1.101274585723876953e+01 7.087409496307373047e+00 6.100000000000000000e+01
1.082733154296875000e+01 -3.432552337646483931e+00 -5.952691435813903809e-01 3.000000000000000000e+00
3.988632583618164062e+01 -1.266801357269286932e+01 1.121359348297118963e+01 1.000000000000000000e+01
2.337699174880981001e+00 -7.447065114974975586e-01 -6.574003696441650391e-01 2.100000000000000000e+01
2.692059993743896040e+00 -8.586282134056091309e-01 -6.523580551147460938e-01 1.400000000000000000e+01
3.175797939300537109e+00 -1.013526439666748047e+00 -6.479873657226562500e-01 1.200000000000000000e+01
3.853630542755126953e+00 -1.231332659721374956e+00 -6.407555937767028809e-01 1.100000000000000000e+01
4.978210926055908203e+00 -1.592580080032349077e+00 -6.417639851570129395e-01 9.000000000000000000e+00
6.683147430419921875e+00 -2.139292478561400923e+00 -6.139250397682189941e-01 2.000000000000000000e+00
3.466406631469727273e+01 -1.110272502899169922e+01 7.075197696685791016e+00 6.100000000000000000e+01
1.077845573425292969e+01 -3.454359054565430132e+00 -5.931757092475891113e-01 3.000000000000000000e+00
2.342439889907836914e+00 -7.552332878112792969e-01 -6.594709157943725586e-01 1.900000000000000000e+01
2.692755460739136186e+00 -8.692173361778259277e-01 -6.532578468322753906e-01 1.300000000000000000e+01
3.172240734100341797e+00 -1.024605870246886985e+00 -6.479873657226562500e-01 1.300000000000000000e+01
3.858706712722777876e+00 -1.247815847396851030e+00 -6.423199176788330078e-01 1.000000000000000000e+01
4.976398468017578125e+00 -1.611170411109924094e+00 -6.422514319419860840e-01 9.000000000000000000e+00
6.698384284973145419e+00 -2.169976234436035156e+00 -6.160168051719665527e-01 2.000000000000000000e+00
1.078532981872558949e+01 -3.498123884201049805e+00 -5.942224264144897461e-01 3.000000000000000000e+00
2.330473899841309038e+00 -7.608159780502319336e-01 -6.568827629089355469e-01 2.000000000000000000e+01
2.695108413696289062e+00 -8.808972239494323730e-01 -6.546075940132141113e-01 1.500000000000000000e+01
3.161000013351439986e+00 -1.033784747123718040e+00 -6.464608907699584961e-01 1.300000000000000000e+01
3.854107141494750977e+00 -1.261950373649596946e+00 -6.423199176788330078e-01 1.000000000000000000e+01
4.978005409240722656e+00 -1.631872534751892090e+00 -6.432263851165771484e-01 1.100000000000000000e+01
6.690385818481445312e+00 -2.194512367248535156e+00 -6.160168051719665527e-01 3.000000000000000000e+00
1.080659198760985973e+01 -3.548847198486328125e+00 -5.961065292358398438e-01 3.000000000000000000e+00
4.067364883422852273e+01 -1.337281608581542969e+01 1.147241306304931996e+01 1.100000000000000000e+01
2.313128948211669922e+00 -7.640986442565917969e-01 -6.527416110038757324e-01 1.900000000000000000e+01
2.695717334747314009e+00 -8.915233016014099121e-01 -6.555073857307434082e-01 1.500000000000000000e+01
3.168555259704589844e+00 -1.048513054847717063e+00 -6.487506031990051270e-01 1.300000000000000000e+01
3.844053268432617188e+00 -1.273532390594481978e+00 -6.413813233375549316e-01 1.000000000000000000e+01
3.875360870361328125e+01 -1.284655189514159979e+01 5.012973785400390625e+00 2.400000000000000000e+01
4.976047039031982422e+00 -1.650488972663878950e+00 -6.437138915061950684e-01 9.000000000000000000e+00
6.682684898376464844e+00 -2.217852830886840820e+00 -6.160168051719665527e-01 2.000000000000000000e+00
1.080551147460938033e+01 -3.590326309204102007e+00 -5.967345833778381348e-01 3.000000000000000000e+00
4.046174621582031250e+01 -1.345983123779297053e+01 1.142582511901854936e+01 1.100000000000000000e+01
2.321441173553466797e+00 -7.758423686027526855e-01 -6.558474898338317871e-01 2.000000000000000000e+01
2.694437026977539062e+00 -9.015460014343261719e-01 -6.559572815895080566e-01 1.600000000000000000e+01
3.170461177825928178e+00 -1.061436772346497026e+00 -6.498954296112060547e-01 1.400000000000000000e+01
3.833965539932250977e+00 -1.285059452056884988e+00 -6.404427289962768555e-01 1.000000000000000000e+01
4.989074707031250000e+00 -1.674163699150085005e+00 -6.461512446403503418e-01 9.000000000000000000e+00
6.671124935150145596e+00 -2.239897966384888139e+00 -6.156681776046752930e-01 3.000000000000000000e+00
1.084213447570800959e+01 -3.644568681716918945e+00 -5.994560718536376953e-01 3.000000000000000000e+00
4.012156295776367188e+01 -1.350239753723145064e+01 1.134300327301025035e+01 1.100000000000000000e+01
2.324208974838256836e+00 -7.857971787452697754e-01 -6.574003696441650391e-01 1.900000000000000000e+01
2.682044267654418945e+00 -9.078218936920166016e-01 -6.537077426910400391e-01 1.500000000000000000e+01
3.159298658370972124e+00 -1.069978237152100053e+00 -6.483689546585083008e-01 1.200000000000000000e+01
3.829456329345703125e+00 -1.298434734344481978e+00 -6.404427289962768555e-01 1.000000000000000000e+01
4.985080242156982422e+00 -1.692206740379333052e+00 -6.463949680328369141e-01 1.100000000000000000e+01
6.697223186492919922e+00 -2.274704694747924805e+00 -6.188057661056518555e-01 5.000000000000000000e+00
1.075370979309082031e+01 -3.656673192977904829e+00 -5.952691435813903809e-01 3.000000000000000000e+00
4.010837936401367188e+01 -1.366181755065917969e+01 1.135335636138916016e+01 1.100000000000000000e+01
2.323279857635498047e+00 -7.945305109024047852e-01 -6.579180359840393066e-01 1.900000000000000000e+01
2.677015304565430132e+00 -9.165472388267517090e-01 -6.532578468322753906e-01 1.300000000000000000e+01
3.166688203811645952e+00 -1.084817290306091087e+00 -6.506586670875549316e-01 1.200000000000000000e+01
3.837980508804320845e+00 -1.316280007362365945e+00 -6.426327824592590332e-01 1.100000000000000000e+01
4.962245464324951172e+00 -1.703795790672302024e+00 -6.442013382911682129e-01 9.000000000000000000e+00
6.698663711547851562e+00 -2.301305055618286133e+00 -6.196773052215576172e-01 5.000000000000000000e+00
1.051801681518555043e+01 -3.617537260055541992e+00 -5.829178690910339355e-01 3.000000000000000000e+00
4.032338333129882812e+01 -1.387658214569091975e+01 9.845208168029785156e+00 1.300000000000000000e+01
4.009938430786132812e+01 -1.380732536315917969e+01 1.136370944976806996e+01 1.100000000000000000e+01
2.320492267608643022e+00 -8.026354312896728516e-01 -6.579180359840393066e-01 2.000000000000000000e+01
2.684848546981811968e+00 -9.297121167182922363e-01 -6.559572815895080566e-01 1.300000000000000000e+01
4.021232223510742188e+01 -1.393262577056884943e+01 2.230349063873291016e+00 2.900000000000000000e+01
3.151751995086669922e+00 -1.092007994651793990e+00 -6.483689546585083008e-01 1.200000000000000000e+01
3.833362340927124023e+00 -1.329668998718261941e+00 -6.426327824592590332e-01 9.000000000000000000e+00
4.967519283294677734e+00 -1.725014090538024902e+00 -6.456637978553771973e-01 9.000000000000000000e+00
6.688707828521729404e+00 -2.324019908905028853e+00 -6.195030212402343750e-01 5.000000000000000000e+00
1.046948337554931996e+01 -3.641762733459473100e+00 -5.809291005134582520e-01 9.000000000000000000e+00
4.031000900268554688e+01 -1.403742980957031072e+01 1.143721389770507990e+01 1.100000000000000000e+01
2.314029455184936968e+00 -8.094548583030700684e-01 -6.568827629089355469e-01 1.900000000000000000e+01
2.685265302658081055e+00 -9.403665065765380859e-01 -6.568570733070373535e-01 1.400000000000000000e+01
3.157184839248656782e+00 -1.106249094009398970e+00 -6.502770781517028809e-01 1.200000000000000000e+01
3.824969530105590820e+00 -1.341734051704406960e+00 -6.420070528984069824e-01 1.000000000000000000e+01
4.968959331512451172e+00 -1.744974374771117942e+00 -6.466387510299682617e-01 9.000000000000000000e+00
6.669276237487792969e+00 -2.343390703201293945e+00 -6.184571385383605957e-01 5.000000000000000000e+00
1.079019165039063033e+01 -3.795593261718750000e+00 -5.994560718536376953e-01 3.000000000000000000e+00
4.013361358642578125e+01 -1.412540340423583984e+01 9.822712898254394531e+00 1.300000000000000000e+01
4.011134719848632812e+01 -1.412543487548827947e+01 1.139476680755615057e+01 1.100000000000000000e+01
2.314832210540771040e+00 -8.188158869743347168e-01 -6.579180359840393066e-01 1.900000000000000000e+01
2.687477350234984907e+00 -9.516856074333190918e-01 -6.582067608833312988e-01 1.500000000000000000e+01
3.158855676651000977e+00 -1.119230031967163086e+00 -6.514219045639038086e-01 1.200000000000000000e+01
3.825847864151000977e+00 -1.357058644294738992e+00 -6.429456472396850586e-01 1.000000000000000000e+01
4.966579437255859375e+00 -1.763637185096740945e+00 -6.471261978149414062e-01 9.000000000000000000e+00
6.687339305877686435e+00 -2.375995159149169922e+00 -6.208975315093994141e-01 5.000000000000000000e+00
1.084838390350341975e+01 -3.858669519424438032e+00 -6.034335494041442871e-01 3.000000000000000000e+00
4.051425552368164062e+01 -1.443444538116455078e+01 1.152417659759520951e+01 1.100000000000000000e+01
2.319380760192871094e+00 -8.290886878967285156e-01 -6.599885821342468262e-01 1.900000000000000000e+01
2.673297882080078125e+00 -9.566528201103210449e-01 -6.555073857307434082e-01 1.500000000000000000e+01
3.155126810073852983e+00 -1.129698991775512917e+00 -6.514219045639038086e-01 1.200000000000000000e+01
3.812029123306273970e+00 -1.366405487060547097e+00 -6.413813233375549316e-01 9.000000000000000000e+00
4.968177318572998047e+00 -1.782779097557068093e+00 -6.481011509895324707e-01 9.000000000000000000e+00
6.703801155090332031e+00 -2.406910419464110884e+00 -6.231635808944702148e-01 3.000000000000000000e+00
1.087687873840332031e+01 -3.909485101699829102e+00 -6.057363748550415039e-01 3.000000000000000000e+00
2.323740005493164062e+00 -8.398061990737915039e-01 -6.620591282844543457e-01 1.900000000000000000e+01
2.668109655380249023e+00 -9.653155803680419922e-01 -6.550574898719787598e-01 1.400000000000000000e+01
3.145626306533813032e+00 -1.138700842857361062e+00 -6.502770781517028809e-01 1.300000000000000000e+01
3.827665328979492188e+00 -1.387106895446776900e+00 -6.448228359222412109e-01 1.000000000000000000e+01
4.978718757629395419e+00 -1.806203365325927956e+00 -6.502948403358459473e-01 1.100000000000000000e+01
6.723451137542724609e+00 -2.440493583679199219e+00 -6.257782578468322754e-01 3.000000000000000000e+00
1.087067413330077947e+01 -3.950157165527344194e+00 -6.061550378799438477e-01 3.000000000000000000e+00
4.066366958618164062e+01 -1.478429222106933949e+01 9.989176750183105469e+00 1.300000000000000000e+01
4.084608078002929688e+01 -1.485868453979492010e+01 1.164633941650390980e+01 1.100000000000000000e+01
2.318831920623778853e+00 -8.476542234420776367e-01 -6.615414619445800781e-01 2.000000000000000000e+01
2.679194211959838867e+00 -9.804458618164062500e-01 -6.586567163467407227e-01 1.400000000000000000e+01
3.141431570053101030e+00 -1.150222420692444070e+00 -6.502770781517028809e-01 1.300000000000000000e+01
3.831829071044921875e+00 -1.404525756835937944e+00 -6.463872194290161133e-01 1.000000000000000000e+01
4.962747573852539062e+00 -1.821020007133484109e+00 -6.490761041641235352e-01 9.000000000000000000e+00
6.690146923065186435e+00 -2.456193208694458008e+00 -6.235122084617614746e-01 4.000000000000000000e+00
1.078488636016846058e+01 -3.963791847229003906e+00 -6.021775007247924805e-01 3.000000000000000000e+00
3.965813064575195312e+01 -1.458349227905273082e+01 9.755227088928222656e+00 1.300000000000000000e+01
4.092650604248046875e+01 -1.506613349914550959e+01 1.168567943572998047e+01 1.100000000000000000e+01
2.308610439300537109e+00 -8.530649542808532715e-01 -6.594709157943725586e-01 1.700000000000000000e+01
2.675755500793457031e+00 -9.897919893264770508e-01 -6.586567163467407227e-01 1.400000000000000000e+01
3.135556221008300781e+00 -1.160499572753906028e+00 -6.498954296112060547e-01 1.200000000000000000e+01
3.819493770599364790e+00 -1.415147662162780984e+00 -6.451357603073120117e-01 9.000000000000000000e+00
4.967527866363525391e+00 -1.842474102973937988e+00 -6.505385637283325195e-01 9.000000000000000000e+00
3.937648391723632812e+01 -1.461269950866699041e+01 6.652219295501708984e+00 1.400000000000000000e+01
6.690871715545654297e+00 -2.482997179031372070e+00 -6.243837475776672363e-01 3.000000000000000000e+00
1.076349544525145951e+01 -3.998631715774536133e+00 -6.017588376998901367e-01 6.000000000000000000e+00
4.383576202392578125e+01 -1.631108474731444957e+01 1.253253555297851918e+01 1.300000000000000000e+01
2.302299022674560991e+00 -8.589628338813781738e-01 -6.584356427192687988e-01 2.000000000000000000e+01
2.670807123184204102e+00 -9.975113868713378906e-01 -6.582067608833312988e-01 1.500000000000000000e+01
3.137412071228026900e+00 -1.172406196594238059e+00 -6.510403156280517578e-01 1.200000000000000000e+01
3.815029144287108931e+00 -1.427139878273010032e+00 -6.451357603073120117e-01 9.000000000000000000e+00
3.805097579956054688e+01 -1.424181842803955078e+01 4.988599777221679688e+00 2.400000000000000000e+01
4.976587295532226562e+00 -1.863640308380126953e+00 -6.524884700775146484e-01 9.000000000000000000e+00
6.697964191436767578e+00 -2.509597301483153853e+00 -6.257782578468322754e-01 4.000000000000000000e+00
1.072843933105468928e+01 -4.024009704589843750e+00 -6.005027890205383301e-01 6.000000000000000000e+00
2.310132503509521040e+00 -8.710837364196777344e-01 -6.615414619445800781e-01 1.900000000000000000e+01
2.660016298294066939e+00 -1.004075407981873003e+00 -6.564071774482727051e-01 1.500000000000000000e+01
3.140646934509276900e+00 -1.186125278472899947e+00 -6.525667905807495117e-01 1.300000000000000000e+01
3.808176517486571822e+00 -1.439749598503113015e+00 -6.448228359222412109e-01 1.000000000000000000e+01
4.968194961547851562e+00 -1.880297780036926047e+00 -6.522447466850280762e-01 1.100000000000000000e+01
6.720839023590087891e+00 -2.544956684112548828e+00 -6.287415027618408203e-01 3.000000000000000000e+00
1.064522743225098012e+01 -4.035240650177001953e+00 -5.966299176216125488e-01 9.000000000000000000e+00
3.944287872314453125e+01 -1.495931625366210938e+01 9.739030838012695312e+00 1.300000000000000000e+01
2.314144611358643022e+00 -8.822978138923645020e-01 -6.636120080947875977e-01 2.000000000000000000e+01
2.650856256484984907e+00 -1.011733531951904075e+00 -6.550574898719787598e-01 1.400000000000000000e+01
3.136278629302978960e+00 -1.197628259658813032e+00 -6.525667905807495117e-01 1.300000000000000000e+01
3.812099695205688032e+00 -1.457224249839782937e+00 -6.463872194290161133e-01 1.000000000000000000e+01
4.088871002197266336e+01 -1.563841629028319957e+01 5.375169277191162109e+00 3.400000000000000000e+01
4.952000141143798828e+00 -1.894947290420532005e+00 -6.510260105133056641e-01 9.000000000000000000e+00
6.707744598388671875e+00 -2.568148136138916016e+00 -6.283929347991943359e-01 3.000000000000000000e+00
1.044946289062500000e+01 -4.004896640777587891e+00 -5.864767432212829590e-01 3.000000000000000000e+00
3.945328903198242188e+01 -1.512889957427979049e+01 9.755227088928222656e+00 1.300000000000000000e+01
4.383073425292968750e+01 -1.681626510620116832e+01 1.257912349700927912e+01 1.400000000000000000e+01
2.305642604827880859e+00 -8.882867693901062012e-01 -6.620591282844543457e-01 1.900000000000000000e+01
2.658217668533325195e+00 -1.025187849998473899e+00 -6.577568650245666504e-01 1.400000000000000000e+01
3.117425918579102007e+00 -1.202914595603943093e+00 -6.495138406753540039e-01 1.200000000000000000e+01
3.808832645416260210e+00 -1.471233844757080078e+00 -6.467000842094421387e-01 1.000000000000000000e+01
4.937949180603027344e+00 -1.909357786178589089e+00 -6.500510573387145996e-01 9.000000000000000000e+00
6.706171989440917969e+00 -2.594422340393065962e+00 -6.290901303291320801e-01 4.000000000000000000e+00
1.023427295684813920e+01 -3.963449239730834961e+00 -5.751721858978271484e-01 9.000000000000000000e+00
2.295482873916625977e+00 -8.931257128715515137e-01 -6.599885821342468262e-01 1.900000000000000000e+01
2.658435344696044922e+00 -1.035411715507507102e+00 -6.586567163467407227e-01 1.400000000000000000e+01
3.120736837387084961e+00 -1.216096997261046919e+00 -6.510403156280517578e-01 1.300000000000000000e+01
3.805773258209228960e+00 -1.484574198722838911e+00 -6.470129489898681641e-01 9.000000000000000000e+00
4.955628871917724609e+00 -1.935108780860901101e+00 -6.532196998596191406e-01 8.000000000000000000e+00
6.699387550354003906e+00 -2.617371559143065962e+00 -6.292644739151000977e-01 3.000000000000000000e+00
1.018387222290039062e+01 -3.982816457748413086e+00 -5.730786919593811035e-01 1.500000000000000000e+01
4.043461990356445312e+01 -1.582173633575438920e+01 1.002426910400390980e+01 1.300000000000000000e+01
3.362921142578125000e+01 -1.316560459136963068e+01 -6.303809285163879395e-01 7.000000000000000000e+00
2.295947074890137163e+00 -9.025465250015258789e-01 -6.610238552093505859e-01 1.900000000000000000e+01
2.651178121566772017e+00 -1.043257951736449973e+00 -6.577568650245666504e-01 1.400000000000000000e+01
3.120126485824584961e+00 -1.228421449661255105e+00 -6.518035531044006348e-01 1.300000000000000000e+01
3.804243564605712891e+00 -1.499298453330994096e+00 -6.476386785507202148e-01 9.000000000000000000e+00
3.997574615478516336e+01 -1.576298713684082031e+01 5.276211261749267578e+00 3.100000000000000000e+01
4.954383850097656250e+00 -1.954580903053283913e+00 -6.539508700370788574e-01 9.000000000000000000e+00
6.673531055450438565e+00 -2.634157180786132812e+00 -6.276956796646118164e-01 3.000000000000000000e+00
1.015318965911865057e+01 -4.011734962463378906e+00 -5.721367001533508301e-01 1.800000000000000000e+01
3.362023925781250000e+01 -1.329762172698974965e+01 -6.310790181159973145e-01 7.000000000000000000e+00
2.298009634017943892e+00 -9.130955934524536133e-01 -6.625767350196838379e-01 1.700000000000000000e+01
2.647336483001708984e+00 -1.052967905998229980e+00 -6.577568650245666504e-01 1.400000000000000000e+01
3.122899532318114790e+00 -1.242752671241760032e+00 -6.533300280570983887e-01 1.200000000000000000e+01
3.800557851791381836e+00 -1.513962626457213911e+00 -6.479515433311462402e-01 1.000000000000000000e+01
4.965625762939453125e+00 -1.980079174041748047e+00 -6.563882827758789062e-01 9.000000000000000000e+00
6.693440437316895419e+00 -2.670412063598632812e+00 -6.304846405982971191e-01 3.000000000000000000e+00
1.015325641632080078e+01 -4.054847240447998047e+00 -5.729740262031555176e-01 1.800000000000000000e+01
3.363440704345703125e+01 -1.344599437713623047e+01 -6.322658061981201172e-01 7.000000000000000000e+00
2.298393964767456055e+00 -9.225508570671081543e-01 -6.636120080947875977e-01 2.000000000000000000e+01
2.640028238296508789e+00 -1.060749411582946999e+00 -6.568570733070373535e-01 1.400000000000000000e+01
3.116720914840697798e+00 -1.252913832664489968e+00 -6.529483795166015625e-01 1.200000000000000000e+01
3.797082662582397017e+00 -1.527957201004028098e+00 -6.482644081115722656e-01 9.000000000000000000e+00
4.017497253417968750e+01 -1.617467498779296875e+01 5.317646980285645419e+00 3.200000000000000000e+01
4.949476718902587891e+00 -1.993691921234131081e+00 -6.551696062088012695e-01 1.100000000000000000e+01
4.064147186279296875e+01 -1.637897872924805043e+01 6.940058708190917969e+00 1.500000000000000000e+01
6.691470146179199219e+00 -2.696739196777344194e+00 -6.311818957328796387e-01 3.000000000000000000e+00
1.025202560424805043e+01 -4.135844230651854581e+00 -5.793590545654296875e-01 6.000000000000000000e+00
3.369852066040039062e+01 -1.360824489593506037e+01 -6.343600749969482422e-01 2.200000000000000000e+01
2.291741132736206055e+00 -9.287164211273193359e-01 -6.625767350196838379e-01 1.700000000000000000e+01
2.641913652420043945e+00 -1.071695804595947044e+00 -6.582067608833312988e-01 1.300000000000000000e+01
3.101634263992310014e+00 -1.258812427520751953e+00 -6.506586670875549316e-01 1.200000000000000000e+01
3.799315214157104048e+00 -1.543514490127563032e+00 -6.495159268379211426e-01 1.000000000000000000e+01
4.002916717529296875e+01 -1.627043724060058949e+01 5.305459976196289062e+00 3.200000000000000000e+01
4.937321662902832031e+00 -2.007850646972655806e+00 -6.544383764266967773e-01 9.000000000000000000e+00
6.689872264862061435e+00 -2.721917629241942915e+00 -6.318791508674621582e-01 3.000000000000000000e+00
1.038808250427245916e+01 -4.230840206146240234e+00 -5.878374576568603516e-01 9.000000000000000000e+00
3.367913436889647727e+01 -1.373048782348632990e+01 -6.348487138748168945e-01 2.200000000000000000e+01
2.284909725189208984e+00 -9.352468252182006836e-01 -6.615414619445800781e-01 1.800000000000000000e+01
2.639959812164307085e+00 -1.081650137901305930e+00 -6.586567163467407227e-01 1.300000000000000000e+01
3.106303930282593218e+00 -1.273354768753051980e+00 -6.525667905807495117e-01 1.100000000000000000e+01
3.793904304504394975e+00 -1.556767106056212935e+00 -6.495159268379211426e-01 9.000000000000000000e+00
4.952317714691162109e+00 -2.034123420715332031e+00 -6.573632359504699707e-01 9.000000000000000000e+00
6.678487777709960938e+00 -2.744495630264281782e+00 -6.317048072814941406e-01 4.000000000000000000e+00
1.034369754791259943e+01 -4.254919052124023438e+00 -5.861626863479614258e-01 9.000000000000000000e+00
4.375651168823242188e+01 -1.800833511352539062e+01 1.092407321929931996e+01 1.300000000000000000e+01
3.370126342773438211e+01 -1.387689876556395951e+01 -6.361750960350036621e-01 1.500000000000000000e+01
2.281466484069824219e+00 -9.436151385307312012e-01 -6.615414619445800781e-01 1.700000000000000000e+01
2.639578819274901900e+00 -1.092809677124022993e+00 -6.595565080642700195e-01 1.400000000000000000e+01
3.108871221542357954e+00 -1.287736654281615989e+00 -6.540932655334472656e-01 1.100000000000000000e+01
3.773574829101562944e+00 -1.564609408378601074e+00 -6.470129489898681641e-01 1.000000000000000000e+01
4.939328670501708984e+00 -2.049978017807006836e+00 -6.566320061683654785e-01 8.000000000000000000e+00
6.683104038238525391e+00 -2.775067567825316939e+00 -6.330993175506591797e-01 3.000000000000000000e+00
1.005876636505126953e+01 -4.180882453918457031e+00 -5.708805918693542480e-01 9.000000000000000000e+00
4.356066131591796875e+01 -1.811471557617187855e+01 1.089167976379395064e+01 1.300000000000000000e+01
3.369818115234375000e+01 -1.402029895782471058e+01 -6.370826363563537598e-01 2.300000000000000000e+01
2.285289049148560014e+00 -9.545515179634094238e-01 -6.636120080947875977e-01 1.700000000000000000e+01
2.626758575439453125e+00 -1.098258256912231001e+00 -6.573069691658020020e-01 2.400000000000000000e+01
3.109790802001953125e+00 -1.300853610038757102e+00 -6.552380919456481934e-01 1.200000000000000000e+01
3.782667160034180132e+00 -1.583875656127929910e+00 -6.495159268379211426e-01 1.000000000000000000e+01
4.930312156677246094e+00 -2.066439628601074219e+00 -6.563882827758789062e-01 9.000000000000000000e+00
6.662352561950683594e+00 -2.793756246566772017e+00 -6.320534348487854004e-01 3.000000000000000000e+00
1.002385330200194957e+01 -4.207465648651123047e+00 -5.697292089462280273e-01 5.000000000000000000e+00
4.342169952392578125e+01 -1.823497009277344105e+01 1.087278461456299006e+01 1.300000000000000000e+01
3.372277832031250000e+01 -1.416882514953612926e+01 -6.384788155555725098e-01 2.300000000000000000e+01
2.289063215255736861e+00 -9.655260443687438965e-01 -6.656825542449951172e-01 1.800000000000000000e+01
2.628294706344604048e+00 -1.109694600105286089e+00 -6.586567163467407227e-01 1.400000000000000000e+01
3.094379901885985884e+00 -1.307117223739624023e+00 -6.529483795166015625e-01 1.000000000000000000e+01
3.784393072128295898e+00 -1.600147128105164018e+00 -6.507673859596252441e-01 1.000000000000000000e+01
4.043503570556641336e+01 -1.710538291931151988e+01 5.390768527984619141e+00 3.400000000000000000e+01
4.926724910736083984e+00 -2.085184574127196822e+00 -6.568757891654968262e-01 9.000000000000000000e+00
6.678245067596436435e+00 -2.827871561050415039e+00 -6.344938278198242188e-01 3.000000000000000000e+00
1.021690082550049006e+01 -4.330504894256591797e+00 -5.815571546554565430e-01 9.000000000000000000e+00
4.445576858520507812e+01 -1.885204124450683949e+01 1.114812469482422053e+01 1.400000000000000000e+01
3.371361541748046875e+01 -1.430363655090332031e+01 -6.392467617988586426e-01 1.500000000000000000e+01
2.278569459915161133e+00 -9.704824686050415039e-01 -6.636120080947875977e-01 1.900000000000000000e+01
2.635160923004149947e+00 -1.123447775840759055e+00 -6.613560914993286133e-01 1.300000000000000000e+01
3.093410015106201172e+00 -1.319451212882996050e+00 -6.537116169929504395e-01 1.000000000000000000e+01
3.780601263046265093e+00 -1.614123106002808061e+00 -6.510802507400512695e-01 1.000000000000000000e+01
4.087162399291992188e+01 -1.745852470397948863e+01 5.457065582275390625e+00 3.600000000000000000e+01
4.926717758178710938e+00 -2.105489730834960938e+00 -6.578507423400878906e-01 9.000000000000000000e+00
6.668333530426025391e+00 -2.851165771484375000e+00 -6.344938278198242188e-01 3.000000000000000000e+00
1.004564857482909979e+01 -4.299345493316650391e+00 -5.726600289344787598e-01 6.000000000000000000e+00
4.426787185668945312e+01 -1.895494651794433949e+01 1.111753082275390980e+01 1.400000000000000000e+01
3.370943069458007812e+01 -1.444091796875000000e+01 -6.401193737983703613e-01 2.300000000000000000e+01
2.266294479370117188e+00 -9.746142029762268066e-01 -6.610238552093505859e-01 1.900000000000000000e+01
2.634803295135498047e+00 -1.134180426597594993e+00 -6.622558832168579102e-01 1.400000000000000000e+01
3.085179090499877930e+00 -1.328688025474547896e+00 -6.529483795166015625e-01 1.100000000000000000e+01
3.778571844100952148e+00 -1.628873944282531960e+00 -6.517059803009033203e-01 1.000000000000000000e+01
4.904757022857666016e+00 -2.116382598876953125e+00 -6.559008359909057617e-01 9.000000000000000000e+00
6.667486667633056641e+00 -2.878373622894287109e+00 -6.353653669357299805e-01 3.000000000000000000e+00
4.472732543945313211e+01 -1.933670806884765980e+01 1.124980258941650035e+01 1.400000000000000000e+01
3.371755218505858664e+01 -1.458390045166015980e+01 -6.412363052368164062e-01 2.300000000000000000e+01
2.271738767623900923e+00 -9.863660931587219238e-01 -6.636120080947875977e-01 1.900000000000000000e+01
2.621891975402832031e+00 -1.139486908912658913e+00 -6.600064039230346680e-01 1.300000000000000000e+01
3.094925642013549805e+00 -1.345712065696716087e+00 -6.560013294219970703e-01 1.000000000000000000e+01
3.763806581497191939e+00 -1.638112187385559082e+00 -6.501416563987731934e-01 9.000000000000000000e+00
4.813624382019042969e+00 -2.097020626068114790e+00 -6.446888446807861328e-01 8.000000000000000000e+00
6.668357372283936435e+00 -2.906406164169311968e+00 -6.364112496376037598e-01 3.000000000000000000e+00
9.385651588439941406e+00 -4.094639301300048828e+00 -5.366529226303100586e-01 2.000000000000000000e+00
3.375257110595703125e+01 -1.473912048339843928e+01 -6.428768634796142578e-01 1.500000000000000000e+01
2.270224809646606001e+00 -9.946692585945129395e-01 -6.641296744346618652e-01 1.800000000000000000e+01
2.609175443649291992e+00 -1.144261837005615012e+00 -6.577568650245666504e-01 1.300000000000000000e+01
3.095839738845825195e+00 -1.358334183692931907e+00 -6.571461558341979980e-01 1.100000000000000000e+01
3.763779640197753906e+00 -1.652967333793639915e+00 -6.510802507400512695e-01 1.000000000000000000e+01
4.806643962860107422e+00 -2.112971544265747070e+00 -6.446888446807861328e-01 9.000000000000000000e+00
6.678744316101074219e+00 -2.937326669692993164e+00 -6.383286714553833008e-01 3.000000000000000000e+00
3.377670288085938211e+01 -1.488321971893311080e+01 -6.442730426788330078e-01 8.000000000000000000e+00
2.275572776794434038e+00 -1.006494998931884988e+00 -6.667178869247436523e-01 1.900000000000000000e+01
2.615856885910034180e+00 -1.158095955848694070e+00 -6.604562997817993164e-01 1.300000000000000000e+01
3.082103967666625977e+00 -1.365157008171081987e+00 -6.552380919456481934e-01 1.000000000000000000e+01
3.756181001663208008e+00 -1.665294647216797097e+00 -6.507673859596252441e-01 1.000000000000000000e+01
4.835528373718261719e+00 -2.145840883255004883e+00 -6.495636105537414551e-01 9.000000000000000000e+00
4.253609085083007812e+01 -1.888493919372558949e+01 7.371191978454589844e+00 1.500000000000000000e+01
6.650240421295166016e+00 -2.952537059783935991e+00 -6.365855336189270020e-01 3.000000000000000000e+00
9.372163772583007812e+00 -4.164918422698974609e+00 -5.374902486801147461e-01 2.000000000000000000e+00
3.381590270996093750e+01 -1.504166698455811080e+01 -6.460182666778564453e-01 8.000000000000000000e+00
2.266753435134888139e+00 -1.012069225311279075e+00 -6.651649475097656250e-01 1.700000000000000000e+01
2.615356683731079102e+00 -1.168810129165648970e+00 -6.613560914993286133e-01 1.400000000000000000e+01
3.077320098876953125e+00 -1.375907182693481001e+00 -6.552380919456481934e-01 1.000000000000000000e+01
3.770178794860839844e+00 -1.687272191047668013e+00 -6.542089581489562988e-01 1.000000000000000000e+01
4.585249423980712891e+00 -2.053962945938109907e+00 -6.169025897979736328e-01 1.200000000000000000e+01
6.674438476562500000e+00 -2.991214513778686968e+00 -6.398974657058715820e-01 3.000000000000000000e+00
9.412238121032714844e+00 -4.222131729125976562e+00 -5.406304001808166504e-01 2.000000000000000000e+00
3.382521438598632812e+01 -1.518746376037598012e+01 -6.472050547599792480e-01 8.000000000000000000e+00
2.259684324264525923e+00 -1.018388032913208008e+00 -6.641296744346618652e-01 1.900000000000000000e+01
2.618366479873656782e+00 -1.181137561798095925e+00 -6.631557345390319824e-01 1.400000000000000000e+01
3.070708990097045898e+00 -1.385833144187927024e+00 -6.548564434051513672e-01 1.000000000000000000e+01
3.760665655136107954e+00 -1.698795795440674050e+00 -6.535831689834594727e-01 1.000000000000000000e+01
4.654020786285400391e+00 -2.104305267333983931e+00 -6.271396279335021973e-01 1.000000000000000000e+01
6.660326004028320312e+00 -3.012851953506470171e+00 -6.395488381385803223e-01 3.000000000000000000e+00
9.313748359680175781e+00 -4.217065811157226562e+00 -5.358155369758605957e-01 5.000000000000000000e+00
3.375013732910156250e+01 -1.529553794860840021e+01 -6.467861533164978027e-01 8.000000000000000000e+00
2.254536151885985884e+00 -1.025076270103455034e+00 -6.636120080947875977e-01 1.900000000000000000e+01
2.610887765884398970e+00 -1.188199520111083984e+00 -6.622558832168579102e-01 1.400000000000000000e+01
3.075030326843262163e+00 -1.400075912475585938e+00 -6.567645668983459473e-01 1.000000000000000000e+01
3.742428779602050781e+00 -1.705523133277893066e+00 -6.513931155204772949e-01 9.000000000000000000e+00
4.824012279510498047e+00 -2.200462818145751953e+00 -6.510260105133056641e-01 6.000000000000000000e+00
4.224951934814453125e+01 -1.928093719482421875e+01 7.355548381805419922e+00 1.500000000000000000e+01
6.661173820495604581e+00 -3.039885044097899947e+00 -6.405947208404541016e-01 3.000000000000000000e+00
9.526800155639648438e+00 -4.351657390594482422e+00 -5.488995313644409180e-01 7.000000000000000000e+00
3.360466003417968750e+01 -1.536413669586181996e+01 -6.449711322784423828e-01 8.000000000000000000e+00
2.252700090408325195e+00 -1.033745527267456055e+00 -6.641296744346618652e-01 1.800000000000000000e+01
2.596099138259888139e+00 -1.192425608634948953e+00 -6.595565080642700195e-01 1.300000000000000000e+01
3.077260017395019975e+00 -1.414080262184143066e+00 -6.582910418510437012e-01 1.000000000000000000e+01
3.750809907913208008e+00 -1.725179791450500044e+00 -6.538960933685302734e-01 9.000000000000000000e+00
4.258558654785156250e+01 -1.959618759155273082e+01 5.755888938903808594e+00 4.300000000000000000e+01
4.617951393127441406e+00 -2.125973701477050781e+00 -6.242147684097290039e-01 9.000000000000000000e+00
6.674047946929931641e+00 -3.073953866958618164e+00 -6.428607702255249023e-01 3.000000000000000000e+00
9.439000129699707031e+00 -4.351438999176025391e+00 -5.447126030921936035e-01 7.000000000000000000e+00
3.341283035278320312e+01 -1.541767024993895951e+01 -6.423183679580688477e-01 7.000000000000000000e+00
2.256089925765991211e+00 -1.044849991798401101e+00 -6.662002205848693848e-01 1.800000000000000000e+01
2.595456838607788086e+00 -1.203119635581969993e+00 -6.604562997817993164e-01 1.300000000000000000e+01
3.065181016921997070e+00 -1.421509385108947976e+00 -6.567645668983459473e-01 1.000000000000000000e+01
3.741181612014770952e+00 -1.736598610877990945e+00 -6.532703042030334473e-01 9.000000000000000000e+00
4.257093429565429688e+01 -1.976980209350585938e+01 5.763201236724854404e+00 4.400000000000000000e+01
4.891345024108886719e+00 -2.272562503814696822e+00 -6.622380018234252930e-01 9.000000000000000000e+00
6.674117565155029297e+00 -3.102270841598511186e+00 -6.439066529273986816e-01 3.000000000000000000e+00
9.512486457824707031e+00 -4.425642967224121094e+00 -5.498415827751159668e-01 5.000000000000000000e+00
3.335155868530272727e+01 -1.553083229064941051e+01 -6.421787738800048828e-01 7.000000000000000000e+00
2.254179000854492188e+00 -1.053536891937256081e+00 -6.667178869247436523e-01 1.600000000000000000e+01
2.596536874771118164e+00 -1.214649319648742898e+00 -6.618059873580932617e-01 1.300000000000000000e+01
3.051309585571289062e+00 -1.428039312362670898e+00 -6.548564434051513672e-01 1.000000000000000000e+01
3.735096931457519975e+00 -1.749647259712219016e+00 -6.532703042030334473e-01 9.000000000000000000e+00
4.262749099731445312e+01 -1.997724914550780895e+01 5.780262947082520419e+00 4.400000000000000000e+01
4.897761344909667969e+00 -2.296364068984984907e+00 -6.641879081726074219e-01 9.000000000000000000e+00
6.670463085174561435e+00 -3.128933429718018022e+00 -6.446038484573364258e-01 3.000000000000000000e+00
3.328990173339843750e+01 -1.564375495910645064e+01 -6.420391201972961426e-01 7.000000000000000000e+00
2.239819765090941939e+00 -1.056845545768738015e+00 -6.636120080947875977e-01 1.900000000000000000e+01
2.600878000259398970e+00 -1.228318929672240989e+00 -6.640555262565612793e-01 1.400000000000000000e+01
3.062031030654906782e+00 -1.446761608123779075e+00 -6.582910418510437012e-01 1.000000000000000000e+01
3.735801935195922852e+00 -1.766703248023987038e+00 -6.545218229293823242e-01 9.000000000000000000e+00
4.255398559570313211e+01 -2.013335227966308949e+01 5.780262947082520419e+00 4.400000000000000000e+01
4.860603809356688565e+00 -2.300711393356322798e+00 -6.602880954742431641e-01 9.000000000000000000e+00
6.662551403045654297e+00 -3.155066251754761186e+00 -6.449524760246276855e-01 2.000000000000000000e+00
1.013029861450194957e+01 -4.801555633544921875e+00 -5.875234603881835938e-01 3.000000000000000000e+00
2.244838237762451172e+00 -1.068809866905211958e+00 -6.662002205848693848e-01 1.800000000000000000e+01
2.593056201934814009e+00 -1.235713481903075950e+00 -6.631557345390319824e-01 1.400000000000000000e+01
3.055190086364746094e+00 -1.456596374511718972e+00 -6.579093933105468750e-01 9.000000000000000000e+00
3.729612350463867188e+00 -1.779732942581176980e+00 -6.545218229293823242e-01 9.000000000000000000e+00
4.809553146362304688e+00 -2.297131061553955078e+00 -6.544383764266967773e-01 9.000000000000000000e+00
6.680261135101318359e+00 -3.192047595977783203e+00 -6.477414965629577637e-01 3.000000000000000000e+00
1.003780078887938920e+01 -4.800694942474365234e+00 -5.831272006034851074e-01 6.000000000000000000e+00
3.290294647216796875e+01 -1.575033092498778942e+01 -6.367335915565490723e-01 7.000000000000000000e+00
2.241093635559082031e+00 -1.076639294624329057e+00 -6.662002205848693848e-01 1.700000000000000000e+01
2.581701993942261186e+00 -1.241379499435425027e+00 -6.613560914993286133e-01 1.300000000000000000e+01
3.066009759902954102e+00 -1.474911808967590110e+00 -6.613439917564392090e-01 1.000000000000000000e+01
3.721597433090209961e+00 -1.791883945465087891e+00 -6.542089581489562988e-01 8.000000000000000000e+00
4.874824047088623047e+00 -2.349238872528076172e+00 -6.644316315650939941e-01 8.000000000000000000e+00
6.676256656646729404e+00 -3.218807697296143022e+00 -6.484387516975402832e-01 3.000000000000000000e+00
9.337447166442871094e+00 -4.505858898162841797e+00 -5.433518886566162109e-01 2.000000000000000000e+00
2.240798711776732954e+00 -1.086140871047974077e+00 -6.672354936599731445e-01 1.700000000000000000e+01
2.584366321563721147e+00 -1.253786206245421919e+00 -6.631557345390319824e-01 1.400000000000000000e+01
3.048479080200194868e+00 -1.479604482650757058e+00 -6.586726307868957520e-01 1.000000000000000000e+01
3.718873500823975053e+00 -1.806590080261230025e+00 -6.548346877098083496e-01 8.000000000000000000e+00
4.880876064300537109e+00 -2.373185157775878906e+00 -6.663815975189208984e-01 9.000000000000000000e+00
6.666771888732910156e+00 -3.242964267730712891e+00 -6.486130356788635254e-01 3.000000000000000000e+00
9.497644424438476562e+00 -4.624105453491210938e+00 -5.536097288131713867e-01 1.300000000000000000e+01
2.235449075698852983e+00 -1.092717170715332031e+00 -6.667178869247436523e-01 1.600000000000000000e+01
2.581944704055786133e+00 -1.263205766677856001e+00 -6.636056303977966309e-01 1.300000000000000000e+01
3.043555736541748047e+00 -1.489705443382262962e+00 -6.586726307868957520e-01 9.000000000000000000e+00
3.734149456024169922e+00 -1.829340934753417969e+00 -6.585891246795654297e-01 8.000000000000000000e+00
4.878326416015625000e+00 -2.391979455947875977e+00 -6.671127676963806152e-01 9.000000000000000000e+00
6.657770156860351562e+00 -3.265931606292725053e+00 -6.487873196601867676e-01 3.000000000000000000e+00
9.380066871643066406e+00 -4.605401992797851562e+00 -5.476434230804443359e-01 7.000000000000000000e+00
2.233353853225708008e+00 -1.101368188858032005e+00 -6.672354936599731445e-01 1.800000000000000000e+01
2.582762002944945845e+00 -1.274798274040221946e+00 -6.649553179740905762e-01 1.400000000000000000e+01
3.041857957839965820e+00 -1.502058863639831987e+00 -6.594358682632446289e-01 9.000000000000000000e+00
3.711802959442139116e+00 -1.834487318992614968e+00 -6.557732820510864258e-01 9.000000000000000000e+00
4.873506069183349609e+00 -2.410753726959228960e+00 -6.676002740859985352e-01 9.000000000000000000e+00
6.653471946716308594e+00 -3.292686462402344194e+00 -6.494845747947692871e-01 3.000000000000000000e+00
9.349616050720214844e+00 -4.631024360656738281e+00 -5.468060970306396484e-01 1.800000000000000000e+01
2.229301929473876953e+00 -1.109546422958374023e+00 -6.672354936599731445e-01 1.700000000000000000e+01
2.576328039169311968e+00 -1.283387064933777078e+00 -6.645054221153259277e-01 1.200000000000000000e+01
3.043360710144042969e+00 -1.516700506210326926e+00 -6.609623432159423828e-01 1.000000000000000000e+01
3.705054283142089844e+00 -1.848079442977905051e+00 -6.557732820510864258e-01 9.000000000000000000e+00
4.896606445312500000e+00 -2.444560050964355025e+00 -6.719875335693359375e-01 1.000000000000000000e+01
6.657401084899902344e+00 -3.325062751770019975e+00 -6.510533690452575684e-01 3.000000000000000000e+00
9.350444793701171875e+00 -4.674191951751708984e+00 -5.478528141975402832e-01 1.800000000000000000e+01
2.225415468215941939e+00 -1.117321372032165971e+00 -6.672354936599731445e-01 1.800000000000000000e+01
2.570091247558594194e+00 -1.291497349739074929e+00 -6.640555262565612793e-01 1.300000000000000000e+01
3.052080392837523970e+00 -1.534369111061095969e+00 -6.640152931213378906e-01 1.000000000000000000e+01
3.705639123916625977e+00 -1.864552736282349077e+00 -6.570247411727905273e-01 9.000000000000000000e+00
4.872087001800537109e+00 -2.453601598739624023e+00 -6.697939038276672363e-01 9.000000000000000000e+00
6.658208847045898438e+00 -3.354556322097777876e+00 -6.522735953330993652e-01 2.000000000000000000e+00
9.412539482116699219e+00 -4.746370792388916016e+00 -5.524583458900451660e-01 8.000000000000000000e+00
2.226868629455565962e+00 -1.127312541007996050e+00 -6.687884330749511719e-01 1.600000000000000000e+01
2.572747707366942915e+00 -1.303536057472229004e+00 -6.658551096916198730e-01 1.400000000000000000e+01
3.034717559814453125e+00 -1.538268327713012917e+00 -6.613439917564392090e-01 1.000000000000000000e+01
3.695912361145019975e+00 -1.875043392181396040e+00 -6.563990116119384766e-01 9.000000000000000000e+00
4.874543666839599609e+00 -2.475136995315552202e+00 -6.712563633918762207e-01 1.000000000000000000e+01
6.643495559692382812e+00 -3.374812602996826172e+00 -6.519249677658081055e-01 3.000000000000000000e+00
9.400308609008789062e+00 -4.779367923736572266e+00 -5.526676774024963379e-01 1.600000000000000000e+01
2.217758655548096147e+00 -1.132443308830261008e+00 -6.672354936599731445e-01 1.700000000000000000e+01
2.569917201995850053e+00 -1.313395500183105025e+00 -6.663050055503845215e-01 1.200000000000000000e+01
3.020589351654053178e+00 -1.544383406639098899e+00 -6.594358682632446289e-01 9.000000000000000000e+00
3.692861795425415039e+00 -1.889732837677001953e+00 -6.570247411727905273e-01 9.000000000000000000e+00
4.864107131958007812e+00 -2.491232395172119141e+00 -6.710125803947448730e-01 1.000000000000000000e+01
6.645860195159912109e+00 -3.405250549316405806e+00 -6.533194184303283691e-01 2.000000000000000000e+00
9.467096328735351562e+00 -4.854987621307373047e+00 -5.575872659683227539e-01 5.000000000000000000e+00
2.210357189178466797e+00 -1.138408780097960982e+00 -6.662002205848693848e-01 1.600000000000000000e+01
2.568781137466431108e+00 -1.324144005775452104e+00 -6.672048568725585938e-01 1.300000000000000000e+01
3.032629013061522993e+00 -1.563916206359863059e+00 -6.632520556449890137e-01 1.000000000000000000e+01
3.693264245986938032e+00 -1.906235814094543013e+00 -6.582762002944946289e-01 9.000000000000000000e+00
4.837744712829589844e+00 -2.499085187911986861e+00 -6.685752272605895996e-01 9.000000000000000000e+00
6.637473106384277344e+00 -3.430257797241210938e+00 -6.536680459976196289e-01 2.000000000000000000e+00
9.552983283996582031e+00 -4.941224575042724609e+00 -5.636582374572753906e-01 1.400000000000000000e+01
2.209798574447631836e+00 -1.147898435592650923e+00 -6.672354936599731445e-01 1.700000000000000000e+01
2.565872430801392046e+00 -1.334001541137695090e+00 -6.676547527313232422e-01 1.300000000000000000e+01
3.030634880065917969e+00 -1.576304316520690918e+00 -6.640152931213378906e-01 9.000000000000000000e+00
3.684835672378540039e+00 -1.918204069137573020e+00 -6.579633355140686035e-01 9.000000000000000000e+00
4.779698848724365234e+00 -2.490274667739868164e+00 -6.617505550384521484e-01 9.000000000000000000e+00
6.650193691253662109e+00 -3.466298580169678178e+00 -6.561084389686584473e-01 3.000000000000000000e+00
9.588800430297851562e+00 -5.002254009246826172e+00 -5.667983889579772949e-01 1.100000000000000000e+01
2.212623119354248047e+00 -1.159191131591797097e+00 -6.693060398101806641e-01 1.600000000000000000e+01
2.538763761520386186e+00 -1.331185579299926980e+00 -6.618059873580932617e-01 1.200000000000000000e+01
3.019898414611815962e+00 -1.584137678146362083e+00 -6.628704667091369629e-01 1.000000000000000000e+01
3.674619436264038086e+00 -1.929218292236327903e+00 -6.573376059532165527e-01 9.000000000000000000e+00
4.814908504486083984e+00 -2.530027866363524947e+00 -6.678439974784851074e-01 8.000000000000000000e+00
6.645108222961425781e+00 -3.493199348449707031e+00 -6.568056941032409668e-01 2.000000000000000000e+00
9.482903480529785156e+00 -4.989196777343750000e+00 -5.615648031234741211e-01 5.000000000000000000e+00
2.211979627609252930e+00 -1.168712496757507102e+00 -6.703413128852844238e-01 1.500000000000000000e+01
2.547883272171020952e+00 -1.347327232360840066e+00 -6.654052138328552246e-01 1.300000000000000000e+01
3.026498079299927202e+00 -1.601095795631408913e+00 -6.655417680740356445e-01 1.100000000000000000e+01
3.687066316604613814e+00 -1.952201128005981001e+00 -6.607791781425476074e-01 1.000000000000000000e+01
4.763950824737548828e+00 -2.524511575698852983e+00 -6.619942784309387207e-01 6.000000000000000000e+00
6.636394500732421875e+00 -3.518240213394165039e+00 -6.571543216705322266e-01 3.000000000000000000e+00
9.394858360290527344e+00 -4.984823226928710938e+00 -5.573779344558715820e-01 1.900000000000000000e+01
2.209591388702393022e+00 -1.177335143089293990e+00 -6.708589792251586914e-01 1.600000000000000000e+01
2.553481817245482954e+00 -1.361714601516724077e+00 -6.681046485900878906e-01 1.300000000000000000e+01
3.007033348083496094e+00 -1.604257702827454057e+00 -6.624888181686401367e-01 1.000000000000000000e+01
3.680229425430297852e+00 -1.965059518814086914e+00 -6.607791781425476074e-01 1.000000000000000000e+01
4.819888591766357422e+00 -2.575743198394774947e+00 -6.710125803947448730e-01 8.000000000000000000e+00
6.655700206756591797e+00 -3.558292627334595171e+00 -6.602919101715087891e-01 3.000000000000000000e+00
9.317526817321777344e+00 -4.985549926757813388e+00 -5.538190603256225586e-01 1.300000000000000000e+01
6.511904907226562500e+01 -3.487264251708983664e+01 -1.289383769035338911e+00 3.800000000000000000e+01
2.196959495544434038e+00 -1.180468916893004927e+00 -6.682707667350769043e-01 1.800000000000000000e+01
2.555578231811522993e+00 -1.374311566352844016e+00 -6.699042320251464844e-01 1.300000000000000000e+01
3.003144025802611861e+00 -1.615674495697021040e+00 -6.628704667091369629e-01 1.000000000000000000e+01
3.678565502166748047e+00 -1.980703353881835938e+00 -6.617177724838256836e-01 1.100000000000000000e+01
4.824848175048828125e+00 -2.600085973739624023e+00 -6.729624867439270020e-01 8.000000000000000000e+00
6.629208564758300781e+00 -3.573939800262451172e+00 -6.588973999023437500e-01 3.000000000000000000e+00
9.254365921020507812e+00 -4.993385314941406250e+00 -5.510976314544677734e-01 8.000000000000000000e+00
2.192825555801392046e+00 -1.188130617141724077e+00 -6.682707667350769043e-01 1.700000000000000000e+01
2.542200088500977007e+00 -1.378579020500183105e+00 -6.676547527313232422e-01 1.400000000000000000e+01
3.000937461853026900e+00 -1.628019928932189941e+00 -6.636337041854858398e-01 1.000000000000000000e+01
3.662949085235596147e+00 -1.988819122314452903e+00 -6.601534485816955566e-01 1.000000000000000000e+01
4.808765888214111328e+00 -2.613120555877685991e+00 -6.719875335693359375e-01 8.000000000000000000e+00
6.630696773529052734e+00 -3.604671001434326172e+00 -6.602919101715087891e-01 2.000000000000000000e+00
9.210563659667968750e+00 -5.011340141296386719e+00 -5.495275259017944336e-01 1.000000000000000000e+01
2.198836803436278853e+00 -1.201335191726685014e+00 -6.713765859603881836e-01 1.700000000000000000e+01
2.533952713012694868e+00 -1.385574698448180930e+00 -6.667549014091491699e-01 1.400000000000000000e+01
3.015904903411864790e+00 -1.649791717529297097e+00 -6.682131290435791016e-01 1.000000000000000000e+01
3.659449815750122070e+00 -2.003490209579468218e+00 -6.607791781425476074e-01 1.000000000000000000e+01
4.799614906311035156e+00 -2.629890441894530806e+00 -6.719875335693359375e-01 1.000000000000000000e+01
6.625061988830566406e+00 -3.631625413894652876e+00 -6.609891653060913086e-01 2.000000000000000000e+00
9.087951660156250000e+00 -4.985821247100830078e+00 -5.432472229003906250e-01 7.000000000000000000e+00
2.191245794296265093e+00 -1.207138895988463911e+00 -6.703413128852844238e-01 1.500000000000000000e+01
2.527394294738769975e+00 -1.393470525741576926e+00 -6.663050055503845215e-01 1.300000000000000000e+01
2.996375083923339844e+00 -1.652723431587219016e+00 -6.651601791381835938e-01 1.000000000000000000e+01
3.659351587295531782e+00 -2.020070552825928178e+00 -6.620306372642517090e-01 1.000000000000000000e+01
4.752179622650145596e+00 -2.625509023666381836e+00 -6.666253209114074707e-01 9.000000000000000000e+00
6.631526470184326172e+00 -3.665330886840819868e+00 -6.629065871238708496e-01 3.000000000000000000e+00
9.070492744445800781e+00 -5.017513751983642578e+00 -5.432472229003906250e-01 7.000000000000000000e+00
2.187018632888793945e+00 -1.214780449867248979e+00 -6.703413128852844238e-01 1.700000000000000000e+01
2.534437417984008789e+00 -1.408912181854248047e+00 -6.694543361663818359e-01 1.300000000000000000e+01
2.980293035507202148e+00 -1.657447457313538042e+00 -6.628704667091369629e-01 1.000000000000000000e+01
3.672990322113037109e+00 -2.044360160827637163e+00 -6.657850742340087891e-01 1.000000000000000000e+01
4.656277179718017578e+00 -2.593779802322388139e+00 -6.544383764266967773e-01 1.100000000000000000e+01
6.644797325134277344e+00 -3.703005075454711914e+00 -6.655212640762329102e-01 3.000000000000000000e+00
9.326778411865234375e+00 -5.201884269714354581e+00 -5.596807003021240234e-01 2.000000000000000000e+00
4.950161743164063211e+01 -2.763151359558105113e+01 -9.895514249801635742e-01 1.500000000000000000e+01
2.177495479583739790e+00 -1.219955444335937944e+00 -6.687884330749511719e-01 1.600000000000000000e+01
2.530956268310546875e+00 -1.419144988059998003e+00 -6.699042320251464844e-01 1.300000000000000000e+01
2.987896203994750977e+00 -1.676043510437011941e+00 -6.659234166145324707e-01 1.000000000000000000e+01
3.658582687377930132e+00 -2.053940534591674805e+00 -6.645336151123046875e-01 1.000000000000000000e+01
4.773075103759765625e+00 -2.681812047958374023e+00 -6.722313165664672852e-01 1.000000000000000000e+01
6.624233245849609375e+00 -3.723429679870605025e+00 -6.648240089416503906e-01 2.000000000000000000e+00
9.272835731506347656e+00 -5.216448783874511719e+00 -5.575872659683227539e-01 5.000000000000000000e+00
2.176588058471680132e+00 -1.229449033737183061e+00 -6.698237061500549316e-01 1.600000000000000000e+01
2.524290800094604048e+00 -1.427011966705322044e+00 -6.694543361663818359e-01 1.100000000000000000e+01
2.988863229751586914e+00 -1.690328836441040039e+00 -6.674498915672302246e-01 1.000000000000000000e+01
3.630761384963988814e+00 -2.055022716522216797e+00 -6.607791781425476074e-01 1.000000000000000000e+01
4.799956321716308594e+00 -2.719003438949584961e+00 -6.773498058319091797e-01 1.000000000000000000e+01
6.614662647247313565e+00 -3.748494386672974077e+00 -6.651726365089416504e-01 2.000000000000000000e+00
9.456096649169921875e+00 -5.363081932067871094e+00 -5.697292089462280273e-01 8.000000000000000000e+00
2.174177885055541992e+00 -1.237615823745727983e+00 -6.703413128852844238e-01 1.600000000000000000e+01
2.511078596115111861e+00 -1.430551886558532937e+00 -6.672048568725585938e-01 1.500000000000000000e+01
2.983241319656372070e+00 -1.700230956077575906e+00 -6.674498915672302246e-01 1.000000000000000000e+01
3.634222030639647993e+00 -2.072923660278319868e+00 -6.626563668251037598e-01 1.000000000000000000e+01
4.639204025268554688e+00 -2.648302078247069868e+00 -6.559008359909057617e-01 9.000000000000000000e+00
6.628147602081298828e+00 -3.785229682922362837e+00 -6.677873134613037109e-01 3.000000000000000000e+00
9.438260078430175781e+00 -5.394409656524658203e+00 -5.697292089462280273e-01 5.000000000000000000e+00
2.174871206283568892e+00 -1.248082160949707031e+00 -6.718942523002624512e-01 1.600000000000000000e+01
2.507759571075439009e+00 -1.440279006958008035e+00 -6.676547527313232422e-01 1.200000000000000000e+01
2.978990554809569868e+00 -1.711612105369568093e+00 -6.678314805030822754e-01 9.000000000000000000e+00
3.635526418685913086e+00 -2.090520381927489790e+00 -6.642207503318786621e-01 1.100000000000000000e+01
4.750368118286132812e+00 -2.733789920806885210e+00 -6.729624867439270020e-01 7.000000000000000000e+00
6.606260776519775391e+00 -3.803372621536254883e+00 -6.669157147407531738e-01 3.000000000000000000e+00
9.440138816833496094e+00 -5.439288139343261719e+00 -5.709852576255798340e-01 3.000000000000000000e+00
2.170501470565795898e+00 -1.255666375160217063e+00 -6.718942523002624512e-01 1.600000000000000000e+01
2.517894983291625977e+00 -1.457811832427978960e+00 -6.717038750648498535e-01 1.300000000000000000e+01
2.964503526687622070e+00 -1.717080354690551980e+00 -6.659234166145324707e-01 1.000000000000000000e+01
3.633333921432495117e+00 -2.106169939041138139e+00 -6.651593446731567383e-01 1.000000000000000000e+01
4.624036788940429688e+00 -2.682617187500000000e+00 -6.563882827758789062e-01 8.000000000000000000e+00
6.617069244384765625e+00 -3.840411186218262163e+00 -6.693561077117919922e-01 3.000000000000000000e+00
9.403823852539062500e+00 -5.462175846099854404e+00 -5.699385404586791992e-01 3.000000000000000000e+00
2.154423475265502930e+00 -1.256422638893126997e+00 -6.682707667350769043e-01 1.800000000000000000e+01
2.511107921600341797e+00 -1.465609669685363992e+00 -6.712539196014404297e-01 1.200000000000000000e+01
2.970359563827515093e+00 -1.734347343444823997e+00 -6.685947179794311523e-01 1.100000000000000000e+01
3.622548818588256836e+00 -2.116846561431885210e+00 -6.645336151123046875e-01 1.000000000000000000e+01
4.580372810363770419e+00 -2.678699254989624023e+00 -6.515135169029235840e-01 1.100000000000000000e+01
6.613941669464111328e+00 -3.869522333145142046e+00 -6.704019904136657715e-01 2.000000000000000000e+00
9.401935577392578125e+00 -5.505059719085693359e+00 -5.709852576255798340e-01 3.000000000000000000e+00
2.160017013549805132e+00 -1.269809484481811968e+00 -6.713765859603881836e-01 1.700000000000000000e+01
2.509335756301879883e+00 -1.476342558860779031e+00 -6.721537709236145020e-01 1.200000000000000000e+01
2.964287519454956055e+00 -1.744705319404602051e+00 -6.685947179794311523e-01 1.100000000000000000e+01
3.615137577056885210e+00 -2.129478693008422852e+00 -6.645336151123046875e-01 1.000000000000000000e+01
4.562444210052490234e+00 -2.689630746841431108e+00 -6.502948403358459473e-01 1.300000000000000000e+01
6.590096950531005859e+00 -3.886512994766234907e+00 -6.693561077117919922e-01 3.000000000000000000e+00
2.157233238220214844e+00 -1.278326511383057085e+00 -6.718942523002624512e-01 1.500000000000000000e+01
2.494110107421875000e+00 -1.479128479957581010e+00 -6.694543361663818359e-01 1.200000000000000000e+01
2.961556196212768999e+00 -1.757045507431030051e+00 -6.693579554557800293e-01 1.200000000000000000e+01
3.614476442337036133e+00 -2.146119117736815962e+00 -6.657850742340087891e-01 1.000000000000000000e+01
4.549614906311035156e+00 -2.703512191772460938e+00 -6.498073339462280273e-01 1.700000000000000000e+01
6.590191364288330078e+00 -3.917637825012207031e+00 -6.707506179809570312e-01 2.000000000000000000e+00
2.157733440399169922e+00 -1.288820743560791016e+00 -6.734471321105957031e-01 1.500000000000000000e+01
2.488931894302368164e+00 -1.487825512886046919e+00 -6.694543361663818359e-01 1.200000000000000000e+01
2.945295333862305132e+00 -1.761326789855957031e+00 -6.670682430267333984e-01 9.000000000000000000e+00
3.600183010101317915e+00 -2.154664993286132812e+00 -6.645336151123046875e-01 1.000000000000000000e+01
4.540150165557861328e+00 -2.719376802444458008e+00 -6.498073339462280273e-01 1.400000000000000000e+01
6.581603527069091797e+00 -3.943690299987792969e+00 -6.712735295295715332e-01 3.000000000000000000e+00
2.148256301879882812e+00 -1.293355584144592063e+00 -6.718942523002624512e-01 1.600000000000000000e+01
2.492069005966186968e+00 -1.501533031463623047e+00 -6.717038750648498535e-01 1.300000000000000000e+01
2.934084892272949219e+00 -1.768556594848633035e+00 -6.659234166145324707e-01 1.000000000000000000e+01
3.609554290771483931e+00 -2.177422285079956055e+00 -6.676623225212097168e-01 1.000000000000000000e+01
4.566318035125732422e+00 -2.756753444671630859e+00 -6.549258232116699219e-01 1.100000000000000000e+01
6.600201129913330078e+00 -3.986210823059082031e+00 -6.745854616165161133e-01 1.000000000000000000e+00
2.140425443649291992e+00 -1.298842072486876997e+00 -6.708589792251586914e-01 1.600000000000000000e+01
2.488478183746337891e+00 -1.511234402656554954e+00 -6.721537709236145020e-01 1.200000000000000000e+01
2.949705839157104048e+00 -1.792039394378662109e+00 -6.708844304084777832e-01 1.100000000000000000e+01
3.601931810379027876e+00 -2.190008878707886186e+00 -6.676623225212097168e-01 1.000000000000000000e+01
4.663503646850585938e+00 -2.837684869766234907e+00 -6.702814102172851562e-01 9.000000000000000000e+00
6.569227695465087891e+00 -3.998865842819213867e+00 -6.728423237800598145e-01 1.000000000000000000e+00
2.134230613708496094e+00 -1.305297732353210005e+00 -6.703413128852844238e-01 1.600000000000000000e+01
2.488174200057982954e+00 -1.522963643074036089e+00 -6.735034584999084473e-01 1.300000000000000000e+01
2.938409566879272017e+00 -1.799249172210692915e+00 -6.697395443916320801e-01 1.200000000000000000e+01
3.601002454757689986e+00 -2.206696987152100053e+00 -6.689137816429138184e-01 1.000000000000000000e+01
4.589266300201416016e+00 -2.814509868621826172e+00 -6.610193252563476562e-01 9.000000000000000000e+00
6.558625698089599609e+00 -4.023856163024902344e+00 -6.731909513473510742e-01 1.000000000000000000e+00
8.811419486999511719e+00 -5.410227298736572266e+00 -5.418865084648132324e-01 2.000000000000000000e+00
2.139528512954711914e+00 -1.318821787834167036e+00 -6.734471321105957031e-01 1.700000000000000000e+01
2.472891569137572798e+00 -1.525500893592834029e+00 -6.708040237426757812e-01 1.500000000000000000e+01
2.930440425872803178e+00 -1.808464169502258079e+00 -6.693579554557800293e-01 1.100000000000000000e+01
3.584874391555786133e+00 -2.214063405990601030e+00 -6.673493981361389160e-01 9.000000000000000000e+00
4.613185405731201172e+00 -2.851386308670043945e+00 -6.658940911293029785e-01 9.000000000000000000e+00
6.569958686828613281e+00 -4.062443256378173828e+00 -6.758056282997131348e-01 2.000000000000000000e+00
8.707561492919921875e+00 -5.388402938842773438e+00 -5.366529226303100586e-01 2.000000000000000000e+00
4.547708511352539062e+01 -2.816403388977051137e+01 -9.337037205696105957e-01 1.400000000000000000e+01
2.141475677490233931e+00 -1.330359816551208052e+00 -6.755176782608032227e-01 1.500000000000000000e+01
2.480791330337523970e+00 -1.542354941368103027e+00 -6.744032502174377441e-01 1.200000000000000000e+01
2.927444219589232954e+00 -1.820755958557128906e+00 -6.701211929321289062e-01 1.100000000000000000e+01
3.577123880386352983e+00 -2.226563453674315962e+00 -6.673493981361389160e-01 1.000000000000000000e+01
4.594779491424561435e+00 -2.862223863601685014e+00 -6.646754145622253418e-01 1.100000000000000000e+01
6.564192771911621094e+00 -4.090620517730712891e+00 -6.766771674156188965e-01 2.000000000000000000e+00
2.134010314941405806e+00 -1.335031747817992942e+00 -6.744824051856994629e-01 1.600000000000000000e+01
2.472630262374877930e+00 -1.548072695732116921e+00 -6.735034584999084473e-01 1.200000000000000000e+01
2.921709537506103960e+00 -1.829943895339966042e+00 -6.701211929321289062e-01 1.100000000000000000e+01
3.586848735809326172e+00 -2.248281717300415039e+00 -6.704781055450439453e-01 9.000000000000000000e+00
4.540360927581787109e+00 -2.848163127899169922e+00 -6.580944657325744629e-01 1.300000000000000000e+01
6.556372165679931641e+00 -4.114399433135986328e+00 -6.772001385688781738e-01 2.000000000000000000e+00
2.121166229248046875e+00 -1.337321281433105025e+00 -6.718942523002624512e-01 1.500000000000000000e+01
2.472155570983887163e+00 -1.559813976287842019e+00 -6.748531460762023926e-01 1.100000000000000000e+01
2.915304183959960938e+00 -1.840131402015686035e+00 -6.701211929321289062e-01 1.200000000000000000e+01
3.580649137496947798e+00 -2.261843442916870117e+00 -6.707909703254699707e-01 1.000000000000000000e+01
4.533747196197509766e+00 -2.866116046905518022e+00 -6.585819125175476074e-01 1.400000000000000000e+01
6.557125568389892578e+00 -4.146844863891601562e+00 -6.787689328193664551e-01 2.000000000000000000e+00
4.518965911865233664e+01 -2.862294387817383168e+01 -9.337037205696105957e-01 1.400000000000000000e+01
2.121376991271973100e+00 -1.347825288772583008e+00 -6.734471321105957031e-01 1.500000000000000000e+01
2.466695785522460938e+00 -1.568434000015259011e+00 -6.748531460762023926e-01 1.100000000000000000e+01
2.912176132202147993e+00 -1.852403879165648970e+00 -6.708844304084777832e-01 1.200000000000000000e+01
3.559400796890258789e+00 -2.265842199325561968e+00 -6.682880520820617676e-01 1.000000000000000000e+01
4.537108898162841797e+00 -2.890457153320312944e+00 -6.605318188667297363e-01 1.600000000000000000e+01
6.525808811187744141e+00 -4.158999919891357422e+00 -6.770257949829101562e-01 1.000000000000000000e+00
2.116659164428710938e+00 -1.355222105979918990e+00 -6.734471321105957031e-01 1.500000000000000000e+01
2.456283569335937944e+00 -1.573880672454833984e+00 -6.735034584999084473e-01 1.200000000000000000e+01
2.918915033340454102e+00 -1.871033787727355957e+00 -6.739373803138732910e-01 1.100000000000000000e+01
3.554795265197753906e+00 -2.280386209487915039e+00 -6.689137816429138184e-01 1.000000000000000000e+01
4.537014484405517578e+00 -2.912711381912231001e+00 -6.619942784309387207e-01 2.100000000000000000e+01
6.521309852600097656e+00 -4.188213825225830078e+00 -6.780716776847839355e-01 0.000000000000000000e+00
2.118408918380736861e+00 -1.366791725158690962e+00 -6.755176782608032227e-01 1.600000000000000000e+01
2.452411890029906782e+00 -1.583502173423767090e+00 -6.739533543586730957e-01 1.200000000000000000e+01
2.899173021316527876e+00 -1.872689366340636985e+00 -6.708844304084777832e-01 1.100000000000000000e+01
3.553449392318726030e+00 -2.297070264816284180e+00 -6.701652407646179199e-01 1.000000000000000000e+01
4.538486480712890625e+00 -2.936078548431396040e+00 -6.637004613876342773e-01 4.200000000000000000e+01
6.540103912353515625e+00 -4.232602119445800781e+00 -6.815578937530517578e-01 3.000000000000000000e+00
2.110385656356811968e+00 -1.372071981430053933e+00 -6.744824051856994629e-01 1.500000000000000000e+01
2.456670045852661133e+00 -1.598429799079895020e+00 -6.766527891159057617e-01 1.100000000000000000e+01
2.895909309387207031e+00 -1.884939908981323020e+00 -6.716476678848266602e-01 1.100000000000000000e+01
3.558650970458983931e+00 -2.318085670471190962e+00 -6.726682186126708984e-01 1.000000000000000000e+01
4.518232345581054688e+00 -2.945398569107056108e+00 -6.622380018234252930e-01 1.900000000000000000e+01
6.525289535522460938e+00 -4.255405902862548828e+00 -6.815578937530517578e-01 2.000000000000000000e+00
1.325511741638183949e+01 -8.650794982910156250e+00 -8.295249342918395996e-01 4.000000000000000000e+00
2.102351427078247070e+00 -1.377313017845154031e+00 -6.734471321105957031e-01 1.600000000000000000e+01
2.457594156265258789e+00 -1.611269354820251021e+00 -6.784523725509643555e-01 1.200000000000000000e+01
2.904086828231811968e+00 -1.904727578163146973e+00 -6.750822067260742188e-01 1.200000000000000000e+01
3.548886299133300781e+00 -2.329409599304199219e+00 -6.723553538322448730e-01 9.000000000000000000e+00
4.524515151977539062e+00 -2.972050905227661133e+00 -6.646754145622253418e-01 1.700000000000000000e+01
6.493744850158691406e+00 -4.267215728759765625e+00 -6.798148155212402344e-01 3.000000000000000000e+00
2.103980064392089844e+00 -1.388900279998779075e+00 -6.755176782608032227e-01 1.500000000000000000e+01
2.445451021194458008e+00 -1.615541458129883035e+00 -6.766527891159057617e-01 1.100000000000000000e+01
2.885955333709716797e+00 -1.907276034355164018e+00 -6.724109053611755371e-01 1.100000000000000000e+01
3.517666816711425781e+00 -2.326527357101439986e+00 -6.679751873016357422e-01 9.000000000000000000e+00
4.517423629760742188e+00 -2.990017652511597124e+00 -6.651628613471984863e-01 1.700000000000000000e+01
6.493761062622070312e+00 -4.299756526947020596e+00 -6.813836097717285156e-01 3.000000000000000000e+00
2.097510576248168945e+00 -1.395166277885437012e+00 -6.750000715255737305e-01 1.900000000000000000e+01
2.433307886123656782e+00 -1.619748592376708984e+00 -6.748531460762023926e-01 1.200000000000000000e+01
2.892352819442749023e+00 -1.926043510437011941e+00 -6.754638552665710449e-01 1.100000000000000000e+01
3.534181356430054155e+00 -2.355223894119263139e+00 -6.726682186126708984e-01 1.000000000000000000e+01
4.503655910491943359e+00 -3.003565311431885210e+00 -6.646754145622253418e-01 2.400000000000000000e+01
6.468768119812011719e+00 -4.315763473510742188e+00 -6.803377270698547363e-01 3.000000000000000000e+00
2.102256298065185991e+00 -1.408932566642761008e+00 -6.781058907508850098e-01 2.500000000000000000e+01
2.427639245986938032e+00 -1.628232479095458984e+00 -6.748531460762023926e-01 1.100000000000000000e+01
2.879090785980225053e+00 -1.931752562522887962e+00 -6.739373803138732910e-01 1.100000000000000000e+01
3.532498359680175781e+00 -2.371950864791870117e+00 -6.739196777343750000e-01 1.000000000000000000e+01
4.504677772521972656e+00 -3.027017831802368164e+00 -6.663815975189208984e-01 3.200000000000000000e+01
6.445396423339843750e+00 -4.332759857177734375e+00 -6.794661879539489746e-01 3.000000000000000000e+00
2.097078084945679155e+00 -1.416628241539001021e+00 -6.781058907508850098e-01 2.400000000000000000e+01
2.428112983703612837e+00 -1.641484975814818892e+00 -6.766527891159057617e-01 1.100000000000000000e+01
2.868738889694213867e+00 -1.940092325210571067e+00 -6.731741428375244141e-01 1.100000000000000000e+01
3.530324697494506836e+00 -2.389311075210570845e+00 -6.751711368560791016e-01 1.000000000000000000e+01
4.508345127105712891e+00 -3.053526878356934038e+00 -6.685752272605895996e-01 2.200000000000000000e+01
6.416277408599854404e+00 -4.347413539886474609e+00 -6.780716776847839355e-01 5.000000000000000000e+00
2.082538127899169922e+00 -1.417417883872986062e+00 -6.750000715255737305e-01 2.400000000000000000e+01
2.425589561462401900e+00 -1.652144789695739968e+00 -6.775525808334350586e-01 1.100000000000000000e+01
2.861949205398560014e+00 -1.950094342231750044e+00 -6.731741428375244141e-01 1.100000000000000000e+01
3.512170553207397017e+00 -2.394942283630371094e+00 -6.732939481735229492e-01 1.000000000000000000e+01
4.507497310638427734e+00 -3.075958967208861861e+00 -6.700376272201538086e-01 2.100000000000000000e+01
6.369798183441162109e+00 -4.348440647125244141e+00 -6.747597455978393555e-01 4.000000000000000000e+00
2.077826499938964844e+00 -1.424316048622130904e+00 -6.750000715255737305e-01 2.500000000000000000e+01
2.416883468627930132e+00 -1.657974481582642046e+00 -6.766527891159057617e-01 1.100000000000000000e+01
2.857085466384888139e+00 -1.960685014724731001e+00 -6.735557317733764648e-01 1.100000000000000000e+01
3.494439363479613814e+00 -2.399866104125977007e+00 -6.714166998863220215e-01 1.000000000000000000e+01
4.521811485290527344e+00 -3.107754945755004883e+00 -6.736937165260314941e-01 2.400000000000000000e+01
6.317582130432128906e+00 -4.343577384948729581e+00 -6.707506179809570312e-01 6.000000000000000000e+00
2.079200506210327148e+00 -1.435951590538024902e+00 -6.770706176757812500e-01 2.400000000000000000e+01
2.411081314086914062e+00 -1.666400909423827903e+00 -6.766527891159057617e-01 1.100000000000000000e+01
2.861527919769287109e+00 -1.978461742401123047e+00 -6.762270927429199219e-01 1.100000000000000000e+01
3.502285242080688032e+00 -2.423289060592650923e+00 -6.745454072952270508e-01 1.000000000000000000e+01
4.522360324859619141e+00 -3.131430625915526900e+00 -6.753998994827270508e-01 2.600000000000000000e+01
6.272900581359863281e+00 -4.345182418823242188e+00 -6.676129698753356934e-01 6.000000000000000000e+00
2.085275650024414062e+00 -1.450924158096313032e+00 -6.806941032409667969e-01 2.300000000000000000e+01
2.408448219299315962e+00 -1.677034139633178933e+00 -6.775525808334350586e-01 1.100000000000000000e+01
2.844938755035399947e+00 -1.981705427169800027e+00 -6.739373803138732910e-01 1.100000000000000000e+01
3.497046232223511186e+00 -2.437758922576903853e+00 -6.751711368560791016e-01 1.000000000000000000e+01
4.508145809173583984e+00 -3.144926071166992188e+00 -6.749124526977539062e-01 2.200000000000000000e+01
6.272399902343750000e+00 -4.377314567565917969e+00 -6.691817641258239746e-01 6.000000000000000000e+00
2.075452566146851030e+00 -1.454867601394653098e+00 -6.791411638259887695e-01 2.400000000000000000e+01
2.399389028549193892e+00 -1.683192610740662065e+00 -6.766527891159057617e-01 1.100000000000000000e+01
2.844431877136230025e+00 -1.996135115623473899e+00 -6.754638552665710449e-01 1.100000000000000000e+01
3.494981765747069868e+00 -2.454492092132567915e+00 -6.764226555824279785e-01 1.000000000000000000e+01
4.515005588531494141e+00 -3.173198938369750977e+00 -6.775935292243957520e-01 1.700000000000000000e+01
6.253822326660156250e+00 -4.396890640258789062e+00 -6.688331961631774902e-01 7.000000000000000000e+00
2.064303874969481978e+00 -1.457285523414612038e+00 -6.770706176757812500e-01 2.400000000000000000e+01
2.400160551071166992e+00 -1.695637702941894975e+00 -6.784523725509643555e-01 1.100000000000000000e+01
2.841003417968750000e+00 -2.007822751998900923e+00 -6.762270927429199219e-01 1.100000000000000000e+01
3.483597517013549805e+00 -2.463787078857421875e+00 -6.757968664169311523e-01 1.000000000000000000e+01
4.506078243255615234e+00 -3.189300775527954102e+00 -6.778373122215270996e-01 1.500000000000000000e+01
6.180668830871582031e+00 -4.376157283782958984e+00 -6.625579595565795898e-01 7.000000000000000000e+00
2.059204339981079102e+00 -1.464482426643372026e+00 -6.770706176757812500e-01 2.400000000000000000e+01
2.397402524948120117e+00 -1.706265449523926003e+00 -6.793521642684936523e-01 1.100000000000000000e+01
2.830778837203979048e+00 -2.015450239181518999e+00 -6.754638552665710449e-01 1.100000000000000000e+01
3.474976062774658203e+00 -2.475932121276855025e+00 -6.757968664169311523e-01 1.000000000000000000e+01
4.481987953186035156e+00 -3.195790767669678178e+00 -6.758874058723449707e-01 1.500000000000000000e+01
6.165355682373046875e+00 -4.397705554962158203e+00 -6.625579595565795898e-01 1.000000000000000000e+01
2.066642999649047852e+00 -1.480662465095520020e+00 -6.812117099761962891e-01 2.400000000000000000e+01
2.385097026824951172e+00 -1.710081577301024947e+00 -6.775525808334350586e-01 1.100000000000000000e+01
2.833298444747924805e+00 -2.032184600830078125e+00 -6.777535676956176758e-01 1.100000000000000000e+01
3.469521760940552202e+00 -2.490350723266602007e+00 -6.764226555824279785e-01 1.000000000000000000e+01
4.475641727447509766e+00 -3.214890480041503906e+00 -6.766185760498046875e-01 1.500000000000000000e+01
6.127315521240234375e+00 -4.402922630310058594e+00 -6.601175665855407715e-01 1.200000000000000000e+01
2.061461925506591797e+00 -1.487867355346679910e+00 -6.812117099761962891e-01 2.200000000000000000e+01
2.382272720336914062e+00 -1.720678687095642090e+00 -6.784523725509643555e-01 1.100000000000000000e+01
2.824596166610718218e+00 -2.040912389755249023e+00 -6.773719191551208496e-01 1.000000000000000000e+01
3.467210769653319868e+00 -2.507076263427733931e+00 -6.776741147041320801e-01 1.000000000000000000e+01
4.477258205413818359e+00 -3.239803791046143022e+00 -6.785684823989868164e-01 1.400000000000000000e+01
6.121592521667479581e+00 -4.431293964385986328e+00 -6.611634492874145508e-01 1.000000000000000000e+01
2.054693222045897993e+00 -1.493918061256408913e+00 -6.806941032409667969e-01 2.300000000000000000e+01
2.379403352737427202e+00 -1.731276988983154075e+00 -6.793521642684936523e-01 1.100000000000000000e+01
2.809518337249755859e+00 -2.044982910156250000e+00 -6.754638552665710449e-01 1.100000000000000000e+01
3.464825153350830078e+00 -2.523816108703612837e+00 -6.789255738258361816e-01 1.000000000000000000e+01
4.480359077453613281e+00 -3.265936374664307085e+00 -6.807621717453002930e-01 1.500000000000000000e+01
6.041693687438964844e+00 -4.405678749084472656e+00 -6.541910171508789062e-01 1.100000000000000000e+01
2.043231725692749023e+00 -1.496515154838562012e+00 -6.786235570907592773e-01 2.000000000000000000e+01
2.379632711410522017e+00 -1.744180321693419966e+00 -6.811518073081970215e-01 1.100000000000000000e+01
2.805529356002808061e+00 -2.057099342346190962e+00 -6.762270927429199219e-01 1.100000000000000000e+01
3.446438312530518022e+00 -2.528883457183837891e+00 -6.770483851432800293e-01 1.000000000000000000e+01
4.481731891632080078e+00 -3.290955305099486861e+00 -6.827120780944824219e-01 1.400000000000000000e+01
6.007009506225585938e+00 -4.412587165832520419e+00 -6.520992517471313477e-01 1.200000000000000000e+01
2.037995576858520952e+00 -1.503638267517090066e+00 -6.786235570907592773e-01 1.900000000000000000e+01
2.373529672622681108e+00 -1.752476096153259055e+00 -6.811518073081970215e-01 1.100000000000000000e+01
2.807806968688964844e+00 -2.073878288269042969e+00 -6.785168051719665527e-01 1.200000000000000000e+01
3.428058862686156782e+00 -2.533853292465209961e+00 -6.751711368560791016e-01 1.100000000000000000e+01
4.476600646972656250e+00 -3.311301469802856001e+00 -6.836870312690734863e-01 1.400000000000000000e+01
6.017195701599121094e+00 -4.452490806579589844e+00 -6.548882722854614258e-01 1.000000000000000000e+01
2.043588161468505859e+00 -1.518809556961060014e+00 -6.822469830513000488e-01 2.100000000000000000e+01
2.359579801559447798e+00 -1.754935741424560991e+00 -6.789022684097290039e-01 1.200000000000000000e+01
2.800550699234008789e+00 -2.083666801452637163e+00 -6.785168051719665527e-01 1.100000000000000000e+01
3.438206195831298828e+00 -2.559960603713988814e+00 -6.789255738258361816e-01 1.000000000000000000e+01
4.472973823547363281e+00 -3.332837820053101030e+00 -6.849057078361511230e-01 1.500000000000000000e+01
6.081489562988281250e+00 -4.533002376556395596e+00 -6.636038422584533691e-01 8.000000000000000000e+00
2.038540363311768022e+00 -1.525578022003174050e+00 -6.822469830513000488e-01 2.100000000000000000e+01
2.355306863784790039e+00 -1.763918876647948997e+00 -6.793521642684936523e-01 1.100000000000000000e+01
2.795196771621704102e+00 -2.094119310379027876e+00 -6.788983941078186035e-01 1.000000000000000000e+01
3.432859182357788086e+00 -2.573717832565308061e+00 -6.795513033866882324e-01 1.000000000000000000e+01
4.453958034515380859e+00 -3.341695785522460938e+00 -6.836870312690734863e-01 1.400000000000000000e+01
6.015432357788085938e+00 -4.514872550964354581e+00 -6.580258607864379883e-01 7.000000000000000000e+00
2.028574705123900923e+00 -1.529195904731750044e+00 -6.806941032409667969e-01 1.800000000000000000e+01
2.358469724655150923e+00 -1.779171228408813032e+00 -6.820515990257263184e-01 1.100000000000000000e+01
2.783168554306029829e+00 -2.100315809249877930e+00 -6.777535676956176758e-01 1.100000000000000000e+01
3.433312416076660156e+00 -2.592828035354613814e+00 -6.814285516738891602e-01 1.000000000000000000e+01
4.450184822082520419e+00 -3.363206863403319868e+00 -6.849057078361511230e-01 1.200000000000000000e+01
5.963081836700438565e+00 -4.508207321166992188e+00 -6.540166735649108887e-01 7.000000000000000000e+00
2.027840137481689009e+00 -1.539772391319274902e+00 -6.822469830513000488e-01 1.600000000000000000e+01
2.352244853973389116e+00 -1.787392973899841087e+00 -6.820515990257263184e-01 1.200000000000000000e+01
2.778946161270142046e+00 -2.112394332885742188e+00 -6.785168051719665527e-01 1.100000000000000000e+01
3.417952060699462891e+00 -2.600012779235839844e+00 -6.801770329475402832e-01 1.000000000000000000e+01
4.441576957702636719e+00 -3.381125211715697798e+00 -6.853932142257690430e-01 1.200000000000000000e+01
5.933043003082275391e+00 -4.518131256103515625e+00 -6.524478793144226074e-01 6.000000000000000000e+00
2.016315221786499023e+00 -1.542147040367126021e+00 -6.801764369010925293e-01 1.500000000000000000e+01
2.349086284637451172e+00 -1.797961831092834029e+00 -6.829513907432556152e-01 1.100000000000000000e+01
2.774673223495482954e+00 -2.124468803405762163e+00 -6.792800426483154297e-01 1.100000000000000000e+01
3.405719518661499023e+00 -2.609524965286254883e+00 -6.795513033866882324e-01 1.000000000000000000e+01
4.439198970794677734e+00 -3.403856039047241211e+00 -6.868556141853332520e-01 1.200000000000000000e+01
5.907750129699707031e+00 -4.531538009643554688e+00 -6.514019966125488281e-01 7.000000000000000000e+00
2.018571615219116211e+00 -1.555070757865905984e+00 -6.827646493911743164e-01 1.500000000000000000e+01
2.336622476577758789e+00 -1.801391482353210005e+00 -6.811518073081970215e-01 1.100000000000000000e+01
2.767240524291992188e+00 -2.134141206741333008e+00 -6.792800426483154297e-01 1.100000000000000000e+01
3.399717569351195845e+00 -2.623811006546020952e+00 -6.801770329475402832e-01 1.000000000000000000e+01
4.421006202697753906e+00 -3.414477348327637163e+00 -6.858806610107421875e-01 1.200000000000000000e+01
5.880859851837158203e+00 -4.543605804443359375e+00 -6.501818299293518066e-01 6.000000000000000000e+00
2.020762443542480025e+00 -1.568028926849365012e+00 -6.853528022766113281e-01 1.500000000000000000e+01
2.330320358276367188e+00 -1.809536814689636008e+00 -6.811518073081970215e-01 1.100000000000000000e+01
2.759773969650268999e+00 -2.143787860870360884e+00 -6.792800426483154297e-01 1.200000000000000000e+01
3.396776199340819868e+00 -2.640511751174927202e+00 -6.814285516738891602e-01 1.000000000000000000e+01
4.424728870391845703e+00 -3.442077398300170898e+00 -6.883180737495422363e-01 1.200000000000000000e+01
5.907417774200438565e+00 -4.597143650054931641e+00 -6.548882722854614258e-01 6.000000000000000000e+00
2.010710239410399947e+00 -1.571504235267638938e+00 -6.837999224662780762e-01 1.600000000000000000e+01
2.330129623413085938e+00 -1.822462439537047896e+00 -6.829513907432556152e-01 1.200000000000000000e+01
2.755366325378417969e+00 -2.155827760696411133e+00 -6.800432801246643066e-01 1.100000000000000000e+01
3.387538433074951172e+00 -2.652352571487427202e+00 -6.814285516738891602e-01 1.000000000000000000e+01
4.414249420166015625e+00 -3.458725929260253906e+00 -6.885617971420288086e-01 1.200000000000000000e+01
5.820770740509033203e+00 -4.562427043914794922e+00 -6.470442414283752441e-01 9.000000000000000000e+00
1.999140739440917969e+00 -1.573733687400818093e+00 -6.817293763160705566e-01 1.300000000000000000e+01
2.329877138137816939e+00 -1.835408687591552956e+00 -6.847510337829589844e-01 1.400000000000000000e+01
2.747824430465697798e+00 -2.165432453155518022e+00 -6.800432801246643066e-01 1.100000000000000000e+01
3.387565851211547852e+00 -2.671500444412231001e+00 -6.833057403564453125e-01 1.000000000000000000e+01
4.409940719604492188e+00 -3.480262517929077148e+00 -6.897804737091064453e-01 1.200000000000000000e+01
5.707853794097900391e+00 -4.506174087524414062e+00 -6.362369060516357422e-01 1.500000000000000000e+01
1.992121338844299094e+00 -1.579502105712891069e+00 -6.812117099761962891e-01 1.500000000000000000e+01
2.320402860641479048e+00 -1.841107726097106934e+00 -6.838511824607849121e-01 1.100000000000000000e+01
2.740248918533325195e+00 -2.175011157989501953e+00 -6.800432801246643066e-01 1.100000000000000000e+01
3.368939161300659180e+00 -2.675937175750731978e+00 -6.814285516738891602e-01 1.000000000000000000e+01
4.397765159606933594e+00 -3.495634794235229048e+00 -6.897804737091064453e-01 1.200000000000000000e+01
5.837121009826660156e+00 -4.641392707824707031e+00 -6.524478793144226074e-01 7.000000000000000000e+00
1.997162699699402078e+00 -1.594884872436522993e+00 -6.848351955413818359e-01 1.500000000000000000e+01
2.301783323287963867e+00 -1.839463591575623003e+00 -6.802520155906677246e-01 1.200000000000000000e+01
2.741840839385985884e+00 -2.191918611526488814e+00 -6.823329925537109375e-01 1.100000000000000000e+01
3.362662792205810991e+00 -2.690148830413817915e+00 -6.820542812347412109e-01 1.000000000000000000e+01
4.388635635375976562e+00 -3.513445854187012163e+00 -6.902679800987243652e-01 1.200000000000000000e+01
5.820884227752686435e+00 -4.661739826202392578e+00 -6.524478793144226074e-01 4.000000000000000000e+00
1.993088722229003906e+00 -1.603057265281677024e+00 -6.853528022766113281e-01 1.500000000000000000e+01
2.301420688629149947e+00 -1.852374672889709029e+00 -6.820515990257263184e-01 1.100000000000000000e+01
2.731114625930786133e+00 -2.199013471603393999e+00 -6.815697550773620605e-01 1.100000000000000000e+01
3.359404802322388139e+00 -2.706827878952025923e+00 -6.833057403564453125e-01 1.000000000000000000e+01
4.376344680786132812e+00 -3.528743505477904829e+00 -6.902679800987243652e-01 1.200000000000000000e+01
5.829388618469238281e+00 -4.702044010162354404e+00 -6.552368998527526855e-01 1.000000000000000000e+01
1.981476426124572976e+00 -1.605140686035156028e+00 -6.832822561264038086e-01 1.400000000000000000e+01
2.304023742675780806e+00 -1.867759943008423074e+00 -6.847510337829589844e-01 1.200000000000000000e+01
2.712747812271118164e+00 -2.199877262115478960e+00 -6.788983941078186035e-01 1.000000000000000000e+01
3.359138727188109907e+00 -2.726006269454956055e+00 -6.851829290390014648e-01 1.000000000000000000e+01
4.373246192932128906e+00 -3.551506996154785156e+00 -6.917303800582885742e-01 1.400000000000000000e+01
5.820672035217285156e+00 -4.728645324707031250e+00 -6.561084389686584473e-01 7.000000000000000000e+00
1.974645614624022993e+00 -1.610481619834899902e+00 -6.827646493911743164e-01 1.500000000000000000e+01
2.299326896667480025e+00 -1.876622200012207031e+00 -6.852009296417236328e-01 1.200000000000000000e+01
2.714562416076660156e+00 -2.216310739517211914e+00 -6.811881065368652344e-01 1.100000000000000000e+01
3.343961715698242188e+00 -2.732131242752075195e+00 -6.839314699172973633e-01 1.100000000000000000e+01
4.364518642425537109e+00 -3.568502664566040039e+00 -6.922178864479064941e-01 1.400000000000000000e+01
5.811128139495849609e+00 -4.752966880798339844e+00 -6.568056941032409668e-01 7.000000000000000000e+00
1.974983215332031028e+00 -1.622269511222838911e+00 -6.848351955413818359e-01 1.600000000000000000e+01
2.286740779876708984e+00 -1.879687190055846946e+00 -6.834012866020202637e-01 1.200000000000000000e+01
2.711358785629272017e+00 -2.229513645172119141e+00 -6.823329925537109375e-01 1.100000000000000000e+01
3.334404468536376953e+00 -2.743787288665771040e+00 -6.839314699172973633e-01 1.100000000000000000e+01
4.355100631713867188e+00 -3.586239576339722124e+00 -6.927053332328796387e-01 1.200000000000000000e+01
5.823720455169677734e+00 -4.797291278839111328e+00 -6.601175665855407715e-01 7.000000000000000000e+00
1.966331362724303977e+00 -1.626690745353698953e+00 -6.837999224662780762e-01 1.400000000000000000e+01
2.280165433883666992e+00 -1.887657880783081055e+00 -6.834012866020202637e-01 1.200000000000000000e+01
2.700535535812377930e+00 -2.236460208892821822e+00 -6.815697550773620605e-01 1.100000000000000000e+01
3.329369306564331055e+00 -2.759191274642943892e+00 -6.848700642585754395e-01 1.100000000000000000e+01
4.348667621612548828e+00 -3.606488704681396040e+00 -6.936802864074707031e-01 1.200000000000000000e+01
5.823806285858154297e+00 -4.831583976745604581e+00 -6.620350480079650879e-01 8.000000000000000000e+00
1.966578006744384988e+00 -1.638491034507751021e+00 -6.858704686164855957e-01 1.500000000000000000e+01
2.273562431335449219e+00 -1.895605683326720969e+00 -6.834012866020202637e-01 1.200000000000000000e+01
2.694220066070557085e+00 -2.247130632400513139e+00 -6.819513440132141113e-01 1.000000000000000000e+01
3.322750806808472124e+00 -2.773327589035034180e+00 -6.854958534240722656e-01 1.100000000000000000e+01
4.329957962036132812e+00 -3.616556406021118164e+00 -6.927053332328796387e-01 1.200000000000000000e+01
5.629548549652099609e+00 -4.703695297241210938e+00 -6.418148875236511230e-01 6.000000000000000000e+00
1.962326526641845925e+00 -1.646587371826172097e+00 -6.863881349563598633e-01 1.500000000000000000e+01
2.266931533813477007e+00 -1.903530359268188032e+00 -6.834012866020202637e-01 1.200000000000000000e+01
2.684856414794921875e+00 -2.255258798599243164e+00 -6.815697550773620605e-01 1.000000000000000000e+01
3.317586183547974077e+00 -2.788722515106201172e+00 -6.864344477653503418e-01 1.100000000000000000e+01
4.323383808135986328e+00 -3.636759996414185014e+00 -6.936802864074707031e-01 1.200000000000000000e+01
5.748773097991943359e+00 -4.837487697601318359e+00 -6.573286056518554688e-01 7.000000000000000000e+00
1.947713613510132058e+00 -1.645945668220520020e+00 -6.832822561264038086e-01 1.500000000000000000e+01
2.275153160095214844e+00 -1.924015283584594949e+00 -6.879003047943115234e-01 1.200000000000000000e+01
2.675468921661376953e+00 -2.263349056243896040e+00 -6.811881065368652344e-01 1.000000000000000000e+01
3.304816246032714844e+00 -2.797733545303345171e+00 -6.858087182044982910e-01 1.000000000000000000e+01
2.846882057189941051e+01 -2.410916709899901988e+01 4.580581188201904297e+00 1.900000000000000000e+01
4.316721439361572266e+00 -3.656961917877196822e+00 -6.946552395820617676e-01 1.200000000000000000e+01
5.677133083343505859e+00 -4.811152935028076172e+00 -6.510533690452575684e-01 7.000000000000000000e+00
1.952834486961364968e+00 -1.660817265510559082e+00 -6.869057416915893555e-01 1.600000000000000000e+01
2.264645338058472124e+00 -1.927364349365233931e+00 -6.865506172180175781e-01 1.300000000000000000e+01
2.680304288864136186e+00 -2.281924486160277876e+00 -6.842410564422607422e-01 1.000000000000000000e+01
3.293003320693970171e+00 -2.805539846420288086e+00 -6.851829290390014648e-01 1.000000000000000000e+01
4.323338508605957031e+00 -3.685960054397583008e+00 -6.975800991058349609e-01 1.200000000000000000e+01
5.358804702758789062e+00 -4.570385456085205078e+00 -6.161910891532897949e-01 8.000000000000000000e+00
1.951426863670348899e+00 -1.671393871307373047e+00 -6.884586811065673828e-01 1.600000000000000000e+01
2.246066808700561968e+00 -1.925112128257751021e+00 -6.829513907432556152e-01 1.200000000000000000e+01
2.673812866210937944e+00 -2.292544364929199219e+00 -6.846227049827575684e-01 1.100000000000000000e+01
3.289186716079711914e+00 -2.822162628173828125e+00 -6.864344477653503418e-01 1.000000000000000000e+01
4.310445785522460938e+00 -3.701028823852539062e+00 -6.975800991058349609e-01 1.200000000000000000e+01
5.477333545684813565e+00 -4.704601287841796875e+00 -6.317048072814941406e-01 6.000000000000000000e+00
1.942362546920775923e+00 -1.676010966300963911e+00 -6.874234080314636230e-01 1.500000000000000000e+01
2.241945743560791016e+00 -1.935878634452820046e+00 -6.838511824607849121e-01 1.100000000000000000e+01
2.665392398834228960e+00 -2.302329063415526900e+00 -6.846227049827575684e-01 1.100000000000000000e+01
3.281809806823730025e+00 -2.836782932281494141e+00 -6.870601773262023926e-01 1.000000000000000000e+01
4.287843704223632812e+00 -3.709010362625122070e+00 -6.961176991462707520e-01 1.200000000000000000e+01
5.395267963409423828e+00 -4.668585300445556641e+00 -6.242094039916992188e-01 6.000000000000000000e+00
1.937958598136902078e+00 -1.684047937393188032e+00 -6.879410147666931152e-01 1.600000000000000000e+01
2.243997812271118164e+00 -1.951365232467650923e+00 -6.865506172180175781e-01 1.400000000000000000e+01
2.649933338165283203e+00 -2.305176496505736861e+00 -6.827145814895629883e-01 1.000000000000000000e+01
3.280827045440673828e+00 -2.856003284454346147e+00 -6.889373660087585449e-01 1.000000000000000000e+01
4.283851623535156250e+00 -3.731778621673583984e+00 -6.975800991058349609e-01 1.400000000000000000e+01
5.631287574768066406e+00 -4.907295227050781250e+00 -6.534937620162963867e-01 9.000000000000000000e+00
1.924799442291259988e+00 -1.684441328048706055e+00 -6.853528022766113281e-01 1.500000000000000000e+01
2.234240531921387163e+00 -1.956618547439574973e+00 -6.856508255004882812e-01 1.200000000000000000e+01
2.647777557373046875e+00 -2.319586992263793945e+00 -6.842410564422607422e-01 1.000000000000000000e+01
3.267867088317871094e+00 -2.864833593368529829e+00 -6.883116364479064941e-01 1.000000000000000000e+01
4.279752731323242188e+00 -3.754564046859741211e+00 -6.990425586700439453e-01 1.200000000000000000e+01
5.623108863830566406e+00 -4.934807777404785156e+00 -6.545396447181701660e-01 1.000000000000000000e+01
1.923255920410156028e+00 -1.694981694221497026e+00 -6.869057416915893555e-01 1.500000000000000000e+01
2.234704732894897017e+00 -1.970850586891174094e+00 -6.879003047943115234e-01 1.300000000000000000e+01
2.642608880996704102e+00 -2.331413030624390093e+00 -6.850042939186096191e-01 1.100000000000000000e+01
3.250442743301392046e+00 -2.869686365127563032e+00 -6.867473125457763672e-01 1.100000000000000000e+01
4.281497478485107422e+00 -3.782623529434204102e+00 -7.014799118041992188e-01 1.300000000000000000e+01
5.577483654022216797e+00 -4.929337024688720703e+00 -6.512277126312255859e-01 8.000000000000000000e+00
1.924551963806151900e+00 -1.708096623420715110e+00 -6.894939541816711426e-01 1.400000000000000000e+01
2.220526456832886186e+00 -1.972168684005737083e+00 -6.856508255004882812e-01 1.400000000000000000e+01
2.638857603073120117e+00 -2.344535112380981001e+00 -6.861491203308105469e-01 1.100000000000000000e+01
3.247787237167357954e+00 -2.887577772140502930e+00 -6.883116364479064941e-01 1.000000000000000000e+01
2.835916519165039062e+01 -2.522273635864258168e+01 4.660039901733398438e+00 2.000000000000000000e+01
4.260852336883544922e+00 -3.790948152542113814e+00 -7.002612352371215820e-01 1.000000000000000000e+01
5.561731338500976562e+00 -4.950100421905517578e+00 -6.514019966125488281e-01 9.000000000000000000e+00
1.922899007797240989e+00 -1.718666315078734907e+00 -6.910468339920043945e-01 1.600000000000000000e+01
2.215081214904785156e+00 -1.981207013130187988e+00 -6.861007213592529297e-01 1.200000000000000000e+01
2.627731561660767046e+00 -2.351114034652709961e+00 -6.853858828544616699e-01 1.100000000000000000e+01
3.237688064575194868e+00 -2.898896932601929155e+00 -6.883116364479064941e-01 1.000000000000000000e+01
4.254985809326171875e+00 -3.812421560287476030e+00 -7.014799118041992188e-01 1.300000000000000000e+01
5.532549381256104404e+00 -4.958846092224121094e+00 -6.500075459480285645e-01 1.000000000000000000e+01
1.904563188552856001e+00 -1.713071584701538086e+00 -6.863881349563598633e-01 1.400000000000000000e+01
2.214639902114868164e+00 -1.993370890617371050e+00 -6.879003047943115234e-01 1.200000000000000000e+01
2.620332241058350053e+00 -2.359357833862305132e+00 -6.853858828544616699e-01 1.200000000000000000e+01
3.237370014190673828e+00 -2.916987895965576172e+00 -6.901888847351074219e-01 1.000000000000000000e+01
4.242987632751464844e+00 -3.825770139694213867e+00 -7.014799118041992188e-01 1.300000000000000000e+01
5.497710227966308594e+00 -4.958854675292968750e+00 -6.477414965629577637e-01 1.400000000000000000e+01
1.897140145301819070e+00 -1.718412399291991965e+00 -6.858704686164855957e-01 1.600000000000000000e+01
2.214887619018555132e+00 -2.007632970809936968e+00 -6.901498436927795410e-01 1.400000000000000000e+01
2.616443872451781782e+00 -2.372446298599243164e+00 -6.865307688713073730e-01 1.100000000000000000e+01
3.224242210388184038e+00 -2.925615787506103960e+00 -6.895630955696105957e-01 1.000000000000000000e+01
4.236955642700195312e+00 -3.847229957580565962e+00 -7.026986479759216309e-01 1.100000000000000000e+01
5.475942611694335938e+00 -4.973996162414550781e+00 -6.472185254096984863e-01 2.100000000000000000e+01
3.738415527343750000e+01 -3.400503921508789062e+01 -8.821144104003906250e-01 1.300000000000000000e+01
1.896839261054992898e+00 -1.730231761932373047e+00 -6.879410147666931152e-01 1.600000000000000000e+01
2.202108860015869141e+00 -2.010097026824951172e+00 -6.883502006530761719e-01 1.300000000000000000e+01
2.611046075820922852e+00 -2.384212732315063032e+00 -6.872940063476562500e-01 1.000000000000000000e+01
3.200886011123656782e+00 -2.924860239028931108e+00 -6.867473125457763672e-01 9.000000000000000000e+00
4.226430416107177734e+00 -3.864675521850585938e+00 -7.031860947608947754e-01 1.100000000000000000e+01
5.458546638488770419e+00 -4.993080139160156250e+00 -6.472185254096984863e-01 1.800000000000000000e+01
1.890788078308105025e+00 -1.736842513084412065e+00 -6.879410147666931152e-01 1.500000000000000000e+01
2.195078849792480025e+00 -2.017771720886230025e+00 -6.883502006530761719e-01 1.300000000000000000e+01
2.608488321304320845e+00 -2.398627758026123047e+00 -6.888204813003540039e-01 1.000000000000000000e+01
3.203739166259766069e+00 -2.948053836822510210e+00 -6.895630955696105957e-01 1.000000000000000000e+01
4.215835094451904297e+00 -3.882094144821166992e+00 -7.036736011505126953e-01 1.100000000000000000e+01
5.446946144104003906e+00 -5.017503261566162109e+00 -6.479157805442810059e-01 1.100000000000000000e+01
1.896864295005797896e+00 -1.755900740623473899e+00 -6.925997734069824219e-01 1.600000000000000000e+01
2.177307844161986861e+00 -2.016915082931518999e+00 -6.852009296417236328e-01 1.300000000000000000e+01
2.589178800582886186e+00 -2.399285078048706055e+00 -6.861491203308105469e-01 9.000000000000000000e+00
3.203983545303345171e+00 -2.971078872680664062e+00 -6.920660734176635742e-01 1.000000000000000000e+01
4.197987556457520419e+00 -3.895552635192871094e+00 -7.031860947608947754e-01 1.100000000000000000e+01
5.506492137908936435e+00 -5.111577987670898438e+00 -6.573286056518554688e-01 7.000000000000000000e+00
1.882244944572448953e+00 -1.754607677459717019e+00 -6.894939541816711426e-01 1.500000000000000000e+01
2.183079004287720171e+00 -2.036466598510742188e+00 -6.892500519752502441e-01 1.400000000000000000e+01
2.583658695220946822e+00 -2.410987377166748047e+00 -6.869123578071594238e-01 1.000000000000000000e+01
3.200811862945557085e+00 -2.988985776901245117e+00 -6.936303973197937012e-01 1.000000000000000000e+01
4.195966720581054688e+00 -3.921025514602661133e+00 -7.051360011100769043e-01 1.100000000000000000e+01
5.474061012268066406e+00 -5.117162227630615234e+00 -6.555854678153991699e-01 1.000000000000000000e+01
1.873291730880737083e+00 -1.758522868156433105e+00 -6.884586811065673828e-01 1.500000000000000000e+01
2.184479236602783203e+00 -2.052080154418944868e+00 -6.919494271278381348e-01 1.400000000000000000e+01
2.579519033432006836e+00 -2.424024581909180132e+00 -6.880572438240051270e-01 1.100000000000000000e+01
3.186041831970214844e+00 -2.996080875396728960e+00 -6.926918029785156250e-01 1.000000000000000000e+01
2.623555755615234020e+01 -2.467994880676269887e+01 4.422638416290283203e+00 1.800000000000000000e+01
4.190928459167479581e+00 -3.943810701370238814e+00 -7.065984606742858887e-01 1.100000000000000000e+01
5.430052280426025391e+00 -5.111657142639160156e+00 -6.524478793144226074e-01 1.000000000000000000e+01
1.869949698448180930e+00 -1.767705440521240012e+00 -6.894939541816711426e-01 1.400000000000000000e+01
2.175887107849121094e+00 -2.058353662490845171e+00 -6.914995312690734863e-01 1.500000000000000000e+01
2.571041822433472124e+00 -2.433013916015625000e+00 -6.880572438240051270e-01 1.000000000000000000e+01
3.162655353546143022e+00 -2.994959592819213867e+00 -6.898760199546813965e-01 1.000000000000000000e+01
4.172813415527343750e+00 -3.954319477081298828e+00 -7.058672308921813965e-01 1.100000000000000000e+01
2.767420196533203125e+01 -2.623431205749512074e+01 6.039621829986572266e+00 1.300000000000000000e+01
5.420852184295654297e+00 -5.138804912567138672e+00 -6.534937620162963867e-01 8.000000000000000000e+00
1.868586063385009988e+00 -1.777565836906433105e+00 -6.910468339920043945e-01 1.700000000000000000e+01
2.155295372009276900e+00 -2.051742792129517046e+00 -6.870005130767822266e-01 1.600000000000000000e+01
2.580446481704711914e+00 -2.457325935363769975e+00 -6.926366686820983887e-01 1.000000000000000000e+01
3.160380840301514116e+00 -3.011694431304932085e+00 -6.914403438568115234e-01 1.000000000000000000e+01
2.703972244262694957e+01 -2.577659034729003906e+01 4.586918354034423828e+00 1.900000000000000000e+01
4.168989658355712891e+00 -3.975628852844237837e+00 -7.073296904563903809e-01 9.000000000000000000e+00
5.423422336578369141e+00 -5.173687458038330078e+00 -6.557598114013671875e-01 7.000000000000000000e+00
1.866554975509643999e+00 -1.788086771965027078e+00 -6.925997734069824219e-01 1.900000000000000000e+01
2.152340412139893022e+00 -2.063299417495727983e+00 -6.883502006530761719e-01 1.700000000000000000e+01
2.563351154327393022e+00 -2.458165168762207031e+00 -6.903469562530517578e-01 1.200000000000000000e+01
3.159825801849364790e+00 -3.032281875610352007e+00 -6.936303973197937012e-01 9.000000000000000000e+00
4.157950401306152344e+00 -3.992907047271728960e+00 -7.078171372413635254e-01 1.100000000000000000e+01
2.715770912170410156e+01 -2.608883857727051137e+01 5.964533329010009766e+00 1.300000000000000000e+01
5.439813613891601562e+00 -5.225714206695556641e+00 -6.599432826042175293e-01 7.000000000000000000e+00
1.858598589897155984e+00 -1.793574452400207964e+00 -6.920821070671081543e-01 1.600000000000000000e+01
2.151772737503052202e+00 -2.077942848205565962e+00 -6.905997395515441895e-01 2.100000000000000000e+01
2.545852184295653853e+00 -2.459359645843505859e+00 -6.880572438240051270e-01 1.200000000000000000e+01
3.158632516860961914e+00 -3.053453683853148970e+00 -6.958205103874206543e-01 1.100000000000000000e+01
4.148994922637938565e+00 -4.013640880584716797e+00 -7.087920904159545898e-01 1.100000000000000000e+01
5.367649078369140625e+00 -5.194352149963378906e+00 -6.534937620162963867e-01 7.000000000000000000e+00
1.850941181182861106e+00 -1.798704981803894043e+00 -6.915645003318786621e-01 1.600000000000000000e+01
2.147300481796265093e+00 -2.088158369064331055e+00 -6.914995312690734863e-01 1.900000000000000000e+01
2.538659095764160156e+00 -2.469600439071654829e+00 -6.884388327598571777e-01 1.100000000000000000e+01
3.136631011962891069e+00 -3.053437471389770952e+00 -6.933175325393676758e-01 1.000000000000000000e+01
2.775928115844726918e+01 -2.703245353698730113e+01 4.757535457611083984e+00 2.000000000000000000e+01
4.136381149291992188e+00 -4.029484272003173828e+00 -7.090358138084411621e-01 9.000000000000000000e+00
5.309531211853027344e+00 -5.174122810363770419e+00 -6.486130356788635254e-01 1.100000000000000000e+01
1.843585252761841042e+00 -1.803482055664062944e+00 -6.910468339920043945e-01 1.600000000000000000e+01
2.138971328735352007e+00 -2.093904495239257812e+00 -6.910496354103088379e-01 2.000000000000000000e+01
2.533261060714722124e+00 -2.480752468109130859e+00 -6.892020702362060547e-01 1.100000000000000000e+01
3.129309892654418945e+00 -3.066587209701538086e+00 -6.939432621002197266e-01 1.000000000000000000e+01
2.674806785583496094e+01 -2.622109413146973012e+01 4.599105358123779297e+00 1.900000000000000000e+01
4.122996330261229581e+00 -4.043178558349609375e+00 -7.090358138084411621e-01 9.000000000000000000e+00
5.295188426971436435e+00 -5.194491863250732422e+00 -6.489616632461547852e-01 7.000000000000000000e+00
2.723130607604980113e+01 -2.674145126342773082e+01 8.811332702636718750e+00 1.200000000000000000e+01
2.775738716125487926e+01 -2.726758575439453125e+01 -6.791778206825256348e-01 9.000000000000000000e+00
1.842783689498900923e+00 -1.815329313278198020e+00 -6.931173801422119141e-01 1.700000000000000000e+01
2.718324661254883168e+01 -2.678761291503905895e+01 6.661583781242370605e-01 3.100000000000000000e+01
2.128873825073242188e+00 -2.098621845245360884e+00 -6.901498436927795410e-01 2.000000000000000000e+01
2.534371376037598100e+00 -2.499229669570922852e+00 -6.918734312057495117e-01 1.100000000000000000e+01
3.118586540222167969e+00 -3.077491998672484907e+00 -6.939432621002197266e-01 1.000000000000000000e+01
2.693891716003417969e+01 -2.659321784973144887e+01 4.647852897644042969e+00 1.900000000000000000e+01
4.107445240020751953e+00 -4.056151390075683594e+00 -7.087920904159545898e-01 1.100000000000000000e+01
5.301120281219482422e+00 -5.236747264862061435e+00 -6.519249677658081055e-01 7.000000000000000000e+00
2.699923133850098012e+01 -2.669931983947753906e+01 8.766342163085937500e+00 1.100000000000000000e+01
2.756252098083496094e+01 -2.726586914062500000e+01 -6.767345070838928223e-01 8.000000000000000000e+00
1.839497208595276101e+00 -1.824150800704956055e+00 -6.941526532173156738e-01 1.600000000000000000e+01
2.121902704238892046e+00 -2.105669975280762163e+00 -6.901498436927795410e-01 2.000000000000000000e+01
2.730466651916503906e+01 -2.709578323364258168e+01 2.015980958938599077e+00 2.200000000000000000e+01
2.524676322937012163e+00 -2.506237030029296875e+00 -6.914917826652526855e-01 1.100000000000000000e+01
3.104159832000731978e+00 -3.083640098571776900e+00 -6.930046677589416504e-01 1.000000000000000000e+01
2.692098617553710938e+01 -2.675236701965332031e+01 4.660039901733398438e+00 2.000000000000000000e+01
4.091156482696533203e+00 -4.066950798034667969e+00 -7.083046436309814453e-01 1.100000000000000000e+01
5.138210773468017578e+00 -5.109593391418457031e+00 -6.339708566665649414e-01 7.000000000000000000e+00
1.830384492874145952e+00 -1.827830553054810014e+00 -6.931173801422119141e-01 1.600000000000000000e+01
2.122810363769530806e+00 -2.121328830718994141e+00 -6.928492188453674316e-01 2.300000000000000000e+01
2.508970260620117188e+00 -2.508094549179077148e+00 -6.895837187767028809e-01 1.100000000000000000e+01
3.108739137649536133e+00 -3.109824419021606001e+00 -6.964462399482727051e-01 1.100000000000000000e+01
2.659731864929198863e+01 -2.661589241027832031e+01 4.620066642761229581e+00 1.900000000000000000e+01
4.090964317321777344e+00 -4.095250606536865234e+00 -7.107419967651367188e-01 1.100000000000000000e+01
5.100634098052979404e+00 -5.107760906219482422e+00 -6.315305233001708984e-01 1.200000000000000000e+01
1.823672890663146973e+00 -1.834527015686034934e+00 -6.931173801422119141e-01 1.800000000000000000e+01
2.116394519805908203e+00 -2.130477666854857954e+00 -6.932991743087768555e-01 1.800000000000000000e+01
2.506677627563477007e+00 -2.524238824844359907e+00 -6.914917826652526855e-01 1.100000000000000000e+01
3.095928668975830078e+00 -3.119795560836791992e+00 -6.961333751678466797e-01 1.000000000000000000e+01
2.658906173706055043e+01 -2.680339241027832031e+01 4.635665893554688388e+00 1.900000000000000000e+01
4.075927257537841797e+00 -4.110217571258544922e+00 -7.107419967651367188e-01 1.100000000000000000e+01
2.623867607116698863e+01 -2.645941734313964844e+01 5.901959419250488281e+00 1.300000000000000000e+01
5.112737655639648438e+00 -5.157550334930419922e+00 -6.353653669357299805e-01 1.000000000000000000e+01
1.819972395896912065e+00 -1.843631267547606978e+00 -6.941526532173156738e-01 1.700000000000000000e+01
2.111681938171387163e+00 -2.140626907348632812e+00 -6.941989660263061523e-01 2.100000000000000000e+01
2.501986742019652876e+00 -2.537167072296143022e+00 -6.926366686820983887e-01 1.100000000000000000e+01
3.080860137939453125e+00 -3.126362323760985884e+00 -6.951947808265686035e-01 1.000000000000000000e+01
2.635602760314941051e+01 -2.675462532043457031e+01 4.611292362213134766e+00 1.900000000000000000e+01
4.069911956787109375e+00 -4.132906436920166016e+00 -7.122044563293457031e-01 1.100000000000000000e+01
5.080726146697998047e+00 -5.161167144775390625e+00 -6.336222290992736816e-01 1.300000000000000000e+01
1.811143517494202104e+00 -1.846897840499877930e+00 -6.931173801422119141e-01 1.600000000000000000e+01
2.095024108886719194e+00 -2.137874841690063032e+00 -6.910496354103088379e-01 2.000000000000000000e+01
2.503176450729370117e+00 -2.555267333984375000e+00 -6.953079700469970703e-01 1.100000000000000000e+01
3.073239564895629883e+00 -3.139384746551514116e+00 -6.958205103874206543e-01 1.100000000000000000e+01
4.058960914611816406e+00 -4.149218082427979404e+00 -7.126919031143188477e-01 1.100000000000000000e+01
5.051045894622802734e+00 -5.165166854858398438e+00 -6.320534348487854004e-01 1.500000000000000000e+01
1.807381153106689009e+00 -1.855976700782776101e+00 -6.941526532173156738e-01 1.600000000000000000e+01
2.092985153198242188e+00 -2.150761127471923828e+00 -6.928492188453674316e-01 2.000000000000000000e+01
2.491503715515137163e+00 -2.561174869537353960e+00 -6.945447325706481934e-01 1.100000000000000000e+01
3.067770004272460938e+00 -3.155758857727050781e+00 -6.970719695091247559e-01 1.100000000000000000e+01
4.041686058044433594e+00 -4.160513401031494141e+00 -7.122044563293457031e-01 1.300000000000000000e+01
2.590786361694335938e+01 -2.667888259887694957e+01 5.890070438385009766e+00 1.300000000000000000e+01
5.053805828094482422e+00 -5.204206943511962891e+00 -6.346681118011474609e-01 1.000000000000000000e+01
1.800891637802124023e+00 -1.862274289131164995e+00 -6.941526532173156738e-01 1.700000000000000000e+01
2.088173151016234907e+00 -2.160856485366820845e+00 -6.937490701675415039e-01 2.000000000000000000e+01
2.728146362304687855e+01 -2.824091720581055043e+01 2.057849884033203125e+00 2.200000000000000000e+01
2.477092266082764116e+00 -2.564208269119263139e+00 -6.930182576179504395e-01 1.200000000000000000e+01
3.070455312728881836e+00 -3.180660247802733931e+00 -7.002006769180297852e-01 1.100000000000000000e+01
2.690620803833008168e+01 -2.788166427612305043e+01 4.757535457611083984e+00 2.000000000000000000e+01
4.036786079406738281e+00 -4.184597015380859375e+00 -7.139106392860412598e-01 1.300000000000000000e+01
5.140718936920166016e+00 -5.330812931060791016e+00 -6.479157805442810059e-01 1.100000000000000000e+01
1.786351561546325906e+00 -1.860188841819762962e+00 -6.910468339920043945e-01 2.000000000000000000e+01
2.087364196777344194e+00 -2.175162792205810991e+00 -6.959985494613647461e-01 2.100000000000000000e+01
2.476280927658081055e+00 -2.581339836120605025e+00 -6.953079700469970703e-01 1.100000000000000000e+01
3.053865909576416016e+00 -3.185654878616333008e+00 -6.989492177963256836e-01 1.100000000000000000e+01
4.016661643981933594e+00 -4.192928791046142578e+00 -7.129356861114501953e-01 1.300000000000000000e+01
5.064203262329101562e+00 -5.288287639617919922e+00 -6.405947208404541016e-01 1.300000000000000000e+01
1.787519454956054910e+00 -1.875113368034363015e+00 -6.941526532173156738e-01 1.800000000000000000e+01
2.076689481735229048e+00 -2.179976701736450195e+00 -6.950987577438354492e-01 2.100000000000000000e+01
2.466803312301636186e+00 -2.590398550033568892e+00 -6.953079700469970703e-01 1.200000000000000000e+01
3.035360574722290039e+00 -3.189671516418457031e+00 -6.973848342895507812e-01 1.000000000000000000e+01
4.017682552337645596e+00 -4.224884510040283203e+00 -7.158605456352233887e-01 1.300000000000000000e+01
5.057141304016113281e+00 -5.319809436798095703e+00 -6.421635150909423828e-01 9.000000000000000000e+00
1.786275506019592063e+00 -1.886953353881835938e+00 -6.962232589721679688e-01 1.900000000000000000e+01
2.062371253967285156e+00 -2.180134057998656782e+00 -6.928492188453674316e-01 2.000000000000000000e+01
2.464490652084351030e+00 -2.606125831604003906e+00 -6.972160935401916504e-01 1.100000000000000000e+01
3.035062313079833984e+00 -3.211733341217041016e+00 -6.998878121376037598e-01 1.100000000000000000e+01
3.994732856750487837e+00 -4.230223178863525391e+00 -7.143980860710144043e-01 1.300000000000000000e+01
5.045379161834716797e+00 -5.344674110412597656e+00 -6.430350542068481445e-01 9.000000000000000000e+00
1.787617087364196999e+00 -1.901622533798217995e+00 -6.993290781974792480e-01 1.800000000000000000e+01
2.061419963836669922e+00 -2.194421529769897017e+00 -6.950987577438354492e-01 2.100000000000000000e+01
2.451346635818481001e+00 -2.610419034957886186e+00 -6.960712075233459473e-01 1.200000000000000000e+01
3.023832559585570845e+00 -3.222307920455933061e+00 -6.998878121376037598e-01 1.000000000000000000e+01
2.650936508178710938e+01 -2.825924301147460938e+01 4.757535457611083984e+00 2.000000000000000000e+01
3.977226495742797852e+00 -4.241245746612548828e+00 -7.139106392860412598e-01 1.300000000000000000e+01
5.041680812835693359e+00 -5.378242492675781250e+00 -6.449524760246276855e-01 7.000000000000000000e+00
1.777013421058655007e+00 -1.903614401817321999e+00 -6.977761387825012207e-01 1.600000000000000000e+01
2.055076599121094194e+00 -2.203028917312622070e+00 -6.955486536026000977e-01 1.900000000000000000e+01
2.442219734191894975e+00 -2.618960142135620117e+00 -6.960712075233459473e-01 1.100000000000000000e+01
3.023339986801147017e+00 -3.244404792785644975e+00 -7.023907303810119629e-01 1.000000000000000000e+01
2.641056060791015980e+01 -2.835160636901855113e+01 4.757535457611083984e+00 2.000000000000000000e+01
3.965103149414062944e+00 -4.258008480072020596e+00 -7.143980860710144043e-01 1.500000000000000000e+01
5.014731407165527344e+00 -5.387058258056640625e+00 -6.439066529273986816e-01 7.000000000000000000e+00
1.758537888526916948e+00 -1.897054791450500044e+00 -6.931173801422119141e-01 1.700000000000000000e+01
2.050022602081298828e+00 -2.213048219680786133e+00 -6.964484453201293945e-01 1.900000000000000000e+01
2.437064647674560991e+00 -2.631790399551392046e+00 -6.972160935401916504e-01 1.200000000000000000e+01
3.009313106536864790e+00 -3.252038955688477007e+00 -7.017650008201599121e-01 1.000000000000000000e+01
3.956954479217528853e+00 -4.279110431671142578e+00 -7.156167626380920410e-01 1.500000000000000000e+01
4.978314876556395596e+00 -5.385510444641113281e+00 -6.416406035423278809e-01 1.000000000000000000e+01
1.751905202865601030e+00 -1.903181672096251997e+00 -6.931173801422119141e-01 1.800000000000000000e+01
2.040966033935546875e+00 -2.218756437301636186e+00 -6.959985494613647461e-01 1.500000000000000000e+01
2.430521011352539062e+00 -2.643171787261962891e+00 -6.979793310165405273e-01 1.200000000000000000e+01
2.992596626281737837e+00 -3.256705284118651900e+00 -7.005135416984558105e-01 1.000000000000000000e+01
3.947364091873168945e+00 -4.298745632171630859e+00 -7.165917158126831055e-01 1.500000000000000000e+01
4.970263957977294922e+00 -5.414597511291503906e+00 -6.430350542068481445e-01 1.100000000000000000e+01
1.753406286239624023e+00 -1.917534708976746050e+00 -6.962232589721679688e-01 1.700000000000000000e+01
2.027024269104003906e+00 -2.218319416046143022e+00 -6.937490701675415039e-01 1.300000000000000000e+01
2.425714731216431108e+00 -2.655565738677978960e+00 -6.991241574287414551e-01 1.200000000000000000e+01
2.995098114013671875e+00 -3.281200885772705078e+00 -7.036422491073608398e-01 1.100000000000000000e+01
3.938438415527344194e+00 -4.317678451538085938e+00 -7.175666689872741699e-01 1.300000000000000000e+01
4.961678504943847656e+00 -5.441355228424072266e+00 -6.442552208900451660e-01 9.000000000000000000e+00
1.757091522216797097e+00 -1.935085296630858931e+00 -7.003643512725830078e-01 1.700000000000000000e+01
2.024506568908690962e+00 -2.231154203414916992e+00 -6.955486536026000977e-01 1.300000000000000000e+01
2.416430234909058061e+00 -2.664016962051392046e+00 -6.991241574287414551e-01 1.200000000000000000e+01
2.984952926635742188e+00 -3.293099403381348100e+00 -7.039551138877868652e-01 1.100000000000000000e+01
3.908683538436890093e+00 -4.315215587615966797e+00 -7.148855924606323242e-01 1.500000000000000000e+01
4.898523330688476562e+00 -5.409903526306152344e+00 -6.385029554367065430e-01 7.000000000000000000e+00
1.739976763725280984e+00 -1.929728984832763894e+00 -6.962232589721679688e-01 1.700000000000000000e+01
2.019315004348754883e+00 -2.241102933883666992e+00 -6.964484453201293945e-01 1.400000000000000000e+01
2.395291090011597124e+00 -2.659306764602661133e+00 -6.956896185874938965e-01 1.200000000000000000e+01
2.970796585083007812e+00 -3.300562143325806108e+00 -7.033293843269348145e-01 1.100000000000000000e+01
3.910854578018188032e+00 -4.348020076751708984e+00 -7.180541753768920898e-01 1.300000000000000000e+01
4.826323986053466797e+00 -5.367707252502441406e+00 -6.315305233001708984e-01 7.000000000000000000e+00
1.733230113983154075e+00 -1.935790896415710005e+00 -6.962232589721679688e-01 1.500000000000000000e+01
2.012779235839844194e+00 -2.249590158462523970e+00 -6.968983411788940430e-01 1.500000000000000000e+01
2.400390863418579102e+00 -2.683748245239257812e+00 -6.998873949050903320e-01 1.200000000000000000e+01
2.965839385986328125e+00 -3.318276166915893999e+00 -7.048937082290649414e-01 1.100000000000000000e+01
3.904909849166870117e+00 -4.372008800506591797e+00 -7.197603583335876465e-01 1.300000000000000000e+01
4.836750984191895419e+00 -5.417218208312988281e+00 -6.353653669357299805e-01 9.000000000000000000e+00
1.720044374465941939e+00 -1.934610486030579057e+00 -6.936350464820861816e-01 1.500000000000000000e+01
2.006208896636962891e+00 -2.258059263229370117e+00 -6.973482966423034668e-01 1.400000000000000000e+01
2.388400793075561968e+00 -2.689175128936768022e+00 -6.991241574287414551e-01 1.200000000000000000e+01
2.951615810394287109e+00 -3.325654029846190962e+00 -7.042679786682128906e-01 1.100000000000000000e+01
3.884356021881103960e+00 -4.379672050476074219e+00 -7.187854051589965820e-01 1.500000000000000000e+01
4.809881210327148438e+00 -5.425123691558837891e+00 -6.343194842338562012e-01 7.000000000000000000e+00
1.724787950515747070e+00 -1.953636765480041948e+00 -6.982938051223754883e-01 1.600000000000000000e+01
1.990579009056091087e+00 -2.256280660629272017e+00 -6.946488618850708008e-01 1.400000000000000000e+01
2.381596565246582031e+00 -2.700440645217895952e+00 -6.998873949050903320e-01 1.200000000000000000e+01
2.941295385360718218e+00 -3.337418794631958008e+00 -7.045808434486389160e-01 1.100000000000000000e+01
3.859860658645629883e+00 -4.382776260375976562e+00 -7.170792222023010254e-01 1.300000000000000000e+01
4.793547630310058594e+00 -5.444870948791503906e+00 -6.346681118011474609e-01 7.000000000000000000e+00
2.226070594787598012e+01 -2.532099914550780895e+01 -5.884951353073120117e-01 6.000000000000000000e+00
1.711590409278870073e+00 -1.952382087707519975e+00 -6.957055926322937012e-01 1.500000000000000000e+01
1.992964029312134011e+00 -2.274941682815552202e+00 -6.982480883598327637e-01 1.300000000000000000e+01
2.369568824768065962e+00 -2.705783605575561968e+00 -6.991241574287414551e-01 1.100000000000000000e+01
2.937433004379272017e+00 -3.356584548950194868e+00 -7.064580321311950684e-01 1.100000000000000000e+01
3.834084033966064009e+00 -4.384268760681152344e+00 -7.151293158531188965e-01 1.800000000000000000e+01
4.748286247253417969e+00 -5.431570053100585938e+00 -6.311818957328796387e-01 7.000000000000000000e+00
2.200648498535155895e+01 -2.520873832702637074e+01 -5.840971469879150391e-01 6.000000000000000000e+00
1.707301735877990945e+00 -1.961259007453918013e+00 -6.967408657073974609e-01 1.400000000000000000e+01
1.974778890609740989e+00 -2.270122289657593218e+00 -6.946488618850708008e-01 1.200000000000000000e+01
2.360109329223632812e+00 -2.714038372039794922e+00 -6.991241574287414551e-01 1.100000000000000000e+01
2.933472633361815962e+00 -3.375764131546020952e+00 -7.083352804183959961e-01 1.100000000000000000e+01
3.812248945236206055e+00 -4.390131473541259766e+00 -7.139106392860412598e-01 2.000000000000000000e+01
4.695339679718017578e+00 -5.408992290496826172e+00 -6.266497969627380371e-01 1.000000000000000000e+01
2.184238624572753906e+01 -2.519776344299316051e+01 -5.820726752281188965e-01 6.000000000000000000e+00
1.692865252494812012e+00 -1.958437561988831010e+00 -6.936350464820861816e-01 1.500000000000000000e+01
1.979581236839293990e+00 -2.291749238967895952e+00 -6.991478800773620605e-01 1.100000000000000000e+01
2.348055124282836914e+00 -2.719288349151610884e+00 -6.983609199523925781e-01 1.100000000000000000e+01
2.916509151458739790e+00 -3.380000829696654829e+00 -7.070837616920471191e-01 1.100000000000000000e+01
3.786530971527100053e+00 -4.391384601593017578e+00 -7.119607329368591309e-01 3.700000000000000000e+01
4.559356689453125000e+00 -5.289526462554931641e+00 -6.109617352485656738e-01 8.000000000000000000e+00
2.182474136352539062e+01 -2.535569381713866832e+01 -5.839574933052062988e-01 6.000000000000000000e+00
1.692309856414794922e+00 -1.971664428710937944e+00 -6.962232589721679688e-01 1.700000000000000000e+01
1.970300793647765891e+00 -2.297166109085083008e+00 -6.986979842185974121e-01 1.200000000000000000e+01
2.346216201782227007e+00 -2.736410617828369141e+00 -7.006506323814392090e-01 1.200000000000000000e+01
2.900837182998656782e+00 -3.385660648345946822e+00 -7.061451673507690430e-01 1.000000000000000000e+01
3.772469997406005859e+00 -4.406083106994628906e+00 -7.122044563293457031e-01 4.300000000000000000e+01
4.627665996551513672e+00 -5.406825542449951172e+00 -6.226406097412109375e-01 7.000000000000000000e+00
2.165554809570312855e+01 -2.533747482299805043e+01 -5.817934274673461914e-01 6.000000000000000000e+00
1.692935824394226074e+00 -1.986381530761718972e+00 -6.993290781974792480e-01 1.600000000000000000e+01
1.953425407409667969e+00 -2.293644428253173828e+00 -6.955486536026000977e-01 1.300000000000000000e+01
2.343013286590576172e+00 -2.752058029174805132e+00 -7.025586962699890137e-01 1.200000000000000000e+01
2.891561508178710938e+00 -3.398774862289429155e+00 -7.067708969116210938e-01 1.000000000000000000e+01
3.724922418594359907e+00 -4.381414890289306641e+00 -7.061109542846679688e-01 3.700000000000000000e+01
4.620376586914063388e+00 -5.436609745025634766e+00 -6.242094039916992188e-01 9.000000000000000000e+00
1.683495759963989036e+00 -1.989329457283020020e+00 -6.982938051223754883e-01 1.500000000000000000e+01
1.951699018478393999e+00 -2.307889223098754883e+00 -6.977981925010681152e-01 1.300000000000000000e+01
2.327055215835570845e+00 -2.752723455429077148e+00 -7.006506323814392090e-01 1.100000000000000000e+01
2.889878034591674805e+00 -3.420919656753540039e+00 -7.092738747596740723e-01 1.000000000000000000e+01
3.703203201293944868e+00 -4.386806011199951172e+00 -7.048922777175903320e-01 2.800000000000000000e+01
4.585952281951904297e+00 -5.434432506561279297e+00 -6.221176981925964355e-01 8.000000000000000000e+00
1.679027080535888894e+00 -1.998151898384094016e+00 -6.993290781974792480e-01 1.500000000000000000e+01
1.942377924919127974e+00 -2.313195466995238814e+00 -6.973482966423034668e-01 1.100000000000000000e+01
2.314907789230347124e+00 -2.757822036743164062e+00 -6.998873949050903320e-01 1.100000000000000000e+01
2.880458116531372070e+00 -3.434013366699219194e+00 -7.098996043205261230e-01 1.100000000000000000e+01
3.701894998550415039e+00 -4.416440963745117188e+00 -7.075734138488769531e-01 2.400000000000000000e+01
4.616859436035156250e+00 -5.509966373443604404e+00 -6.289158463478088379e-01 7.000000000000000000e+00
1.669566750526428001e+00 -2.001034021377563032e+00 -6.982938051223754883e-01 1.500000000000000000e+01
1.940531134605407937e+00 -2.327445268630981001e+00 -6.995977759361267090e-01 1.300000000000000000e+01
2.310295104980469194e+00 -2.771918296813964844e+00 -7.014138698577880859e-01 1.100000000000000000e+01
2.863396883010863814e+00 -3.437975645065308061e+00 -7.086481451988220215e-01 1.000000000000000000e+01
3.685186386108397993e+00 -4.427810192108154297e+00 -7.073296904563903809e-01 2.200000000000000000e+01
4.568289756774902344e+00 -5.490821838378906250e+00 -6.249066591262817383e-01 7.000000000000000000e+00
1.656409382820128950e+00 -1.999411344528198020e+00 -6.957055926322937012e-01 1.400000000000000000e+01
1.936123132705688032e+00 -2.338708162307738814e+00 -7.009474635124206543e-01 1.100000000000000000e+01
2.299353599548339844e+00 -2.778453350067139116e+00 -7.010322213172912598e-01 1.100000000000000000e+01
2.853896379470825195e+00 -3.450994253158568892e+00 -7.092738747596740723e-01 1.000000000000000000e+01
3.658327102661132812e+00 -4.426875114440917969e+00 -7.051360011100769043e-01 2.400000000000000000e+01
4.604928016662597656e+00 -5.574320793151854581e+00 -6.325764060020446777e-01 7.000000000000000000e+00
1.727062988281250000e+01 -2.092117309570312855e+01 -1.421758532524109109e+00 1.300000000000000000e+01
1.661692500114440918e+00 -2.020100593566894975e+00 -7.008819580078125000e-01 1.500000000000000000e+01
1.918048143386841042e+00 -2.333408832550048828e+00 -6.973482966423034668e-01 1.400000000000000000e+01
2.297119379043579102e+00 -2.795563936233520952e+00 -7.033219337463378906e-01 1.200000000000000000e+01
2.835565090179442915e+00 -3.453301906585692915e+00 -7.077094912528991699e-01 1.100000000000000000e+01
3.625223398208618164e+00 -4.418133735656738281e+00 -7.017236948013305664e-01 2.200000000000000000e+01
4.595550060272216797e+00 -5.602684497833251953e+00 -6.339708566665649414e-01 9.000000000000000000e+00
1.721015739440917969e+01 -2.099677848815917969e+01 -1.422805309295654075e+00 1.300000000000000000e+01
1.661963105201720969e+00 -2.034866094589232954e+00 -7.039877772331237793e-01 1.500000000000000000e+01
1.909891247749329057e+00 -2.340089797973632812e+00 -6.973482966423034668e-01 1.100000000000000000e+01
2.291070222854613814e+00 -2.808128833770751953e+00 -7.044668197631835938e-01 1.100000000000000000e+01
2.829734563827515093e+00 -3.470834016799927202e+00 -7.092738747596740723e-01 1.000000000000000000e+01
3.611032962799071822e+00 -4.432300090789794922e+00 -7.019674181938171387e-01 1.600000000000000000e+01
4.490409851074218750e+00 -5.513640880584716797e+00 -6.221176981925964355e-01 1.100000000000000000e+01
1.709389495849609020e+01 -2.100405693054198863e+01 -1.419246435165405051e+00 1.300000000000000000e+01
1.646332383155822976e+00 -2.030151605606079102e+00 -7.003643512725830078e-01 1.600000000000000000e+01
1.909072637557982954e+00 -2.355826616287231001e+00 -7.000476717948913574e-01 1.100000000000000000e+01
2.272603511810303178e+00 -2.805430412292480025e+00 -7.017954587936401367e-01 1.100000000000000000e+01
2.830030679702758789e+00 -3.496044158935546875e+00 -7.124025821685791016e-01 1.100000000000000000e+01
3.605526924133300781e+00 -4.457224845886229581e+00 -7.039173245429992676e-01 1.800000000000000000e+01
4.348364830017089844e+00 -5.377454757690429688e+00 -6.050351858139038086e-01 1.500000000000000000e+01
1.698783683776855113e+01 -2.102320671081542969e+01 -1.416525006294250044e+00 1.200000000000000000e+01
1.635246515274048074e+00 -2.031657218933105025e+00 -6.988114118576049805e-01 1.400000000000000000e+01
1.906532049179076926e+00 -2.370400428771973100e+00 -7.022972106933593750e-01 1.300000000000000000e+01
2.265996456146239790e+00 -2.818331241607666016e+00 -7.029403448104858398e-01 1.100000000000000000e+01
2.809774637222290039e+00 -3.497153759002685991e+00 -7.105253338813781738e-01 1.100000000000000000e+01
3.586680650711060014e+00 -4.467313766479492188e+00 -7.034298777580261230e-01 1.600000000000000000e+01
4.423404216766357422e+00 -5.511447906494140625e+00 -6.182828545570373535e-01 1.000000000000000000e+01
1.689317321777344105e+01 -2.106351661682128906e+01 -1.415059566497802956e+00 1.200000000000000000e+01
1.622114658355712891e+00 -2.029807329177856001e+00 -6.962232589721679688e-01 1.400000000000000000e+01
1.897030234336853027e+00 -2.375518321990966797e+00 -7.018473148345947266e-01 1.300000000000000000e+01
2.261044263839722124e+00 -2.832361221313477007e+00 -7.044668197631835938e-01 1.200000000000000000e+01
2.796318292617797852e+00 -3.505396127700806108e+00 -7.102124691009521484e-01 1.100000000000000000e+01
3.567352771759033203e+00 -4.475149631500244141e+00 -7.026986479759216309e-01 2.000000000000000000e+01
4.414072036743164062e+00 -5.539319992065429688e+00 -6.196773052215576172e-01 8.000000000000000000e+00
1.674738502502441051e+01 -2.103173637390137074e+01 -1.408988595008850098e+00 1.200000000000000000e+01
1.626541376113892046e+00 -2.048509597778319868e+00 -7.008819580078125000e-01 1.400000000000000000e+01
1.879867911338805930e+00 -2.369253635406494141e+00 -6.982480883598327637e-01 1.200000000000000000e+01
2.254575014114379883e+00 -2.842526674270629883e+00 -7.052300572395324707e-01 1.100000000000000000e+01
2.787745952606201172e+00 -3.517260074615478960e+00 -7.108381986618041992e-01 1.100000000000000000e+01
3.543416023254394975e+00 -4.473885536193847656e+00 -7.007487416267395020e-01 3.500000000000000000e+01
4.458485603332520419e+00 -5.631263256072998047e+00 -6.283929347991943359e-01 6.000000000000000000e+00
1.666140174865723012e+01 -2.105918502807616832e+01 -1.407313823699950950e+00 1.200000000000000000e+01
1.626556873321532981e+00 -2.063277482986450195e+00 -7.039877772331237793e-01 1.500000000000000000e+01
1.872792124748229980e+00 -2.377331972122191939e+00 -6.986979842185974121e-01 1.200000000000000000e+01
2.238565683364868164e+00 -2.842667341232299805e+00 -7.033219337463378906e-01 1.200000000000000000e+01
2.780337810516356978e+00 -3.533179044723511186e+00 -7.120896577835083008e-01 1.100000000000000000e+01
3.520415544509888139e+00 -4.476864814758300781e+00 -6.992862820625305176e-01 2.900000000000000000e+01
4.468352794647216797e+00 -5.684385299682617188e+00 -6.325764060020446777e-01 7.000000000000000000e+00
1.656558227539062855e+01 -2.108894348144530895e+01 -1.405429720878601074e+00 1.200000000000000000e+01
1.617793202400207964e+00 -2.067703723907471147e+00 -7.034701704978942871e-01 1.600000000000000000e+01
1.870067715644835982e+00 -2.391855955123900923e+00 -7.009474635124206543e-01 1.400000000000000000e+01
2.230549812316894975e+00 -2.853946685791016069e+00 -7.040851712226867676e-01 1.200000000000000000e+01
2.767369270324707031e+00 -3.543345689773560014e+00 -7.120896577835083008e-01 1.100000000000000000e+01
3.501540660858153853e+00 -4.486608028411865234e+00 -6.987988352775573730e-01 2.900000000000000000e+01
4.469548225402832031e+00 -5.729000091552734375e+00 -6.357139945030212402e-01 1.000000000000000000e+01
1.641695404052734020e+01 -2.105815887451171875e+01 -1.399358749389647993e+00 2.500000000000000000e+01
1.602269887924193892e+00 -2.062658786773682085e+00 -6.998466849327087402e-01 1.500000000000000000e+01
1.872461557388306108e+00 -2.412223815917969194e+00 -7.049965858459472656e-01 1.300000000000000000e+01
2.221777677536011186e+00 -2.863266468048096147e+00 -7.044668197631835938e-01 1.200000000000000000e+01
2.758615255355834961e+00 -3.557667255401610884e+00 -7.130283117294311523e-01 1.000000000000000000e+01
3.478562831878662109e+00 -4.489387989044188565e+00 -6.973363757133483887e-01 3.500000000000000000e+01
4.492224693298339844e+00 -5.799697399139404297e+00 -6.418148875236511230e-01 7.000000000000000000e+00
1.628955841064453125e+01 -2.104584312438964844e+01 -1.394753217697143999e+00 1.200000000000000000e+01
1.603318572044373003e+00 -2.078947544097899947e+00 -7.034701704978942871e-01 1.600000000000000000e+01
1.856892585754394975e+00 -2.409483909606934038e+00 -7.022972106933593750e-01 1.200000000000000000e+01
2.212967634201049805e+00 -2.872559785842895952e+00 -7.048484086990356445e-01 1.200000000000000000e+01
2.747384786605834961e+00 -3.568840265274047852e+00 -7.133411765098571777e-01 1.100000000000000000e+01
3.468922615051269975e+00 -4.509370326995849609e+00 -6.985550522804260254e-01 3.100000000000000000e+01
4.459806919097900391e+00 -5.799548625946044922e+00 -6.400717496871948242e-01 7.000000000000000000e+00
1.617218399047851918e+01 -2.104556274414062855e+01 -1.390985012054442915e+00 1.200000000000000000e+01
1.594877481460571067e+00 -2.082997798919678178e+00 -7.029525041580200195e-01 1.600000000000000000e+01
1.846102356910706010e+00 -2.412855625152587891e+00 -7.013973593711853027e-01 1.300000000000000000e+01
2.210083246231079102e+00 -2.889623403549193892e+00 -7.071381211280822754e-01 1.200000000000000000e+01
2.732511520385742188e+00 -3.575269699096680132e+00 -7.127154469490051270e-01 1.100000000000000000e+01
3.507380247116088867e+00 -4.592444419860839844e+00 -7.095233201980590820e-01 2.000000000000000000e+01
4.460089206695556641e+00 -5.842002391815186435e+00 -6.430350542068481445e-01 1.000000000000000000e+01
1.610346794128417969e+01 -2.110823822021484020e+01 -1.391403675079345925e+00 1.200000000000000000e+01
1.589934945106505904e+00 -2.091628074645996094e+00 -7.039877772331237793e-01 1.500000000000000000e+01
1.835311174392699973e+00 -2.416181325912476030e+00 -7.004975676536560059e-01 1.200000000000000000e+01
2.197608470916748047e+00 -2.894193410873413086e+00 -7.063748836517333984e-01 1.200000000000000000e+01
2.721208810806273970e+00 -3.586359739303588867e+00 -7.130283117294311523e-01 1.000000000000000000e+01
3.493726968765258789e+00 -4.607822895050048828e+00 -7.100107669830322266e-01 2.000000000000000000e+01
4.466146469116210938e+00 -5.892467975616455078e+00 -6.468698978424072266e-01 9.000000000000000000e+00
1.583787798881530984e+00 -2.098707199096680132e+00 -7.045054435729980469e-01 1.600000000000000000e+01
1.833905816078186035e+00 -2.431908607482910156e+00 -7.031970024108886719e-01 1.200000000000000000e+01
2.186310768127440962e+00 -2.900279045104980025e+00 -7.059932947158813477e-01 1.300000000000000000e+01
2.720558881759643999e+00 -3.611614942550659180e+00 -7.161569595336914062e-01 1.000000000000000000e+01
3.471652030944824219e+00 -4.612060546875000000e+00 -7.087920904159545898e-01 1.600000000000000000e+01
4.431175231933593750e+00 -5.888917446136474609e+00 -6.447781920433044434e-01 7.000000000000000000e+00
1.564075231552124023e+00 -2.086943149566649947e+00 -6.988114118576049805e-01 1.600000000000000000e+01
1.831672072410583052e+00 -2.445775747299193892e+00 -7.054464817047119141e-01 1.100000000000000000e+01
2.176681041717528853e+00 -2.907513141632080078e+00 -7.059932947158813477e-01 1.300000000000000000e+01
2.706200838088988814e+00 -3.617453336715697798e+00 -7.155312299728393555e-01 1.100000000000000000e+01
3.431379079818726030e+00 -4.590158462524414062e+00 -7.036736011505126953e-01 1.600000000000000000e+01
4.411622524261474609e+00 -5.903579711914063388e+00 -6.447781920433044434e-01 6.000000000000000000e+00
1.639433097839355113e+01 -2.195467185974121094e+01 -1.435993909835814986e+00 1.300000000000000000e+01
1.562546730041503906e+00 -2.100139617919921875e+00 -7.013996243476867676e-01 1.600000000000000000e+01
1.818472743034363015e+00 -2.445899009704589844e+00 -7.036468982696533203e-01 1.300000000000000000e+01
2.171203136444091797e+00 -2.921396493911743164e+00 -7.075197696685791016e-01 1.300000000000000000e+01
2.684134960174560991e+00 -3.614190816879272017e+00 -7.130283117294311523e-01 1.000000000000000000e+01
3.328976154327393022e+00 -4.485740661621093750e+00 -6.858806610107421875e-01 1.700000000000000000e+01
4.405233383178710938e+00 -5.938144683837890625e+00 -6.468698978424072266e-01 7.000000000000000000e+00
1.560945153236388938e+00 -2.113350868225098100e+00 -7.039877772331237793e-01 1.600000000000000000e+01
1.806452155113219993e+00 -2.447527885437012163e+00 -7.022972106933593750e-01 1.200000000000000000e+01
2.165654659271239790e+00 -2.935276746749877930e+00 -7.090462446212768555e-01 1.700000000000000000e+01
2.676191568374633789e+00 -3.629897832870482954e+00 -7.142797708511352539e-01 1.000000000000000000e+01
3.290926456451416016e+00 -4.466968059539794922e+00 -6.812496185302734375e-01 1.900000000000000000e+01
4.370300769805908203e+00 -5.934234142303466797e+00 -6.447781920433044434e-01 1.200000000000000000e+01
1.554700970649719016e+00 -2.120344638824462891e+00 -7.045054435729980469e-01 1.500000000000000000e+01
1.803656458854675071e+00 -2.461678504943848100e+00 -7.045466899871826172e-01 1.100000000000000000e+01
2.150755167007445845e+00 -2.936482906341553178e+00 -7.075197696685791016e-01 1.700000000000000000e+01
2.663504600524901900e+00 -3.639217376708983931e+00 -7.142797708511352539e-01 1.000000000000000000e+01
3.264767169952393022e+00 -4.464007377624511719e+00 -6.790559887886047363e-01 2.100000000000000000e+01
4.356615066528320312e+00 -5.959103584289550781e+00 -6.458240747451782227e-01 1.000000000000000000e+01
2.847899246215819957e+01 -3.901152420043945312e+01 -8.430908322334289551e-01 1.300000000000000000e+01
1.542372584342956987e+00 -2.119780063629149947e+00 -7.024348974227905273e-01 1.500000000000000000e+01
1.796913862228393999e+00 -2.471425056457519975e+00 -7.054464817047119141e-01 1.100000000000000000e+01
2.137669324874877930e+00 -2.941169977188109907e+00 -7.067565321922302246e-01 1.700000000000000000e+01
2.661756515502930132e+00 -3.664938449859619141e+00 -7.174084782600402832e-01 1.000000000000000000e+01
3.314843893051147017e+00 -4.567518711090087891e+00 -6.929491162300109863e-01 1.700000000000000000e+01
4.316024780273438388e+00 -5.949228286743164062e+00 -6.430350542068481445e-01 1.300000000000000000e+01
1.536095023155211958e+00 -2.126717090606689009e+00 -7.029525041580200195e-01 1.500000000000000000e+01
1.792837977409363015e+00 -2.484003067016602007e+00 -7.072461247444152832e-01 1.200000000000000000e+01
2.134282112121582031e+00 -2.958166599273682085e+00 -7.090462446212768555e-01 1.700000000000000000e+01
2.651257753372191939e+00 -3.677412033081055132e+00 -7.180342078208923340e-01 1.000000000000000000e+01
3.213014125823975053e+00 -4.459874153137207031e+00 -6.749124526977539062e-01 2.200000000000000000e+01
4.295231819152832031e+00 -5.964257717132568359e+00 -6.430350542068481445e-01 1.000000000000000000e+01
1.529787659645081010e+00 -2.133636236190795898e+00 -7.034701704978942871e-01 1.500000000000000000e+01
1.779616355895996094e+00 -2.483909606933594194e+00 -7.054464817047119141e-01 1.100000000000000000e+01
2.122799873352050781e+00 -2.964002609252930132e+00 -7.086645960807800293e-01 1.500000000000000000e+01
2.626908540725708008e+00 -3.670580387115478960e+00 -7.149055004119873047e-01 1.000000000000000000e+01
3.193962574005126953e+00 -4.466218471527099609e+00 -6.741812229156494141e-01 2.100000000000000000e+01
4.302195072174072266e+00 -6.018114566802979404e+00 -6.472185254096984863e-01 7.000000000000000000e+00
1.524570941925049050e+00 -2.142111063003540039e+00 -7.045054435729980469e-01 1.400000000000000000e+01
1.764158487319946067e+00 -2.480577945709228960e+00 -7.027471065521240234e-01 1.100000000000000000e+01
2.116991043090819868e+00 -2.977794885635375977e+00 -7.101910710334777832e-01 1.500000000000000000e+01
2.620944023132324219e+00 -3.689389944076538086e+00 -7.167826890945434570e-01 1.000000000000000000e+01
3.225465297698975053e+00 -4.543707370758056641e+00 -6.841744780540466309e-01 1.700000000000000000e+01
4.290385723114013672e+00 -6.046093940734863281e+00 -6.486130356788635254e-01 9.000000000000000000e+00
2.775123596191405895e+01 -3.916548156738281250e+01 -8.378551006317138672e-01 1.200000000000000000e+01
1.524887084960937944e+00 -2.158464431762694868e+00 -7.081289291381835938e-01 1.500000000000000000e+01
1.764479994773864968e+00 -2.499457120895386186e+00 -7.063463330268859863e-01 1.200000000000000000e+01
2.106583595275878906e+00 -2.985166311264038086e+00 -7.101910710334777832e-01 1.500000000000000000e+01
2.612603187561035156e+00 -3.704973936080933061e+00 -7.180342078208923340e-01 1.000000000000000000e+01
3.257608890533446822e+00 -4.623092174530029297e+00 -6.944115161895751953e-01 1.400000000000000000e+01
4.264665603637695312e+00 -6.054518222808837891e+00 -6.479157805442810059e-01 9.000000000000000000e+00
1.516234159469604048e+00 -2.162192583084106001e+00 -7.076112627983093262e-01 1.600000000000000000e+01
1.760217666625977007e+00 -2.511984586715697798e+00 -7.081459164619445801e-01 1.100000000000000000e+01
2.089392423629761186e+00 -2.982853412628173828e+00 -7.079013586044311523e-01 1.500000000000000000e+01
2.606451034545897993e+00 -3.723780870437622070e+00 -7.199113965034484863e-01 1.000000000000000000e+01
3.169773101806641069e+00 -4.531953811645507812e+00 -6.790559887886047363e-01 1.500000000000000000e+01
4.237797260284423828e+00 -6.061203479766845703e+00 -6.470442414283752441e-01 7.000000000000000000e+00
1.657119941711426137e+01 -2.371895027160644887e+01 -1.516381978988647017e+00 1.400000000000000000e+01
1.497265458106995073e+00 -2.151877641677856001e+00 -7.024348974227905273e-01 1.600000000000000000e+01
1.752111434936522993e+00 -2.520019292831420898e+00 -7.085958123207092285e-01 1.000000000000000000e+01
2.082927465438843218e+00 -2.996939897537231001e+00 -7.094278335571289062e-01 1.500000000000000000e+01
2.595038890838623047e+00 -3.736553907394409180e+00 -7.205371260643005371e-01 1.000000000000000000e+01
3.226707220077515093e+00 -4.649546146392822266e+00 -6.948990225791931152e-01 1.500000000000000000e+01
4.232588291168212891e+00 -6.101250648498535156e+00 -6.496589183807373047e-01 9.000000000000000000e+00
1.636126518249512074e+01 -2.360225296020508168e+01 -1.505077481269835982e+00 1.400000000000000000e+01
1.495234012603759988e+00 -2.165039062500000000e+00 -7.050230503082275391e-01 1.500000000000000000e+01
1.746624827384948953e+00 -2.530931711196898970e+00 -7.099454998970031738e-01 1.100000000000000000e+01
2.079142570495605025e+00 -3.013888597488402876e+00 -7.117175459861755371e-01 1.400000000000000000e+01
2.573010921478271040e+00 -3.732578516006470171e+00 -7.180342078208923340e-01 1.000000000000000000e+01
3.271265983581542969e+00 -4.749059677124023438e+00 -7.080608606338500977e-01 1.600000000000000000e+01
4.169457435607910156e+00 -6.055271148681640625e+00 -6.432093977928161621e-01 7.000000000000000000e+00
1.628104209899901988e+01 -2.366251182556151988e+01 -1.505286812782288042e+00 1.400000000000000000e+01
1.492036581039428933e+00 -2.176618814468383789e+00 -7.070936560630798340e-01 1.600000000000000000e+01
1.726767063140868919e+00 -2.520935773849486861e+00 -7.054464817047119141e-01 1.100000000000000000e+01
2.065281867980957031e+00 -3.016268014907836914e+00 -7.105727195739746094e-01 1.400000000000000000e+01
2.562196969985961914e+00 -3.744797706604003906e+00 -7.186599373817443848e-01 1.000000000000000000e+01
3.208733558654785156e+00 -4.693262577056884766e+00 -6.980676054954528809e-01 1.700000000000000000e+01
4.178648471832275391e+00 -6.114201545715332031e+00 -6.479157805442810059e-01 6.000000000000000000e+00
1.616680717468262074e+01 -2.367301750183105113e+01 -1.502355933189392090e+00 1.400000000000000000e+01
1.482256293296813965e+00 -2.178619146347045898e+00 -7.060583829879760742e-01 1.500000000000000000e+01
1.722339391708374023e+00 -2.533394098281859907e+00 -7.072461247444152832e-01 1.200000000000000000e+01
2.052533626556396040e+00 -3.020211458206177202e+00 -7.098094820976257324e-01 1.300000000000000000e+01
2.557987689971923828e+00 -3.766792058944702148e+00 -7.211628556251525879e-01 1.000000000000000000e+01
3.154433727264403853e+00 -4.648585796356201172e+00 -6.897804737091064453e-01 2.400000000000000000e+01
4.110305786132813388e+00 -6.059498786926270419e+00 -6.405947208404541016e-01 6.000000000000000000e+00
1.605942153930664062e+01 -2.369293403625487926e+01 -1.500053167343140093e+00 1.400000000000000000e+01
1.471779346466064009e+00 -2.178720235824584961e+00 -7.045054435729980469e-01 1.500000000000000000e+01
1.711748242378235085e+00 -2.535861253738402876e+00 -7.063463330268859863e-01 1.100000000000000000e+01
2.044703006744385210e+00 -3.030256032943726030e+00 -7.105727195739746094e-01 1.300000000000000000e+01
2.549899816513061968e+00 -3.781805515289307085e+00 -7.224143743515014648e-01 1.100000000000000000e+01
3.130127668380736861e+00 -4.645850181579589844e+00 -6.878305673599243164e-01 1.500000000000000000e+01
4.094640731811523438e+00 -6.079706192016601562e+00 -6.412919759750366211e-01 7.000000000000000000e+00
1.600529670715332031e+01 -2.378251075744628906e+01 -1.502355933189392090e+00 1.400000000000000000e+01
1.459862112998961958e+00 -2.177426099777222124e+00 -7.024348974227905273e-01 1.500000000000000000e+01
1.709393858909606934e+00 -2.551534891128540039e+00 -7.090457081794738770e-01 1.200000000000000000e+01
2.034113168716431108e+00 -3.037374973297119141e+00 -7.105727195739746094e-01 1.200000000000000000e+01
2.532288789749145952e+00 -3.784116506576538086e+00 -7.211628556251525879e-01 1.000000000000000000e+01
3.126029253005981001e+00 -4.674900054931640625e+00 -6.905117034912109375e-01 1.900000000000000000e+01
4.098859310150145596e+00 -6.132059574127197266e+00 -6.453011035919189453e-01 5.000000000000000000e+00
1.593771266937256037e+01 -2.386148834228515980e+01 -1.503821372985840066e+00 1.400000000000000000e+01
1.457603454589843972e+00 -2.190550327301024947e+00 -7.050230503082275391e-01 1.600000000000000000e+01
1.704792857170104980e+00 -2.563977479934691939e+00 -7.108453512191772461e-01 1.200000000000000000e+01
2.028931856155395952e+00 -3.052632093429564986e+00 -7.124807834625244141e-01 1.000000000000000000e+01
2.523435831069945845e+00 -3.799514770507812944e+00 -7.224143743515014648e-01 1.000000000000000000e+01
3.062492132186890093e+00 -4.614661216735839844e+00 -6.800309419631958008e-01 1.900000000000000000e+01
4.104964733123779297e+00 -6.187836647033691406e+00 -6.496589183807373047e-01 7.000000000000000000e+00
1.579914760589599965e+01 -2.383374023437500000e+01 -1.498587727546691895e+00 1.400000000000000000e+01
1.455271005630492942e+00 -2.203685283660889116e+00 -7.076112627983093262e-01 1.500000000000000000e+01
1.691539287567138894e+00 -2.563406467437744141e+00 -7.090457081794738770e-01 1.100000000000000000e+01
2.022588014602661133e+00 -3.066251039505004883e+00 -7.140072584152221680e-01 1.000000000000000000e+01
2.505809307098389116e+00 -3.801702737808227983e+00 -7.211628556251525879e-01 1.000000000000000000e+01
3.091132640838623047e+00 -4.693294048309326172e+00 -6.900241971015930176e-01 5.700000000000000000e+01
4.077862262725830078e+00 -6.193807601928710938e+00 -6.487873196601867676e-01 6.000000000000000000e+00
1.566097068786620916e+01 -2.380531501770019887e+01 -1.493354201316833052e+00 1.400000000000000000e+01
1.448628783226012962e+00 -2.210367441177368164e+00 -7.081289291381835938e-01 1.500000000000000000e+01
1.681513428688049094e+00 -2.567665100097655806e+00 -7.085958123207092285e-01 1.200000000000000000e+01
2.004345417022705078e+00 -3.061794281005858931e+00 -7.113359570503234863e-01 1.000000000000000000e+01
2.490360736846923828e+00 -3.807120323181151900e+00 -7.205371260643005371e-01 1.000000000000000000e+01
3.071472883224486861e+00 -4.699070930480957031e+00 -6.892930269241333008e-01 4.300000000000000000e+01
4.292702674865722656e+00 -6.569942951202392578e+00 -6.866129636764526367e-01 5.000000000000000000e+00
1.553847217559813920e+01 -2.379963111877441051e+01 -1.489585995674133079e+00 1.400000000000000000e+01
1.440904378890990989e+00 -2.215410470962523970e+00 -7.081289291381835938e-01 1.600000000000000000e+01
1.673602223396301047e+00 -2.575153112411499023e+00 -7.090457081794738770e-01 1.200000000000000000e+01
1.994715094566344993e+00 -3.070418596267700195e+00 -7.117175459861755371e-01 1.000000000000000000e+01
2.489963293075561968e+00 -3.835672616958618164e+00 -7.242915630340576172e-01 1.000000000000000000e+01
3.070175409317017046e+00 -4.733078956604003906e+00 -6.927053332328796387e-01 2.100000000000000000e+01
4.306597709655761719e+00 -6.641725540161132812e+00 -6.925395131111145020e-01 6.000000000000000000e+00
1.544009685516357067e+01 -2.383025932312012074e+01 -1.488120555877685991e+00 1.400000000000000000e+01
2.769200706481933949e+01 -4.278894805908203125e+01 1.365684604644775035e+01 1.600000000000000000e+01
1.430019497871398926e+00 -2.215557336807250977e+00 -7.065759897232055664e-01 1.500000000000000000e+01
1.673052906990051047e+00 -2.594080924987792969e+00 -7.126449346542358398e-01 1.100000000000000000e+01
1.983985185623168945e+00 -3.077362775802611861e+00 -7.117175459861755371e-01 1.000000000000000000e+01
2.480838298797606978e+00 -3.850983381271361861e+00 -7.255430221557617188e-01 1.000000000000000000e+01
3.043964862823485884e+00 -4.728744983673095703e+00 -6.905117034912109375e-01 4.700000000000000000e+01
4.212231636047363281e+00 -6.546135902404785156e+00 -6.810349822044372559e-01 5.000000000000000000e+00
1.531793308258056996e+01 -2.382353210449219105e+01 -1.484352350234984907e+00 1.300000000000000000e+01
1.423318982124329057e+00 -2.222162485122681108e+00 -7.070936560630798340e-01 1.500000000000000000e+01
1.663987636566162109e+00 -2.599905014038085938e+00 -7.126449346542358398e-01 1.100000000000000000e+01
1.979579329490662065e+00 -3.094191789627075195e+00 -7.140072584152221680e-01 1.100000000000000000e+01
2.463124752044678178e+00 -3.852962255477904829e+00 -7.242915630340576172e-01 1.000000000000000000e+01
3.032783269882202148e+00 -4.747705936431884766e+00 -6.917303800582885742e-01 3.100000000000000000e+01
3.938444614410399947e+00 -6.167856693267822266e+00 -6.402460932731628418e-01 6.000000000000000000e+00
1.519600486755370916e+01 -2.381624221801758168e+01 -1.480584144592284934e+00 1.300000000000000000e+01
2.763274765014648082e+01 -4.334133148193358664e+01 1.377279663085938033e+01 1.600000000000000000e+01
1.414517283439636008e+00 -2.225486755371094194e+00 -7.065759897232055664e-01 1.200000000000000000e+01
1.644454479217529075e+00 -2.589247465133666992e+00 -7.081459164619445801e-01 1.200000000000000000e+01
1.968766450881958008e+00 -3.101083040237427202e+00 -7.140072584152221680e-01 1.000000000000000000e+01
2.449660301208496094e+00 -3.861536741256713867e+00 -7.242915630340576172e-01 1.000000000000000000e+01
2.537041664123535156e+01 -4.000824356079102273e+01 5.816823959350585938e+00 4.500000000000000000e+01
3.075708150863647017e+00 -4.852154254913330078e+00 -7.053797841072082520e-01 1.800000000000000000e+01
4.246408462524414062e+00 -6.701606273651123047e+00 -6.941083073616027832e-01 5.000000000000000000e+00
1.509995746612549006e+01 -2.384889221191405895e+01 -1.479328155517577903e+00 1.300000000000000000e+01
1.412923693656920943e+00 -2.240214824676514116e+00 -7.096818089485168457e-01 1.300000000000000000e+01
1.643718481063842995e+00 -2.608161211013793945e+00 -7.117451429367065430e-01 1.100000000000000000e+01
1.962115526199341042e+00 -3.114580869674683061e+00 -7.155337333679199219e-01 1.100000000000000000e+01
2.434061527252196822e+00 -3.866720676422119141e+00 -7.236658334732055664e-01 1.000000000000000000e+01
2.528346824645996094e+01 -4.018056488037108664e+01 5.829010486602783203e+00 4.500000000000000000e+01
3.034442901611328125e+00 -4.824213504791259766e+00 -6.997737884521484375e-01 2.200000000000000000e+01
4.231473922729492188e+00 -6.729881286621093750e+00 -6.955028176307678223e-01 5.000000000000000000e+00
1.498686695098876953e+01 -2.385410118103026988e+01 -1.476397275924683061e+00 1.300000000000000000e+01
1.403678774833678977e+00 -2.243740558624268022e+00 -7.091642022132873535e-01 1.300000000000000000e+01
1.640345811843872070e+00 -2.624082803726195845e+00 -7.144445776939392090e-01 1.100000000000000000e+01
1.940283179283142090e+00 -3.105102062225341797e+00 -7.117175459861755371e-01 1.100000000000000000e+01
2.436612129211425781e+00 -3.902425289154053178e+00 -7.286717295646667480e-01 1.000000000000000000e+01
3.012537956237792969e+00 -4.828566074371337891e+00 -6.987988352775573730e-01 4.300000000000000000e+01
3.986424207687377930e+00 -6.392017841339111328e+00 -6.590717434883117676e-01 3.000000000000000000e+00
1.486130905151367010e+01 -2.384784889221191051e+01 -1.472629189491271973e+00 1.300000000000000000e+01
2.604663276672362926e+01 -4.181312561035156250e+01 1.137307548522949041e+01 1.400000000000000000e+01
2.642023277282714844e+01 -4.242937088012695312e+01 1.339284992218017933e+01 1.600000000000000000e+01
1.387687325477600098e+00 -2.235496044158935991e+00 -7.050230503082275391e-01 1.400000000000000000e+01
1.635284781455994096e+00 -2.636416912078856978e+00 -7.162441611289978027e-01 1.000000000000000000e+01
1.936674356460571067e+00 -3.123535871505736861e+00 -7.143889069557189941e-01 1.100000000000000000e+01
2.414652585983275923e+00 -3.897473096847534180e+00 -7.261688113212585449e-01 1.000000000000000000e+01
2.994619846343994141e+00 -4.837364673614501953e+00 -6.985550522804260254e-01 4.000000000000000000e+01
4.143367767333984375e+00 -6.695607662200927734e+00 -6.888790130615234375e-01 3.000000000000000000e+00
1.474226093292235973e+01 -2.384182167053223012e+01 -1.469070315361022949e+00 1.300000000000000000e+01
2.615620803833008168e+01 -4.233398056030272727e+01 1.333383941650390980e+01 1.500000000000000000e+01
1.384320139884948953e+00 -2.246664285659790039e+00 -7.070936560630798340e-01 1.400000000000000000e+01
1.622446417808532937e+00 -2.635187387466431108e+00 -7.144445776939392090e-01 1.000000000000000000e+01
1.929392695426940918e+00 -3.134957075119018999e+00 -7.155337333679199219e-01 1.000000000000000000e+01
2.406888723373413086e+00 -3.913872241973876953e+00 -7.277331352233886719e-01 1.100000000000000000e+01
2.980640649795531782e+00 -4.850651264190673828e+00 -6.990425586700439453e-01 4.000000000000000000e+01
4.074215888977050781e+00 -6.632914543151854581e+00 -6.810349822044372559e-01 5.000000000000000000e+00
1.468401241302490057e+01 -2.392462348937987926e+01 -1.471163749694823997e+00 1.300000000000000000e+01
2.615972709655762074e+01 -4.267207336425781250e+01 1.341148567199707031e+01 1.600000000000000000e+01
1.384530663490294966e+00 -2.264668703079224077e+00 -7.112347483634948730e-01 1.400000000000000000e+01
1.607142567634582964e+00 -2.630856752395629883e+00 -7.117451429367065430e-01 1.100000000000000000e+01
1.920484304428101030e+00 -3.145023822784423828e+00 -7.162969708442687988e-01 1.000000000000000000e+01
2.390125274658203125e+00 -3.917191028594971147e+00 -7.267945408821105957e-01 1.000000000000000000e+01
2.971957445144652876e+00 -4.874585151672363281e+00 -7.009924650192260742e-01 2.800000000000000000e+01
4.096659660339354581e+00 -6.721954345703125000e+00 -6.887046694755554199e-01 6.000000000000000000e+00
1.376011013984679954e+00 -2.267595767974853960e+00 -7.107170820236206055e-01 1.400000000000000000e+01
1.600430250167846902e+00 -2.639504432678223100e+00 -7.126449346542358398e-01 1.000000000000000000e+01
1.913097262382507102e+00 -3.156411886215209961e+00 -7.174417972564697266e-01 1.100000000000000000e+01
2.387355327606201172e+00 -3.941992282867432085e+00 -7.299231886863708496e-01 1.000000000000000000e+01
2.976331233978271040e+00 -4.918380737304688388e+00 -7.058672308921813965e-01 1.600000000000000000e+01
4.205311298370361328e+00 -6.952006816864013672e+00 -7.108422517776489258e-01 6.000000000000000000e+00
2.537423515319823863e+01 -4.199703216552733664e+01 1.132808494567870916e+01 1.400000000000000000e+01
1.364101529121398926e+00 -2.265764951705933061e+00 -7.086465358734130859e-01 1.500000000000000000e+01
1.591206908226012962e+00 -2.645075082778931108e+00 -7.126449346542358398e-01 1.100000000000000000e+01
1.892961978912353960e+00 -3.147928237915039062e+00 -7.140072584152221680e-01 1.000000000000000000e+01
2.369511127471923828e+00 -3.943528652191162109e+00 -7.286717295646667480e-01 1.000000000000000000e+01
2.955057382583618164e+00 -4.921932220458984375e+00 -7.048922777175903320e-01 1.800000000000000000e+01
4.179993152618408203e+00 -6.964935302734375000e+00 -7.106679081916809082e-01 8.000000000000000000e+00
2.528960418701171875e+01 -4.218898010253906250e+01 1.135597896575927912e+01 1.400000000000000000e+01
2.611599922180176137e+01 -4.360210800170897727e+01 1.361854076385498047e+01 1.600000000000000000e+01
1.351230978965759055e+00 -2.262220144271851030e+00 -7.060583829879760742e-01 1.400000000000000000e+01
1.594947576522826926e+00 -2.672367095947266069e+00 -7.184936404228210449e-01 9.000000000000000000e+00
1.889003157615662065e+00 -3.166318893432617188e+00 -7.166785597801208496e-01 1.100000000000000000e+01
2.359776973724364790e+00 -3.958562850952147993e+00 -7.299231886863708496e-01 1.000000000000000000e+01
2.938874483108520952e+00 -4.933922767639160156e+00 -7.051360011100769043e-01 1.500000000000000000e+01
4.151578426361083984e+00 -6.972636222839354581e+00 -7.099706530570983887e-01 8.000000000000000000e+00
1.431598949432373047e+01 -2.406301498413085938e+01 -1.467395544052124023e+00 1.300000000000000000e+01
2.597126579284667969e+01 -4.368847274780272727e+01 1.361854076385498047e+01 1.600000000000000000e+01
1.343326091766356978e+00 -2.266923189163208008e+00 -7.060583829879760742e-01 1.400000000000000000e+01
1.578659415245055930e+00 -2.666180133819580078e+00 -7.153443694114685059e-01 1.000000000000000000e+01
1.880939006805419922e+00 -3.177961826324462891e+00 -7.178234457969665527e-01 1.000000000000000000e+01
2.343933582305908203e+00 -3.963375329971313032e+00 -7.292974591255187988e-01 1.000000000000000000e+01
2.892347097396851030e+00 -4.894590377807617188e+00 -6.980676054954528809e-01 1.500000000000000000e+01
4.115054607391357422e+00 -6.966499805450438565e+00 -7.078789472579956055e-01 7.000000000000000000e+00
1.416896438598632990e+01 -2.400619888305664062e+01 -1.460905909538269043e+00 1.300000000000000000e+01
2.600521659851073863e+01 -4.411288070678710938e+01 1.372103309631348012e+01 1.600000000000000000e+01
1.341859698295593040e+00 -2.283490419387816939e+00 -7.096818089485168457e-01 1.500000000000000000e+01
1.565916657447814941e+00 -2.666907072067261186e+00 -7.139946222305297852e-01 9.000000000000000000e+00
1.873253703117371050e+00 -3.191607236862183061e+00 -7.193499207496643066e-01 1.000000000000000000e+01
2.337385892868041992e+00 -3.985571384429932085e+00 -7.318004369735717773e-01 1.100000000000000000e+01
2.918547630310059038e+00 -4.980516910552979404e+00 -7.087920904159545898e-01 1.600000000000000000e+01
4.066331863403320312e+00 -6.941994667053222656e+00 -7.038697600364685059e-01 5.000000000000000000e+00
1.407886505126952947e+01 -2.405452156066894887e+01 -1.460696578025818093e+00 1.300000000000000000e+01
2.517163085937500000e+01 -4.302435302734375000e+01 1.150804615020751953e+01 1.400000000000000000e+01
2.594860076904296875e+01 -4.437014770507813211e+01 1.377279663085938033e+01 1.600000000000000000e+01
1.339718103408813032e+00 -2.298174381256103960e+00 -7.127876281738281250e-01 1.300000000000000000e+01
1.559540390968322976e+00 -2.677408456802368164e+00 -7.153443694114685059e-01 1.000000000000000000e+01
1.861113667488097922e+00 -3.196429967880249023e+00 -7.189682722091674805e-01 1.000000000000000000e+01
2.319485902786254883e+00 -3.986876249313354048e+00 -7.305489778518676758e-01 1.100000000000000000e+01
2.366619682312012074e+01 -4.069526672363281250e+01 5.780262947082520419e+00 4.400000000000000000e+01
2.844279050827025923e+00 -4.892851352691650391e+00 -6.948990225791931152e-01 1.400000000000000000e+01
4.029061794281005859e+00 -6.933751583099365234e+00 -7.016037106513977051e-01 5.000000000000000000e+00
1.397876739501952947e+01 -2.407588386535644887e+01 -1.459021806716918945e+00 1.300000000000000000e+01
1.329187631607056108e+00 -2.297587633132935014e+00 -7.112347483634948730e-01 1.400000000000000000e+01
1.551628470420836958e+00 -2.684252500534058061e+00 -7.157942652702331543e-01 1.000000000000000000e+01
1.841663599014282005e+00 -3.187285184860229048e+00 -7.155337333679199219e-01 1.000000000000000000e+01
2.312178373336791992e+00 -4.004810333251953125e+00 -7.324261665344238281e-01 1.100000000000000000e+01
2.840933322906494141e+00 -4.924610137939453125e+00 -6.980676054954528809e-01 1.500000000000000000e+01
4.013013839721679688e+00 -6.959156036376953125e+00 -7.028239369392395020e-01 5.000000000000000000e+00
1.382905387878417969e+01 -2.400096893310546875e+01 -1.451694726943969949e+00 1.300000000000000000e+01
2.632070159912109020e+01 -4.571769332885742188e+01 1.413514328002930043e+01 1.700000000000000000e+01
1.312505602836609109e+00 -2.287133455276488814e+00 -7.065759897232055664e-01 1.300000000000000000e+01
1.543218612670897993e+00 -2.691342830657958984e+00 -7.162441611289978027e-01 1.000000000000000000e+01
1.836384415626526101e+00 -3.203914165496826172e+00 -7.178234457969665527e-01 1.100000000000000000e+01
2.296221494674683061e+00 -4.009428977966308594e+00 -7.318004369735717773e-01 1.100000000000000000e+01
2.850346326828002930e+00 -4.981016159057617188e+00 -7.046485543251037598e-01 1.600000000000000000e+01
3.935277223587036133e+00 -6.879731655120849609e+00 -6.934111118316650391e-01 4.000000000000000000e+00
1.371545791625976918e+01 -2.399707412719726918e+01 -1.448554635047913042e+00 1.300000000000000000e+01
2.615296173095703125e+01 -4.581385421752929688e+01 1.413514328002930043e+01 1.700000000000000000e+01
1.307381033897399902e+00 -2.296737670898437944e+00 -7.081289291381835938e-01 1.300000000000000000e+01
1.533814668655395952e+00 -2.696713447570800781e+00 -7.162441611289978027e-01 1.000000000000000000e+01
1.830041170120239036e+00 -3.218838214874268022e+00 -7.197315096855163574e-01 1.100000000000000000e+01
2.284163475036621094e+00 -4.020854949951171875e+00 -7.324261665344238281e-01 1.100000000000000000e+01
2.830981969833374023e+00 -4.987482547760009766e+00 -7.041610479354858398e-01 1.600000000000000000e+01
3.940735101699829102e+00 -6.945413112640380859e+00 -6.986404061317443848e-01 3.000000000000000000e+00
1.361190891265868963e+01 -2.401005554199219105e+01 -1.446461200714111106e+00 1.300000000000000000e+01
1.306004762649535911e+00 -2.313062906265258789e+00 -7.117523550987243652e-01 1.600000000000000000e+01
1.518646836280822976e+00 -2.691867351531981978e+00 -7.135447263717651367e-01 1.000000000000000000e+01
1.819758534431457964e+00 -3.226916790008544922e+00 -7.201131582260131836e-01 1.000000000000000000e+01
2.270114183425902876e+00 -4.028803348541259766e+00 -7.324261665344238281e-01 1.100000000000000000e+01
2.815503120422362837e+00 -5.000793457031250000e+00 -7.046485543251037598e-01 2.000000000000000000e+01
3.904741048812866211e+00 -6.938291072845458984e+00 -6.965487003326416016e-01 4.000000000000000000e+00
1.354759407043457031e+01 -2.409224128723144887e+01 -1.448554635047913042e+00 1.300000000000000000e+01
2.575940513610839844e+01 -4.582772445678710938e+01 1.213700962066650035e+01 1.600000000000000000e+01
2.621088600158691051e+01 -4.666907119750977273e+01 1.434219837188721058e+01 1.800000000000000000e+01
1.295090794563293013e+00 -2.312551021575928178e+00 -7.101994752883911133e-01 1.500000000000000000e+01
1.509241223335265891e+00 -2.697151899337768999e+00 -7.135447263717651367e-01 1.000000000000000000e+01
1.804649829864501953e+00 -3.226395606994628906e+00 -7.185866832733154297e-01 1.000000000000000000e+01
2.261819362640380859e+00 -4.047049045562744141e+00 -7.343033552169799805e-01 1.100000000000000000e+01
2.305634880065917969e+01 -4.127139282226563211e+01 5.804636955261229581e+00 4.500000000000000000e+01
2.792222738265991211e+00 -5.000192165374755859e+00 -7.031860947608947754e-01 2.400000000000000000e+01
3.980520963668822798e+00 -7.131068706512451172e+00 -7.145027518272399902e-01 5.000000000000000000e+00
1.344395637512207031e+01 -2.410449790954589844e+01 -1.446461200714111106e+00 1.300000000000000000e+01
1.286072611808777078e+00 -2.315368890762329102e+00 -7.096818089485168457e-01 1.600000000000000000e+01
1.511165142059325950e+00 -2.722850799560546875e+00 -7.189435958862304688e-01 1.000000000000000000e+01
1.794329047203063965e+00 -3.234392166137694868e+00 -7.189682722091674805e-01 9.000000000000000000e+00
2.249594211578369141e+00 -4.058375358581542969e+00 -7.349291443824768066e-01 1.100000000000000000e+01
2.805529117584228960e+00 -5.065477371215820312e+00 -7.109857201576232910e-01 2.000000000000000000e+01
3.958499670028686968e+00 -7.150149345397949219e+00 -7.150257229804992676e-01 3.000000000000000000e+00
1.335006618499756037e+01 -2.413380241394042969e+01 -1.445414423942565918e+00 1.300000000000000000e+01
2.562659454345703125e+01 -4.638422012329102273e+01 1.419933032989501953e+01 1.700000000000000000e+01
1.278914690017699973e+00 -2.321536064147949219e+00 -7.101994752883911133e-01 1.600000000000000000e+01
1.499771952629088911e+00 -2.724694728851317915e+00 -7.180437445640563965e-01 1.100000000000000000e+01
1.786813497543334961e+00 -3.247516155242919922e+00 -7.204947471618652344e-01 1.000000000000000000e+01
2.235414028167725053e+00 -4.066203117370604581e+00 -7.349291443824768066e-01 1.100000000000000000e+01
2.787830114364624023e+00 -5.075239658355712891e+00 -7.109857201576232910e-01 2.200000000000000000e+01
3.947900772094727007e+00 -7.190120220184326172e+00 -7.176403999328613281e-01 5.000000000000000000e+00
1.327534961700438920e+01 -2.419776725769042969e+01 -1.446461200714111106e+00 1.300000000000000000e+01
2.557664108276366832e+01 -4.665867614746093750e+01 1.425730609893799006e+01 1.800000000000000000e+01
1.269877076148987038e+00 -2.324290752410889116e+00 -7.096818089485168457e-01 1.300000000000000000e+01
1.570633983612061080e+01 -2.875967407226562855e+01 5.719851851463317871e-01 2.400000000000000000e+01
1.486516833305359109e+00 -2.723071336746215820e+00 -7.162441611289978027e-01 1.200000000000000000e+01
1.773585915565490945e+00 -3.250286579132080078e+00 -7.197315096855163574e-01 1.000000000000000000e+01
2.215533256530762163e+00 -4.063575267791748047e+00 -7.330518960952758789e-01 1.100000000000000000e+01
2.739708662033081055e+00 -5.029157638549804688e+00 -7.031860947608947754e-01 2.000000000000000000e+01
3.944693565368651900e+00 -7.244102001190186435e+00 -7.216495275497436523e-01 4.000000000000000000e+00
1.319080257415770951e+01 -2.424395942687987926e+01 -1.446461200714111106e+00 1.300000000000000000e+01
2.510359191894530895e+01 -4.617739105224608664e+01 1.408337974548340021e+01 1.700000000000000000e+01
1.267277956008910911e+00 -2.338900804519652876e+00 -7.127876281738281250e-01 1.400000000000000000e+01
1.473291516304015891e+00 -2.721388816833496094e+00 -7.144445776939392090e-01 1.000000000000000000e+01
1.765967011451720969e+00 -3.263364553451538086e+00 -7.212579846382141113e-01 9.000000000000000000e+00
2.201335191726685014e+00 -4.071284294128417969e+00 -7.330518960952758789e-01 1.100000000000000000e+01
2.294978904724121094e+01 -4.246245956420897727e+01 5.926506042480468750e+00 4.800000000000000000e+01
2.700435400009154829e+00 -4.998520374298095703e+00 -6.975800991058349609e-01 2.100000000000000000e+01
3.593714237213135210e+00 -6.654761791229248047e+00 -6.616864204406738281e-01 3.000000000000000000e+00
1.309092044830322088e+01 -2.426173210144042969e+01 -1.444786429405211958e+00 1.300000000000000000e+01
1.561977863311767933e+01 -2.897272491455078125e+01 -5.745332241058349609e-01 5.000000000000000000e+00
2.503392601013183949e+01 -4.643478393554688211e+01 1.413514328002930043e+01 1.700000000000000000e+01
1.262763500213623047e+00 -2.350116968154906782e+00 -7.148581743240356445e-01 1.400000000000000000e+01
1.550517749786376953e+01 -2.886862182617187855e+01 5.719851851463317871e-01 2.400000000000000000e+01
1.471157312393188032e+00 -2.740250587463378906e+00 -7.180437445640563965e-01 1.100000000000000000e+01
1.531094741821289062e+01 -2.853087806701660156e+01 1.696941018104553001e+00 1.700000000000000000e+01
1.752708315849303977e+00 -3.266049146652222124e+00 -7.204947471618652344e-01 9.000000000000000000e+00
2.190844058990478960e+00 -4.085906982421875000e+00 -7.343033552169799805e-01 1.100000000000000000e+01
2.668909072875977007e+00 -4.981669425964354581e+00 -6.939240694046020508e-01 1.500000000000000000e+01
4.102834224700927734e+00 -7.661383628845214844e+00 -7.603467106819152832e-01 5.000000000000000000e+00
1.295526885986327947e+01 -2.421218490600585938e+01 -1.439134120941162109e+00 1.300000000000000000e+01
1.249101638793945090e+00 -2.344280958175659180e+00 -7.117523550987243652e-01 1.300000000000000000e+01
1.537047195434569957e+01 -2.885903167724609020e+01 5.707286000251770020e-01 2.400000000000000000e+01
1.461583137512207031e+00 -2.745369195938109907e+00 -7.180437445640563965e-01 1.000000000000000000e+01
1.737607836723328081e+00 -3.265214920043944868e+00 -7.189682722091674805e-01 9.000000000000000000e+00
2.183059930801392046e+00 -4.105738639831542969e+00 -7.364934682846069336e-01 1.200000000000000000e+01
2.672924280166625977e+00 -5.031275749206542969e+00 -6.995300054550170898e-01 1.500000000000000000e+01
3.915341138839722124e+00 -7.372996330261229581e+00 -7.303650975227355957e-01 2.000000000000000000e+00
1.284259033203125000e+01 -2.420433044433594105e+01 -1.435993909835814986e+00 1.300000000000000000e+01
2.346476364135741832e+01 -4.426116943359375000e+01 -8.744353652000427246e-01 1.300000000000000000e+01
1.236398577690124956e+00 -2.340086460113524947e+00 -7.091642022132873535e-01 1.400000000000000000e+01
1.530326080322265980e+01 -2.897616386413573863e+01 5.719851851463317871e-01 2.400000000000000000e+01
1.455630064010619895e+00 -2.757347822189331055e+00 -7.198433876037597656e-01 1.000000000000000000e+01
1.732613205909729004e+00 -3.283414602279663086e+00 -7.216396331787109375e-01 1.000000000000000000e+01
2.167793750762939009e+00 -4.111586570739746094e+00 -7.361806035041809082e-01 1.300000000000000000e+01
2.669223785400391069e+00 -5.066919803619384766e+00 -7.031860947608947754e-01 1.800000000000000000e+01
1.275802326202392933e+01 -2.424901199340819957e+01 -1.435993909835814986e+00 1.300000000000000000e+01
1.228222608566283958e+00 -2.344388008117675781e+00 -7.091642022132873535e-01 1.300000000000000000e+01
1.444188833236693892e+00 -2.758959054946898970e+00 -7.189435958862304688e-01 1.100000000000000000e+01
1.487926101684569957e+01 -2.842514228820801137e+01 1.681449651718140093e+00 1.700000000000000000e+01
1.720231175422668013e+00 -3.287703037261962891e+00 -7.212579846382141113e-01 1.000000000000000000e+01
2.148852348327637163e+00 -4.110375881195068359e+00 -7.346162199974060059e-01 1.500000000000000000e+01
2.654277801513671875e+00 -5.081484794616699219e+00 -7.039173245429992676e-01 2.200000000000000000e+01
3.959675550460814986e+00 -7.583829402923583984e+00 -7.484934926033020020e-01 1.000000000000000000e+00
1.267329978942870916e+01 -2.429339790344237926e+01 -1.435993909835814986e+00 1.300000000000000000e+01
2.421710586547851918e+01 -4.644144058227539062e+01 1.209201908111572088e+01 1.600000000000000000e+01
2.475104141235351918e+01 -4.748558807373046875e+01 1.434841060638427912e+01 1.800000000000000000e+01
1.222703337669373003e+00 -2.353804111480712891e+00 -7.107170820236206055e-01 1.100000000000000000e+01
1.429163217544556108e+00 -2.753605365753173828e+00 -7.162441611289978027e-01 1.000000000000000000e+01
1.472899055480957031e+01 -2.839084243774414062e+01 1.676216006278991921e+00 1.700000000000000000e+01
1.712360858917236106e+00 -3.300658464431763139e+00 -7.227844595909118652e-01 9.000000000000000000e+00
2.139036893844604048e+00 -4.126620292663574219e+00 -7.361806035041809082e-01 1.300000000000000000e+01
2.629220485687255859e+00 -5.076617240905761719e+00 -7.019674181938171387e-01 2.200000000000000000e+01
4.004624843597412109e+00 -7.735614776611328125e+00 -7.620897889137268066e-01 2.000000000000000000e+00
1.260126972198485973e+01 -2.436232566833496094e+01 -1.437459349632262962e+00 1.300000000000000000e+01
2.430019950866698863e+01 -4.704047775268554688e+01 1.418690681457520064e+01 1.700000000000000000e+01
1.221498608589171919e+00 -2.369653701782227007e+00 -7.143405675888061523e-01 1.500000000000000000e+01
1.503846740722656072e+01 -2.918647384643555043e+01 5.731021165847778320e-01 2.400000000000000000e+01
1.419613122940063032e+00 -2.756349325180054155e+00 -7.157942652702331543e-01 1.300000000000000000e+01
1.698388576507567915e+00 -3.299039602279663086e+00 -7.212579846382141113e-01 9.000000000000000000e+00
2.128772735595703125e+00 -4.138589859008789062e+00 -7.371191978454589844e-01 1.500000000000000000e+01
2.605092525482178178e+00 -5.068961620330811435e+00 -6.997737884521484375e-01 2.200000000000000000e+01
3.373971223831177202e+00 -6.567857265472412109e+00 -6.459983587265014648e-01 1.000000000000000000e+00
1.247542190551757990e+01 -2.430584144592285156e+01 -1.431807041168212891e+00 1.300000000000000000e+01
1.212340354919434038e+00 -2.372182846069335938e+00 -7.138229012489318848e-01 1.400000000000000000e+01
1.498562049865723012e+01 -2.933495330810546875e+01 5.749869942665100098e-01 2.400000000000000000e+01
1.410869240760803001e+00 -2.763023376464844194e+00 -7.162441611289978027e-01 1.200000000000000000e+01
1.689540028572082964e+00 -3.310194015502930132e+00 -7.224028706550598145e-01 1.000000000000000000e+01
2.115210771560668945e+00 -4.147755146026611328e+00 -7.374320626258850098e-01 1.300000000000000000e+01
2.593691110610961914e+00 -5.090405464172363281e+00 -7.014799118041992188e-01 2.600000000000000000e+01
3.725369930267333984e+00 -7.314605712890625000e+00 -7.181633114814758301e-01 2.000000000000000000e+00
1.240861892700194957e+01 -2.438484191894530895e+01 -1.433900475502013938e+00 1.300000000000000000e+01
2.374575233459473012e+01 -4.668420410156250000e+01 1.209201908111572088e+01 1.600000000000000000e+01
1.194909453392029031e+00 -2.359376192092895952e+00 -7.086465358734130859e-01 1.200000000000000000e+01
1.489064693450927912e+01 -2.941465950012207031e+01 5.754756331443786621e-01 2.400000000000000000e+01
1.407771706581115945e+00 -2.782086372375487837e+00 -7.198433876037597656e-01 1.100000000000000000e+01
1.673851847648621050e+00 -3.309356689453125000e+00 -7.208763957023620605e-01 1.000000000000000000e+01
2.101776361465454102e+00 -4.159006118774414062e+00 -7.380577921867370605e-01 1.300000000000000000e+01
2.572332382202147993e+00 -5.094561576843261719e+00 -7.007487416267395020e-01 2.600000000000000000e+01
3.669809103012084961e+00 -7.271292686462402344e+00 -7.125853300094604492e-01 5.000000000000000000e+00
1.233714675903319957e+01 -2.446582412719726918e+01 -1.435993909835814986e+00 1.300000000000000000e+01
1.194467663764954057e+00 -2.379070997238159180e+00 -7.133052945137023926e-01 1.400000000000000000e+01
1.399799346923827903e+00 -2.790467262268065962e+00 -7.207431793212890625e-01 1.100000000000000000e+01
1.667569756507873979e+00 -3.325709342956542969e+00 -7.231661081314086914e-01 1.000000000000000000e+01
2.081937074661254883e+00 -4.155720233917236328e+00 -7.361806035041809082e-01 1.300000000000000000e+01
2.556310415267943892e+00 -5.107059955596923828e+00 -7.012361884117126465e-01 2.800000000000000000e+01
3.535643577575684038e+00 -7.066677093505859375e+00 -6.913193464279174805e-01 3.000000000000000000e+00
1.220701694488525035e+01 -2.441941642761230113e+01 -1.430760383605957031e+00 1.300000000000000000e+01
1.192181348800658958e+00 -2.395332336425780806e+00 -7.169287800788879395e-01 1.400000000000000000e+01
1.384844064712523970e+00 -2.784867048263549805e+00 -7.180437445640563965e-01 1.000000000000000000e+01
1.656824469566344993e+00 -3.333267927169799805e+00 -7.235476970672607422e-01 9.000000000000000000e+00
2.069175481796265093e+00 -4.166501045227050781e+00 -7.368063330650329590e-01 1.300000000000000000e+01
2.534056186676024947e+00 -5.107060909271240234e+00 -7.000175118446350098e-01 3.600000000000000000e+01
3.751746416091918945e+00 -7.564472675323486328e+00 -7.387320995330810547e-01 2.000000000000000000e+00
1.216604328155517933e+01 -2.455135726928710938e+01 -1.435993909835814986e+00 1.300000000000000000e+01
1.184667587280272993e+00 -2.401211738586425781e+00 -7.174463868141174316e-01 1.500000000000000000e+01
1.373391509056091087e+00 -2.786188125610352007e+00 -7.171439528465270996e-01 1.100000000000000000e+01
1.648649930953979048e+00 -3.346075296401977983e+00 -7.250741720199584961e-01 9.000000000000000000e+00
2.061598539352416992e+00 -4.187876224517822266e+00 -7.393093109130859375e-01 1.200000000000000000e+01
2.323503303527832031e+01 -4.721982192993164062e+01 6.461756229400634766e+00 5.600000000000000000e+01
2.506576538085937944e+00 -5.096281051635742188e+00 -6.973363757133483887e-01 2.200000000000000000e+01
3.785092353820800781e+00 -7.699106693267822266e+00 -7.505852580070495605e-01 4.000000000000000000e+00
1.205561351776123047e+01 -2.454347991943359020e+01 -1.433063149452209029e+00 1.300000000000000000e+01
1.173302412033081055e+00 -2.398185729980469194e+00 -7.153758406639099121e-01 1.500000000000000000e+01
1.369279384613037109e+00 -2.801231861114501953e+00 -7.198433876037597656e-01 1.100000000000000000e+01
1.632373690605164018e+00 -3.340940475463867188e+00 -7.227844595909118652e-01 9.000000000000000000e+00
2.049432992935181108e+00 -4.198240280151367188e+00 -7.399350404739379883e-01 1.100000000000000000e+01
2.520990133285522017e+00 -5.168796062469482422e+00 -7.061109542846679688e-01 1.500000000000000000e+01
3.412049293518065962e+00 -6.998837947845458984e+00 -6.812092661857604980e-01 0.000000000000000000e+00
1.196716117858887074e+01 -2.456895828247069957e+01 -1.432225823402405007e+00 1.300000000000000000e+01
1.161552309989928977e+00 -2.395313739776610884e+00 -7.133052945137023926e-01 1.500000000000000000e+01
1.362891674041748047e+00 -2.813009500503540039e+00 -7.216429710388183594e-01 1.000000000000000000e+01
1.620701789855957031e+00 -3.346618175506591797e+00 -7.227844595909118652e-01 9.000000000000000000e+00
2.034765958786011186e+00 -4.205368518829345703e+00 -7.399350404739379883e-01 1.100000000000000000e+01
2.522803783416748047e+00 -5.218670368194580078e+00 -7.117169499397277832e-01 2.000000000000000000e+01
3.476015329360961914e+00 -7.193686962127686435e+00 -6.989890336990356445e-01 2.000000000000000000e+00
1.188479995727539062e+01 -2.461777687072753906e+01 -1.432644486427306907e+00 1.300000000000000000e+01
1.153184056282043013e+00 -2.399353742599486861e+00 -7.133052945137023926e-01 1.500000000000000000e+01
1.353907704353332964e+00 -2.819506406784058061e+00 -7.220928668975830078e-01 9.000000000000000000e+00
1.615806221961975098e+00 -3.366414546966553178e+00 -7.258374094963073730e-01 1.000000000000000000e+01
2.019219875335692915e+00 -4.210664272308349609e+00 -7.396221756935119629e-01 1.100000000000000000e+01
2.500283241271973100e+00 -5.218493461608886719e+00 -7.104982733726501465e-01 1.600000000000000000e+01
3.483585119247436968e+00 -7.274060726165770596e+00 -7.056128978729248047e-01 2.000000000000000000e+00
1.148955583572387917e+00 -2.412084817886352983e+00 -7.158935070037841797e-01 1.300000000000000000e+01
1.334008455276489036e+00 -2.803099632263184038e+00 -7.166940569877624512e-01 9.000000000000000000e+00
1.604045391082763894e+00 -3.372034072875977007e+00 -7.258374094963073730e-01 9.000000000000000000e+00
2.007053375244141069e+00 -4.223039627075195312e+00 -7.405607700347900391e-01 1.100000000000000000e+01
2.483755111694335938e+00 -5.230775833129882812e+00 -7.109857201576232910e-01 2.000000000000000000e+01
3.458172798156737837e+00 -7.286176681518554688e+00 -7.056128978729248047e-01 5.000000000000000000e+00
1.174003124237061080e+01 -2.475789642333984020e+01 -1.435993909835814986e+00 1.300000000000000000e+01
1.140931487083435059e+00 -2.418026924133300781e+00 -7.164111137390136719e-01 1.500000000000000000e+01
1.330373287200927956e+00 -2.822071552276610884e+00 -7.202932834625244141e-01 9.000000000000000000e+00
1.591675519943237083e+00 -3.377890586853026900e+00 -7.258374094963073730e-01 1.000000000000000000e+01
1.990720272064208984e+00 -4.228579998016357422e+00 -7.402479052543640137e-01 1.100000000000000000e+01
2.462031841278076172e+00 -5.234455108642578125e+00 -7.102545499801635742e-01 2.200000000000000000e+01
3.417881250381470171e+00 -7.269953250885009766e+00 -7.028239369392395020e-01 1.000000000000000000e+00
1.164920997619629084e+01 -2.480076026916503906e+01 -1.435993909835814986e+00 1.300000000000000000e+01
1.131665825843811035e+00 -2.420244932174683061e+00 -7.158935070037841797e-01 1.600000000000000000e+01
1.323813557624816895e+00 -2.833760738372803178e+00 -7.220928668975830078e-01 9.000000000000000000e+00
1.576552271842956987e+00 -3.376310586929320845e+00 -7.243109345436096191e-01 9.000000000000000000e+00
1.976782798767090066e+00 -4.237293243408203125e+00 -7.405607700347900391e-01 1.100000000000000000e+01
2.437874794006348100e+00 -5.230422496795654297e+00 -7.085483670234680176e-01 2.400000000000000000e+01
3.310027360916138139e+00 -7.104850769042968750e+00 -6.857413649559020996e-01 0.000000000000000000e+00
1.156256866455077947e+01 -2.484127235412598012e+01 -1.435993909835814986e+00 1.300000000000000000e+01
1.119962096214293990e+00 -2.417169094085692915e+00 -7.138229012489318848e-01 1.400000000000000000e+01
1.315551161766052024e+00 -2.841901302337646040e+00 -7.229927182197570801e-01 9.000000000000000000e+00
1.569703578948975053e+00 -3.392483711242675781e+00 -7.266006469726562500e-01 1.000000000000000000e+01
1.965295433998107910e+00 -4.251339912414550781e+00 -7.418122291564941406e-01 1.100000000000000000e+01
2.407117366790771040e+00 -5.211868286132813388e+00 -7.048922777175903320e-01 2.600000000000000000e+01
3.583330392837523970e+00 -7.762152194976806641e+00 -7.479705810546875000e-01 4.000000000000000000e+00
1.147578620910645064e+01 -2.488148117065430043e+01 -1.435993909835814986e+00 1.300000000000000000e+01
1.109099626541137917e+00 -2.415796756744385210e+00 -7.122700214385986328e-01 1.300000000000000000e+01
1.305623054504394975e+00 -2.846476078033446822e+00 -7.229927182197570801e-01 9.000000000000000000e+00
1.561124920845031960e+00 -3.405080795288085938e+00 -7.281271219253540039e-01 1.000000000000000000e+01
1.944685101509094016e+00 -4.245602607727050781e+00 -7.396221756935119629e-01 9.000000000000000000e+00
2.398822307586669922e+00 -5.241899490356445312e+00 -7.078171372413635254e-01 1.800000000000000000e+01
3.218907833099364790e+00 -7.037193298339843750e+00 -6.770257949829101562e-01 0.000000000000000000e+00
1.137226009368895951e+01 -2.488505554199219105e+01 -1.433900475502013938e+00 1.300000000000000000e+01
1.107059359550476074e+00 -2.433721065521239790e+00 -7.164111137390136719e-01 1.400000000000000000e+01
1.290841341018676980e+00 -2.840371370315552202e+00 -7.202932834625244141e-01 9.000000000000000000e+00
1.547605514526366965e+00 -3.406934499740601030e+00 -7.273638844490051270e-01 9.000000000000000000e+00
1.932302355766295943e+00 -4.257761478424072266e+00 -7.405607700347900391e-01 1.100000000000000000e+01
2.380510091781616211e+00 -5.250240802764892578e+00 -7.078171372413635254e-01 1.800000000000000000e+01
3.562773227691649947e+00 -7.861382961273193359e+00 -7.551173567771911621e-01 2.000000000000000000e+00
1.121942138671875000e+01 -2.477904510498046875e+01 -1.425526738166809082e+00 1.300000000000000000e+01
1.102526068687438965e+00 -2.446377038955688032e+00 -7.189993262290954590e-01 1.300000000000000000e+01
1.280918836593627930e+00 -2.844860076904296875e+00 -7.202932834625244141e-01 9.000000000000000000e+00
1.535703659057616965e+00 -3.412315845489501953e+00 -7.273638844490051270e-01 9.000000000000000000e+00
1.920668482780456987e+00 -4.271687030792236328e+00 -7.418122291564941406e-01 1.100000000000000000e+01
2.367862701416016069e+00 -5.271193981170654297e+00 -7.095233201980590820e-01 2.200000000000000000e+01
3.182758331298828125e+00 -7.088575363159179688e+00 -6.798148155212402344e-01 0.000000000000000000e+00
1.110669994354248047e+01 -2.475974464416503906e+01 -1.422177314758301003e+00 1.300000000000000000e+01
1.089254379272460938e+00 -2.439626455307006836e+00 -7.158935070037841797e-01 1.400000000000000000e+01
1.275743722915648970e+00 -2.859992265701293945e+00 -7.229927182197570801e-01 9.000000000000000000e+00
1.522184133529663086e+00 -3.414069652557373047e+00 -7.266006469726562500e-01 9.000000000000000000e+00
1.908960938453674094e+00 -4.285583496093750000e+00 -7.430636882781982422e-01 1.100000000000000000e+01
2.362361907958983931e+00 -5.308444976806640625e+00 -7.134231328964233398e-01 2.000000000000000000e+01
3.149897813796997070e+00 -7.081438064575195312e+00 -6.780716776847839355e-01 0.000000000000000000e+00
1.097316169738770064e+01 -2.469250297546387074e+01 -1.416106343269347922e+00 1.200000000000000000e+01
1.075261712074280007e+00 -2.431046724319458008e+00 -7.122700214385986328e-01 1.300000000000000000e+01
1.267328023910522017e+00 -2.867992877960205078e+00 -7.238925099372863770e-01 1.000000000000000000e+01
1.509464383125304954e+00 -3.417566299438477007e+00 -7.262190580368041992e-01 9.000000000000000000e+00
1.895584821701050027e+00 -4.295835018157958984e+00 -7.436894178390502930e-01 1.100000000000000000e+01
2.347821474075316939e+00 -5.325740814208984375e+00 -7.146418094635009766e-01 3.300000000000000000e+01
3.491502523422241211e+00 -7.923785686492919922e+00 -7.575576901435852051e-01 2.000000000000000000e+00
1.089977741241455078e+01 -2.475990486145019887e+01 -1.417780995368957964e+00 1.200000000000000000e+01
1.069870352745055930e+00 -2.441863059997559038e+00 -7.143405675888061523e-01 1.300000000000000000e+01
1.258872032165526900e+00 -2.875969648361206055e+00 -7.247923016548156738e-01 9.000000000000000000e+00
1.503821015357970969e+00 -3.437203645706177202e+00 -7.292720079421997070e-01 1.000000000000000000e+01
1.878995656967163086e+00 -4.298805713653563565e+00 -7.430636882781982422e-01 1.100000000000000000e+01
2.330011129379272017e+00 -5.335723400115966797e+00 -7.148855924606323242e-01 3.900000000000000000e+01
3.525989055633544922e+00 -8.078355789184570312e+00 -7.711539864540100098e-01 6.000000000000000000e+00
1.062878251075745073e+00 -2.449126958847045898e+00 -7.153758406639099121e-01 1.300000000000000000e+01
1.244174242019653098e+00 -2.869618892669678178e+00 -7.220928668975830078e-01 9.000000000000000000e+00
1.491033196449280007e+00 -3.440630674362183061e+00 -7.288903594017028809e-01 9.000000000000000000e+00
1.867117881774901900e+00 -4.312589645385742188e+00 -7.443152070045471191e-01 1.100000000000000000e+01
2.288518190383911133e+00 -5.290987014770507812e+00 -7.078171372413635254e-01 1.800000000000000000e+01
3.078732490539550781e+00 -7.121349811553955078e+00 -6.787689328193664551e-01 0.000000000000000000e+00
1.058137178421020952e+00 -2.461696386337279829e+00 -7.179640531539916992e-01 1.300000000000000000e+01
1.237225532531738059e+00 -2.881106853485106978e+00 -7.238925099372863770e-01 9.000000000000000000e+00
1.480562686920166016e+00 -3.449422597885131836e+00 -7.296535968780517578e-01 9.000000000000000000e+00
1.847381830215454102e+00 -4.308187961578369141e+00 -7.424379587173461914e-01 1.100000000000000000e+01
2.284105777740478960e+00 -5.331788063049316406e+00 -7.122044563293457031e-01 2.600000000000000000e+01
3.061697959899901900e+00 -7.150368690490722656e+00 -6.805120110511779785e-01 0.000000000000000000e+00
1.048024415969849077e+00 -2.461820125579833984e+00 -7.169287800788879395e-01 1.200000000000000000e+01
1.228686451911926047e+00 -2.888994693756103960e+00 -7.247923016548156738e-01 9.000000000000000000e+00
1.466976881027221902e+00 -3.450956106185913086e+00 -7.288903594017028809e-01 9.000000000000000000e+00
1.836965084075927956e+00 -4.325519561767578125e+00 -7.443152070045471191e-01 1.100000000000000000e+01
2.256176710128784180e+00 -5.317799091339111328e+00 -7.092795968055725098e-01 2.200000000000000000e+01
3.098947763442993164e+00 -7.307754516601563388e+00 -6.944569349288940430e-01 0.000000000000000000e+00
1.053275585174561080e+01 -2.486186027526855113e+01 -1.415059566497802956e+00 1.200000000000000000e+01
1.036422729492187944e+00 -2.458342790603638139e+00 -7.148581743240356445e-01 1.100000000000000000e+01
1.219350934028625044e+00 -2.895061731338500977e+00 -7.252421975135803223e-01 8.000000000000000000e+00
1.456445336341857910e+00 -3.459674596786499023e+00 -7.296535968780517578e-01 9.000000000000000000e+00
1.826449871063231978e+00 -4.342830657958984375e+00 -7.461923956871032715e-01 1.100000000000000000e+01
2.227604150772095171e+00 -5.301850795745849609e+00 -7.061109542846679688e-01 2.000000000000000000e+01
3.019419193267821822e+00 -7.189939022064208984e+00 -6.822551488876342773e-01 1.000000000000000000e+00
1.052317523956299006e+01 -2.508264923095703125e+01 -1.425526738166809082e+00 1.300000000000000000e+01
1.030068039894104004e+00 -2.467293739318848100e+00 -7.164111137390136719e-01 1.300000000000000000e+01
1.212988615036010964e+00 -2.908293485641479048e+00 -7.274917364120483398e-01 9.000000000000000000e+00
1.449647903442383035e+00 -3.477422237396239790e+00 -7.323248982429504395e-01 1.000000000000000000e+01
1.804444432258605957e+00 -4.332767486572265625e+00 -7.433765530586242676e-01 9.000000000000000000e+00
2.225096940994263139e+00 -5.348083019256591797e+00 -7.112295031547546387e-01 1.600000000000000000e+01
2.986652851104735884e+00 -7.182038307189941406e+00 -6.805120110511779785e-01 1.000000000000000000e+00
1.040797138214110973e+01 -2.505282974243164062e+01 -1.421758532524109109e+00 1.300000000000000000e+01
1.025877594947814941e+00 -2.481586217880249023e+00 -7.195169329643249512e-01 1.300000000000000000e+01
1.198366165161133035e+00 -2.901702642440795898e+00 -7.247923016548156738e-01 9.000000000000000000e+00
1.434504270553589089e+00 -3.475202322006226030e+00 -7.307984232902526855e-01 1.000000000000000000e+01
1.791568517684936968e+00 -4.344518661499023438e+00 -7.443152070045471191e-01 1.100000000000000000e+01
2.203390598297119141e+00 -5.348475933074951172e+00 -7.102545499801635742e-01 1.500000000000000000e+01
2.958530426025391069e+00 -7.185050487518311435e+00 -6.798148155212402344e-01 1.000000000000000000e+00
1.029158496856688920e+01 -2.501881790161133168e+01 -1.417780995368957964e+00 1.200000000000000000e+01
1.015745401382446067e+00 -2.481576442718505859e+00 -7.184816598892211914e-01 1.200000000000000000e+01
1.188230037689208984e+00 -2.905868053436278853e+00 -7.247923016548156738e-01 9.000000000000000000e+00
1.422364830970763938e+00 -3.480188608169556108e+00 -7.307984232902526855e-01 1.000000000000000000e+01
1.780872583389282005e+00 -4.361718654632568359e+00 -7.461923956871032715e-01 1.100000000000000000e+01
2.167463779449462891e+00 -5.313858985900878906e+00 -7.046485543251037598e-01 1.100000000000000000e+01
2.981570243835449219e+00 -7.313411235809326172e+00 -6.909707188606262207e-01 0.000000000000000000e+00
1.021021747589110973e+01 -2.506938743591308949e+01 -1.418618440628051980e+00 1.200000000000000000e+01
1.004900217056273970e+00 -2.479735612869263139e+00 -7.169287800788879395e-01 1.200000000000000000e+01
1.178810715675354004e+00 -2.911804437637329102e+00 -7.252421975135803223e-01 9.000000000000000000e+00
1.407262325286865012e+00 -3.477852582931518999e+00 -7.292720079421997070e-01 1.000000000000000000e+01
1.764896154403686968e+00 -4.366076946258544922e+00 -7.458795309066772461e-01 9.000000000000000000e+00
2.143698692321776900e+00 -5.308507442474365234e+00 -7.029423713684082031e-01 1.100000000000000000e+01
2.900840282440185991e+00 -7.187053680419921875e+00 -6.780716776847839355e-01 0.000000000000000000e+00
1.014206600189208984e+01 -2.515303611755371094e+01 -1.421339869499206987e+00 1.300000000000000000e+01
9.947995543479919434e-01 -2.479642391204833984e+00 -7.158935070037841797e-01 1.200000000000000000e+01
1.171539306640625000e+00 -2.923136949539185014e+00 -7.270417809486389160e-01 8.000000000000000000e+00
1.400954127311706987e+00 -3.497323513031005859e+00 -7.323248982429504395e-01 1.100000000000000000e+01
1.750378847122191939e+00 -4.374044895172119141e+00 -7.461923956871032715e-01 1.100000000000000000e+01
2.133997917175292969e+00 -5.338077068328857422e+00 -7.058672308921813965e-01 9.000000000000000000e+00
2.883127927780150923e+00 -7.215637683868408203e+00 -6.798148155212402344e-01 0.000000000000000000e+00
1.005420303344726918e+01 -2.518828582763671875e+01 -1.421339869499206987e+00 1.300000000000000000e+01
9.884319901466369629e-01 -2.486345767974853960e+00 -7.169287800788879395e-01 1.100000000000000000e+01
1.159473061561584029e+00 -2.919558525085449219e+00 -7.252421975135803223e-01 8.000000000000000000e+00
1.386338591575623003e+00 -3.492583751678466797e+00 -7.304168343544006348e-01 1.100000000000000000e+01
1.735172510147094949e+00 -4.375849723815917969e+00 -7.455666661262512207e-01 1.100000000000000000e+01
2.107713222503662109e+00 -5.320762634277343750e+00 -7.026986479759216309e-01 9.000000000000000000e+00
9.967677116394042969e+00 -2.520117568969726918e+01 -1.420293211936950906e+00 1.300000000000000000e+01
9.811617732048034668e-01 -2.493376255035399947e+00 -7.179640531539916992e-01 1.200000000000000000e+01
1.148561954498291016e+00 -2.921774387359619141e+00 -7.247923016548156738e-01 9.000000000000000000e+00
1.380600214004517046e+00 -3.513847112655640093e+00 -7.338513731956481934e-01 1.100000000000000000e+01
1.719165563583374023e+00 -4.380041599273681641e+00 -7.452538013458251953e-01 1.100000000000000000e+01
2.097823143005371094e+00 -5.350265026092529297e+00 -7.056235074996948242e-01 1.100000000000000000e+01
2.907906532287598100e+00 -7.420103073120117188e+00 -6.972459554672241211e-01 0.000000000000000000e+00
9.843242645263671875e+00 -2.514282417297362926e+01 -1.415059566497802956e+00 1.200000000000000000e+01
9.743826389312744141e-01 -2.504326820373535156e+00 -7.200345993041992188e-01 1.100000000000000000e+01
1.137334704399109109e+00 -2.926162958145142046e+00 -7.247923016548156738e-01 9.000000000000000000e+00
1.362832307815551980e+00 -3.508142232894897017e+00 -7.315616607666015625e-01 1.000000000000000000e+01
1.705908179283142090e+00 -4.395818233489990234e+00 -7.468181252479553223e-01 1.100000000000000000e+01
2.079416751861571822e+00 -5.363832950592041016e+00 -7.063547372817993164e-01 1.300000000000000000e+01
9.774024963378906250e+00 -2.525121307373046875e+01 -1.419037103652954102e+00 1.300000000000000000e+01
9.635523557662963867e-01 -2.502304315567017046e+00 -7.184816598892211914e-01 1.200000000000000000e+01
1.133410215377808061e+00 -2.946484565734862837e+00 -7.288414239883422852e-01 1.000000000000000000e+01
1.349169254302978960e+00 -3.509212970733643022e+00 -7.307984232902526855e-01 1.100000000000000000e+01
1.691261768341064009e+00 -4.403590202331542969e+00 -7.471309900283813477e-01 1.200000000000000000e+01
2.074191093444824219e+00 -5.406272888183593750e+00 -7.109857201576232910e-01 1.500000000000000000e+01
2.830609321594237837e+00 -7.381689548492431641e+00 -6.916679739952087402e-01 0.000000000000000000e+00
9.672962188720703125e+00 -2.525160598754883168e+01 -1.417153000831604004e+00 1.200000000000000000e+01
9.513723254203796387e-01 -2.496626377105712891e+00 -7.158935070037841797e-01 1.200000000000000000e+01
1.123118162155150923e+00 -2.950423002243041992e+00 -7.288414239883422852e-01 1.100000000000000000e+01
1.339704155921936035e+00 -3.521240949630736861e+00 -7.323248982429504395e-01 1.000000000000000000e+01
1.675178170204163042e+00 -4.407620429992675781e+00 -7.468181252479553223e-01 1.100000000000000000e+01
2.077854156494141069e+00 -5.472867012023925781e+00 -7.187854051589965820e-01 1.600000000000000000e+01
3.097465515136719194e+00 -8.162717819213867188e+00 -7.638329267501831055e-01 1.000000000000000000e+00
9.570599555969238281e+00 -2.524786376953125000e+01 -1.415059566497802956e+00 1.200000000000000000e+01
9.453780651092529297e-01 -2.507162570953369141e+00 -7.179640531539916992e-01 1.300000000000000000e+01
1.108690857887268066e+00 -2.943383455276488814e+00 -7.261419892311096191e-01 1.100000000000000000e+01
1.330863118171691895e+00 -3.535082578659058061e+00 -7.342330217361450195e-01 1.100000000000000000e+01
1.657696485519408958e+00 -4.407894134521484375e+00 -7.458795309066772461e-01 9.000000000000000000e+00
2.082473516464232954e+00 -5.543268680572509766e+00 -7.270724773406982422e-01 1.500000000000000000e+01
2.776205301284790039e+00 -7.393810272216796875e+00 -6.909707188606262207e-01 0.000000000000000000e+00
9.468381881713867188e+00 -2.524371719360351918e+01 -1.412966132164001021e+00 1.200000000000000000e+01
9.408764839172363281e-01 -2.519168853759766069e+00 -7.205522060394287109e-01 1.500000000000000000e+01
1.100800871849060059e+00 -2.950503587722777876e+00 -7.270417809486389160e-01 1.100000000000000000e+01
1.318378925323486106e+00 -3.535567283630371094e+00 -7.334697842597961426e-01 1.000000000000000000e+01
1.646598696708678977e+00 -4.420484542846679688e+00 -7.471309900283813477e-01 9.000000000000000000e+00
2.082355499267578125e+00 -5.596295356750488281e+00 -7.331659793853759766e-01 1.500000000000000000e+01
3.052983522415161133e+00 -8.209225654602050781e+00 -7.662733197212219238e-01 1.000000000000000000e+00
9.354252815246582031e+00 -2.517972755432128906e+01 -1.407732605934143066e+00 1.200000000000000000e+01
9.327468276023864746e-01 -2.524250030517578125e+00 -7.210698723793029785e-01 1.300000000000000000e+01
1.087795734405518022e+00 -2.947015523910522017e+00 -7.252421975135803223e-01 1.100000000000000000e+01
1.303990840911865012e+00 -3.534621953964232954e+00 -7.323248982429504395e-01 1.000000000000000000e+01
1.631158232688904031e+00 -4.426205158233642578e+00 -7.471309900283813477e-01 9.000000000000000000e+00
2.078580856323242188e+00 -5.646376132965087891e+00 -7.387719750404357910e-01 1.500000000000000000e+01
2.819294691085814986e+00 -7.662618637084960938e+00 -7.143284678459167480e-01 1.000000000000000000e+00
9.204292297363281250e+00 -2.504350662231444957e+01 -1.398312091827393022e+00 1.200000000000000000e+01
9.234887361526489258e-01 -2.527651548385620117e+00 -7.210698723793029785e-01 1.300000000000000000e+01
1.079659581184386985e+00 -2.958305120468140093e+00 -7.270417809486389160e-01 1.000000000000000000e+01
1.290354251861572044e+00 -3.537533044815063032e+00 -7.319433093070983887e-01 1.100000000000000000e+01
1.614924430847167969e+00 -4.432154178619384766e+00 -7.471309900283813477e-01 9.000000000000000000e+00
2.084350585937500000e+00 -5.726706027984619141e+00 -7.482777833938598633e-01 1.600000000000000000e+01
2.804813146591186968e+00 -7.710347652435302734e+00 -7.178146839141845703e-01 0.000000000000000000e+00
9.111077308654785156e+00 -2.507332038879394887e+01 -1.398102760314940962e+00 1.200000000000000000e+01
9.087504148483276367e-01 -2.514508247375487837e+00 -7.164111137390136719e-01 1.300000000000000000e+01
1.071973443031311035e+00 -2.969387769699097124e+00 -7.288414239883422852e-01 1.100000000000000000e+01
1.281329751014709029e+00 -3.551249504089355025e+00 -7.338513731956481934e-01 1.000000000000000000e+01
1.599443554878235085e+00 -4.437764167785645419e+00 -7.471309900283813477e-01 9.000000000000000000e+00
2.087210416793822798e+00 -5.797450065612792969e+00 -7.565648555755615234e-01 1.600000000000000000e+01
2.831847667694091797e+00 -7.870069026947020596e+00 -7.317596077919006348e-01 1.000000000000000000e+00
9.014041900634765625e+00 -2.507865715026855113e+01 -1.396637320518494096e+00 1.200000000000000000e+01
9.064702987670898438e-01 -2.535856246948242188e+00 -7.215874791145324707e-01 1.300000000000000000e+01
1.058980584144592063e+00 -2.965770483016968218e+00 -7.270417809486389160e-01 1.100000000000000000e+01
1.270245552062988059e+00 -3.559398412704468218e+00 -7.346146106719970703e-01 1.000000000000000000e+01
1.587259531021117942e+00 -4.452623844146729404e+00 -7.486953735351562500e-01 8.000000000000000000e+00
2.083608388900756836e+00 -5.851452350616455078e+00 -7.626583576202392578e-01 1.600000000000000000e+01
8.929121971130371094e+00 -2.511749649047851918e+01 -1.397055983543395996e+00 1.200000000000000000e+01
8.963251709938049316e-01 -2.535362243652344194e+00 -7.205522060394287109e-01 1.300000000000000000e+01
1.049919366836548074e+00 -2.973124027252196822e+00 -7.279416322708129883e-01 1.000000000000000000e+01
1.266307473182678001e+00 -3.587877988815308061e+00 -7.395756840705871582e-01 1.100000000000000000e+01
1.567109823226928933e+00 -4.445096492767333984e+00 -7.465052604675292969e-01 9.000000000000000000e+00
2.086907625198363814e+00 -5.926095485687255859e+00 -7.714329361915588379e-01 1.600000000000000000e+01
2.824461221694945845e+00 -8.024962425231933594e+00 -7.443100214004516602e-01 1.000000000000000000e+00
8.822843551635742188e+00 -2.509575462341308949e+01 -1.394125223159790039e+00 1.200000000000000000e+01
8.893823027610778809e-01 -2.543946504592895952e+00 -7.221051454544067383e-01 1.200000000000000000e+01
1.038892388343811035e+00 -2.974931001663208008e+00 -7.274917364120483398e-01 9.000000000000000000e+00
1.244071602821350098e+00 -3.564472436904906782e+00 -7.338513731956481934e-01 1.000000000000000000e+01
1.556786179542541948e+00 -4.465461730957031250e+00 -7.490082383155822754e-01 9.000000000000000000e+00
2.083182573318481001e+00 -5.982085704803466797e+00 -7.777701616287231445e-01 1.500000000000000000e+01
2.848823785781859907e+00 -8.185307502746582031e+00 -7.582549452781677246e-01 3.000000000000000000e+00
8.707643508911132812e+00 -2.504716491699219105e+01 -1.389729022979736106e+00 1.200000000000000000e+01
8.836527466773986816e-01 -2.556164503097534180e+00 -7.246932983398437500e-01 1.300000000000000000e+01
1.029137730598449929e+00 -2.980381250381470171e+00 -7.279416322708129883e-01 1.000000000000000000e+01
1.232262134552001953e+00 -3.570649147033690962e+00 -7.342330217361450195e-01 1.100000000000000000e+01
1.542476892471313032e+00 -4.474603652954101562e+00 -7.496339678764343262e-01 9.000000000000000000e+00
2.083615779876708984e+00 -6.051259994506835938e+00 -7.858135104179382324e-01 1.200000000000000000e+01
2.825421094894409180e+00 -8.210272789001464844e+00 -7.596494555473327637e-01 4.000000000000000000e+00
8.609771728515625000e+00 -2.504718780517578125e+01 -1.388054251670836958e+00 1.200000000000000000e+01
8.682949542999267578e-01 -2.538973808288574219e+00 -7.189993262290954590e-01 1.400000000000000000e+01
1.024918198585510032e+00 -3.000374794006348100e+00 -7.319907546043395996e-01 9.000000000000000000e+00
1.222317576408386008e+00 -3.580289840698242188e+00 -7.353778481483459473e-01 1.000000000000000000e+01
1.534005880355834961e+00 -4.498390674591063565e+00 -7.527626752853393555e-01 9.000000000000000000e+00
1.377912235260009943e+01 -4.042964172363281250e+01 5.244525432586669922e+00 3.000000000000000000e+01
2.089779853820800781e+00 -6.135178089141845703e+00 -7.958068251609802246e-01 1.000000000000000000e+01
2.788547992706298828e+00 -8.191306114196777344e+00 -7.570347785949707031e-01 6.000000000000000000e+00
8.521520614624023438e+00 -2.506047439575194957e+01 -1.387216806411742942e+00 1.200000000000000000e+01
8.612832427024841309e-01 -2.547479391098022017e+00 -7.205522060394287109e-01 1.200000000000000000e+01
1.014438748359679954e+00 -3.003934144973754883e+00 -7.319907546043395996e-01 1.000000000000000000e+01
1.211068272590636985e+00 -3.588254928588867188e+00 -7.361410856246948242e-01 1.000000000000000000e+01
1.513876914978026900e+00 -4.490614891052246094e+00 -7.505725622177124023e-01 9.000000000000000000e+00
2.096225023269652876e+00 -6.225212574005126953e+00 -8.065313100814819336e-01 7.000000000000000000e+00
2.752947568893433061e+00 -8.180218696594238281e+00 -7.551173567771911621e-01 3.000000000000000000e+00
8.402172088623046875e+00 -2.499540901184082031e+01 -1.381983280181884988e+00 1.200000000000000000e+01
8.560596704483032227e-01 -2.561463832855225053e+00 -7.236580252647399902e-01 1.300000000000000000e+01
1.002712726593018022e+00 -3.003759860992432085e+00 -7.310909032821655273e-01 9.000000000000000000e+00
8.936438560485839844e+00 -2.678586006164551137e+01 1.479851484298706055e+00 1.400000000000000000e+01
1.197914242744446023e+00 -3.590598106384276900e+00 -7.357594966888427734e-01 1.000000000000000000e+01
1.498816967010498047e+00 -4.497745990753173828e+00 -7.508854269981384277e-01 9.000000000000000000e+00
1.333972454071044922e+01 -4.005400466918945312e+01 5.183590888977050781e+00 2.900000000000000000e+01
2.083259105682373047e+00 -6.258860588073729581e+00 -8.099436759948730469e-01 5.000000000000000000e+00
2.770286083221435991e+00 -8.327786445617675781e+00 -7.678421139717102051e-01 3.000000000000000000e+00
8.317390441894531250e+00 -2.503216743469237926e+01 -1.382401943206787109e+00 1.200000000000000000e+01
1.838233375549316051e+01 -5.538840484619141336e+01 -1.018662095069885032e+00 1.500000000000000000e+01
8.477192521095275879e-01 -2.566270828247069868e+00 -7.241756916046142578e-01 1.400000000000000000e+01
9.922215342521667480e-01 -3.007241725921630859e+00 -7.310909032821655273e-01 9.000000000000000000e+00
1.189062237739562988e+00 -3.605944871902465820e+00 -7.380492091178894043e-01 1.100000000000000000e+01
1.486197590827941895e+00 -4.512331485748291016e+00 -7.524497509002685547e-01 1.100000000000000000e+01
2.072565078735352007e+00 -6.300036907196044922e+00 -8.143309354782104492e-01 7.000000000000000000e+00
2.744311094284058061e+00 -8.346869468688964844e+00 -7.687136530876159668e-01 1.000000000000000000e+00
8.224975585937500000e+00 -2.504586791992187855e+01 -1.381564617156981978e+00 1.200000000000000000e+01
1.816644287109375000e+01 -5.538383102416992188e+01 -1.017405509948730025e+00 1.500000000000000000e+01
8.405547738075256348e-01 -2.574723720550537109e+00 -7.257286310195922852e-01 1.400000000000000000e+01
9.811141490936279297e-01 -3.008834123611450195e+00 -7.306410074234008789e-01 1.000000000000000000e+01
1.172209739685059038e+00 -3.597007036209106001e+00 -7.353778481483459473e-01 1.000000000000000000e+01
1.474106073379517046e+00 -4.528761863708496094e+00 -7.543269991874694824e-01 9.000000000000000000e+00
2.059767723083496094e+00 -6.335550308227539062e+00 -8.179870247840881348e-01 7.000000000000000000e+00
2.689299821853638139e+00 -8.276813507080078125e+00 -7.613925933837890625e-01 1.000000000000000000e+00
8.128868103027343750e+00 -2.504782867431640980e+01 -1.380099177360534890e+00 1.200000000000000000e+01
8.256309032440185547e-01 -2.559256553649901900e+00 -7.205522060394287109e-01 1.300000000000000000e+01
9.712030291557312012e-01 -3.014095306396483931e+00 -7.310909032821655273e-01 9.000000000000000000e+00
1.162053942680359109e+00 -3.608551979064940962e+00 -7.369043231010437012e-01 1.000000000000000000e+01
1.456474184989928977e+00 -4.528238773345947266e+00 -7.533884048461914062e-01 9.000000000000000000e+00
2.052819013595581055e+00 -6.389950752258300781e+00 -8.240805268287658691e-01 7.000000000000000000e+00
2.858946800231934038e+00 -8.904576301574707031e+00 -8.182181119918823242e-01 7.000000000000000000e+00
8.074318885803222656e+00 -2.517875289916991832e+01 -1.385751485824584961e+00 1.200000000000000000e+01
8.190392255783081055e-01 -2.569485425949097124e+00 -7.226227521896362305e-01 1.300000000000000000e+01
9.618583321571350098e-01 -3.021180868148804155e+00 -7.319907546043395996e-01 9.000000000000000000e+00
1.152426958084106001e+00 -3.621940374374390093e+00 -7.388124465942382812e-01 1.100000000000000000e+01
1.434077739715575950e+00 -4.512586593627929688e+00 -7.499468326568603516e-01 8.000000000000000000e+00
2.038909196853638139e+00 -6.423566341400145596e+00 -8.274928331375122070e-01 3.000000000000000000e+00
2.845919847488402876e+00 -8.971475601196289062e+00 -8.234474658966064453e-01 3.000000000000000000e+00
8.010509490966796875e+00 -2.528294181823730113e+01 -1.389938354492187944e+00 1.200000000000000000e+01
8.106453418731689453e-01 -2.574171304702758789e+00 -7.231404185295104980e-01 1.200000000000000000e+01
8.463930130004882812e+00 -2.689324951171875000e+01 4.921229481697083075e-01 1.800000000000000000e+01
9.495524764060974121e-01 -3.018943071365356001e+00 -7.306410074234008789e-01 1.000000000000000000e+01
1.144486784934998003e+00 -3.640924215316772017e+00 -7.418653964996337891e-01 1.100000000000000000e+01
1.425417542457581010e+00 -4.540181159973145419e+00 -7.537012696266174316e-01 8.000000000000000000e+00
2.018850326538085938e+00 -6.438220977783203125e+00 -8.284677863121032715e-01 5.000000000000000000e+00
2.785391569137572798e+00 -8.888195991516113281e+00 -8.149061799049377441e-01 7.000000000000000000e+00
7.886410713195800781e+00 -2.519638633728026988e+01 -1.383658051490783913e+00 1.200000000000000000e+01
8.066979050636291504e-01 -2.591601848602294922e+00 -7.272815108299255371e-01 1.200000000000000000e+01
9.401146173477172852e-01 -3.023936271667480025e+00 -7.310909032821655273e-01 9.000000000000000000e+00
1.130659222602844016e+00 -3.639075040817261186e+00 -7.407205104827880859e-01 1.000000000000000000e+01
7.333926677703857422e+00 -2.361910438537598012e+01 2.163728475570679155e+00 2.200000000000000000e+01
1.406841278076172097e+00 -4.533563137054443359e+00 -7.518240213394165039e-01 9.000000000000000000e+00
7.300027370452880859e+00 -2.353894042968750000e+01 3.026015758514403853e+00 1.000000000000000000e+01
1.992787837982177956e+00 -6.429711341857910156e+00 -8.265178799629211426e-01 5.000000000000000000e+00
2.536019325256348100e+00 -8.187496185302734375e+00 -7.498880028724670410e-01 1.000000000000000000e+00
7.259235382080078125e+00 -2.349434280395508168e+01 -4.292244911193848211e-01 1.100000000000000000e+01
7.931048870086669922e-01 -2.579629659652709961e+00 -7.231404185295104980e-01 1.200000000000000000e+01
7.239941596984863281e+00 -2.356306076049805043e+01 4.302716255187987726e-01 1.500000000000000000e+01
9.306974411010742188e-01 -3.030925273895264116e+00 -7.319907546043395996e-01 1.000000000000000000e+01
7.249877929687500000e+00 -2.361007690429687855e+01 1.294372916221619096e+00 1.200000000000000000e+01
1.113341927528380904e+00 -3.627984523773192915e+00 -7.376675605773925781e-01 1.100000000000000000e+01
1.396217346191406028e+00 -4.555444240570068359e+00 -7.546398639678955078e-01 9.000000000000000000e+00
1.968588709831238015e+00 -6.430933952331542969e+00 -8.257866501808166504e-01 3.000000000000000000e+00
2.557549476623535156e+00 -8.360148429870605469e+00 -7.648788094520568848e-01 2.000000000000000000e+00
7.210484981536865234e+00 -2.359916496276855113e+01 -1.293221473693848100e+00 1.100000000000000000e+01
3.984149098396301270e-01 -1.306417822837830034e+00 3.659701347351074219e-01 1.000000000000000000e+00
7.856693267822265625e-01 -2.585942268371582031e+00 -7.241756916046142578e-01 1.200000000000000000e+01
8.185453414916992188e+00 -2.695841598510741832e+01 4.917739033699036200e-01 1.800000000000000000e+01
9.206414222717285156e-01 -3.033994913101195845e+00 -7.319907546043395996e-01 9.000000000000000000e+00
1.104723334312438965e+00 -3.642929315567017046e+00 -7.399572730064392090e-01 1.000000000000000000e+01
1.381675839424133079e+00 -4.561939716339111328e+00 -7.549527287483215332e-01 8.000000000000000000e+00
1.959896683692931907e+00 -6.479228019714354581e+00 -8.311489224433898926e-01 3.000000000000000000e+00
7.630950450897216797e+00 -2.527492713928223012e+01 -1.383658051490783913e+00 1.200000000000000000e+01
3.907361030578612726e-01 -1.296633601188659890e+00 3.628643155097960871e-01 1.100000000000000000e+01
7.744173407554626465e-01 -2.581267595291138139e+00 -7.221051454544067383e-01 1.100000000000000000e+01
9.089264869689941406e-01 -3.033456563949584961e+00 -7.310909032821655273e-01 9.000000000000000000e+00
1.092563629150391069e+00 -3.648643970489501953e+00 -7.403389215469360352e-01 1.200000000000000000e+01
8.088786125183105469e+00 -2.702987480163573863e+01 2.468425035476685014e+00 2.500000000000000000e+01
1.364611387252808061e+00 -4.562949657440186435e+00 -7.543269991874694824e-01 8.000000000000000000e+00
1.933859229087830034e+00 -6.474617481231688565e+00 -8.296864628791809082e-01 3.000000000000000000e+00
2.806034564971923828e+00 -9.400669097900390625e+00 -8.583097457885742188e-01 1.000000000000000000e+00
7.519854068756104404e+00 -2.522484970092773082e+01 -1.379471182823180930e+00 1.200000000000000000e+01
3.801473081111907959e-01 -1.277621746063231978e+00 3.571702837944030762e-01 4.300000000000000000e+01
7.671447396278381348e-01 -2.591498136520386186e+00 -7.241756916046142578e-01 1.100000000000000000e+01
9.000121951103210449e-01 -3.044242620468140093e+00 -7.328905463218688965e-01 9.000000000000000000e+00
1.080295920372009055e+00 -3.656389474868773970e+00 -7.411021590232849121e-01 1.100000000000000000e+01
8.017872810363769531e+00 -2.715488052368164062e+01 2.477140426635742188e+00 2.500000000000000000e+01
1.347319126129149947e+00 -4.566026210784912109e+00 -7.540141344070434570e-01 9.000000000000000000e+00
1.918532729148864968e+00 -6.510223865509033203e+00 -8.333425521850585938e-01 1.000000000000000000e+00
2.597071647644042969e+00 -8.818409919738769531e+00 -8.042731881141662598e-01 1.000000000000000000e+00
7.414951324462890625e+00 -2.521008682250976918e+01 -1.377168297767638938e+00 1.200000000000000000e+01
3.879876136779785156e-01 -1.319969773292541948e+00 3.176308870315551758e-01 6.000000000000000000e+00
3.805854916572570801e-01 -1.295622825622559038e+00 3.618290126323699951e-01 5.800000000000000000e+01
7.613453865051269531e-01 -2.605285882949829102e+00 -7.272815108299255371e-01 1.100000000000000000e+01
8.850126266479492188e-01 -3.032400131225585938e+00 -7.292913198471069336e-01 9.000000000000000000e+00
7.953590393066406250e+00 -2.725211906433105113e+01 1.487806558609009011e+00 1.400000000000000000e+01
1.065876960754394975e+00 -3.654484033584595171e+00 -7.399572730064392090e-01 1.000000000000000000e+01
1.334687113761902078e+00 -4.582080841064453125e+00 -7.558913230895996094e-01 9.000000000000000000e+00
1.890805721282958984e+00 -6.499726772308349609e+00 -8.311489224433898926e-01 3.000000000000000000e+00
2.703097105026245117e+00 -9.298064231872558594e+00 -8.471538424491882324e-01 1.000000000000000000e+00
7.361433029174804688e+00 -2.535473632812500000e+01 -1.383658051490783913e+00 1.200000000000000000e+01
3.763183355331420898e-01 -1.296985864639282005e+00 3.117821514606475830e-01 2.400000000000000000e+01
1.645503616333008168e+01 -5.674949645996093750e+01 -1.031367421150207964e+00 1.500000000000000000e+01
3.752965629100800116e-01 -1.295153498649596946e+00 3.613113760948181152e-01 5.600000000000000000e+01
7.516302466392517090e-01 -2.604084253311156782e+00 -7.262462377548217773e-01 1.100000000000000000e+01
8.771109580993652344e-01 -3.042808294296265093e+00 -7.310909032821655273e-01 9.000000000000000000e+00
1.053208947181702104e+00 -3.656111955642700195e+00 -7.395756840705871582e-01 9.000000000000000000e+00
1.320031166076659934e+00 -4.588379859924316406e+00 -7.562041878700256348e-01 8.000000000000000000e+00
1.869789600372314009e+00 -6.507868766784667969e+00 -8.313926458358764648e-01 3.000000000000000000e+00
2.574376344680786133e+00 -8.966103553771972656e+00 -8.161263465881347656e-01 1.000000000000000000e+00
7.181522846221923828e+00 -2.504494667053223012e+01 -1.365445137023926003e+00 1.200000000000000000e+01
3.693312108516693115e-01 -1.288859963417053001e+00 3.095326423645020086e-01 4.300000000000000000e+01
3.696303367614746094e-01 -1.290754556655884011e+00 3.597584664821624756e-01 6.100000000000000000e+01
7.383017539978027344e-01 -2.591828346252440962e+00 -7.221051454544067383e-01 1.200000000000000000e+01
8.686171174049377441e-01 -3.053349018096923828e+00 -7.328905463218688965e-01 9.000000000000000000e+00
7.779527187347412109e+00 -2.736461448669433949e+01 1.490946769714355025e+00 1.400000000000000000e+01
1.038292884826659934e+00 -3.652212381362915039e+00 -7.380492091178894043e-01 9.000000000000000000e+00
1.304006695747375044e+00 -4.592959403991699219e+00 -7.562041878700256348e-01 8.000000000000000000e+00
1.852476477622986062e+00 -6.533453941345214844e+00 -8.338300585746765137e-01 1.000000000000000000e+00
2.624536752700806108e+00 -9.262574195861816406e+00 -8.422731161117553711e-01 1.000000000000000000e+00
3.840474784374237061e-01 -1.356291532516479048e+00 2.740017175674437921e-01 1.000000000000000000e+00
7.120159149169921875e+00 -2.516210937500000000e+01 -1.370469331741333008e+00 1.200000000000000000e+01
3.637694418430327814e-01 -1.286390900611876997e+00 3.086328506469727118e-01 5.600000000000000000e+01
7.918900966644287109e+00 -2.802213478088378906e+01 -5.082839131355285645e-01 4.000000000000000000e+00
3.596467077732086182e-01 -1.273509263992310014e+00 3.545821011066436768e-01 6.500000000000000000e+01
7.318639159202575684e-01 -2.603688716888428178e+00 -7.246932983398437500e-01 1.300000000000000000e+01
8.590070009231567383e-01 -3.060114860534667969e+00 -7.337903380393981934e-01 1.000000000000000000e+01
7.683959484100341797e+00 -2.739160346984862926e+01 1.490946769714355025e+00 1.400000000000000000e+01
1.029249906539916992e+00 -3.669046401977539062e+00 -7.407205104827880859e-01 1.000000000000000000e+01
1.289032101631164995e+00 -4.601287841796875000e+00 -7.568299174308776855e-01 8.000000000000000000e+00
1.835542440414428933e+00 -6.560909271240234375e+00 -8.365111947059631348e-01 3.000000000000000000e+00
3.629338741302490234e-01 -1.299007773399353027e+00 2.621715664863585871e-01 1.000000000000000000e+01
7.062361240386962891e+00 -2.529453659057616832e+01 -1.376330971717834029e+00 1.200000000000000000e+01
3.582294285297393799e-01 -1.283898711204529031e+00 3.077330291271210272e-01 6.300000000000000000e+01
3.543838858604431152e-01 -1.270973086357116921e+00 3.535468280315399170e-01 7.300000000000000000e+01
7.227708697319030762e-01 -2.606227397918701172e+00 -7.246932983398437500e-01 1.300000000000000000e+01
8.462395071983337402e-01 -3.055582523345946822e+00 -7.319907546043395996e-01 9.000000000000000000e+00
1.019054532051085982e+00 -3.682077407836914062e+00 -7.426286339759826660e-01 9.000000000000000000e+00
1.270857810974121094e+00 -4.598143100738525391e+00 -7.555784583091735840e-01 8.000000000000000000e+00
1.809460401535033958e+00 -6.555795192718505859e+00 -8.350487351417541504e-01 3.000000000000000000e+00
2.632915496826171875e+00 -9.545722961425781250e+00 -8.663280606269836426e-01 5.000000000000000000e+00
3.552671670913695734e-01 -1.288910627365112083e+00 2.598818540573120117e-01 3.400000000000000000e+01
6.958112239837645596e+00 -2.526126861572265980e+01 -1.373190760612488015e+00 1.200000000000000000e+01
3.496082425117493231e-01 -1.270110487937927024e+00 3.041338324546813965e-01 6.500000000000000000e+01
3.512592613697052002e-01 -1.277851700782776101e+00 3.550997376441956122e-01 7.700000000000000000e+01
7.172373533248901367e-01 -2.621778249740601030e+00 -7.283167839050292969e-01 1.400000000000000000e+01
8.365954756736755371e-01 -3.062277555465697798e+00 -7.328905463218688965e-01 9.000000000000000000e+00
1.003093123435973899e+00 -3.674248456954956055e+00 -7.403389215469360352e-01 9.000000000000000000e+00
1.254279971122741921e+00 -4.600645542144775391e+00 -7.552655935287475586e-01 8.000000000000000000e+00
1.786043882369994895e+00 -6.560155868530273438e+00 -8.348050117492675781e-01 1.000000000000000000e+00
7.611525058746337891e+00 -2.795720291137694957e+01 4.589161396026611328e+00 1.200000000000000000e+01
3.512809574604033869e-01 -1.292037367820739968e+00 2.602634727954865057e-01 6.600000000000000000e+01
6.863607883453369141e+00 -2.526227378845214844e+01 -1.371934771537780984e+00 1.200000000000000000e+01
3.421089351177216131e-01 -1.260039210319519043e+00 3.014344274997711182e-01 7.100000000000000000e+01
3.460081219673156738e-01 -1.275280714035033958e+00 3.540644645690917969e-01 8.800000000000000000e+01
7.050617337226867676e-01 -2.613075017929077148e+00 -7.252109646797180176e-01 1.400000000000000000e+01
8.279290795326232910e-01 -3.072705745697021040e+00 -7.346901297569274902e-01 9.000000000000000000e+00
9.871988296508789062e-01 -3.666353225708007812e+00 -7.380492091178894043e-01 9.000000000000000000e+00
1.244881153106689009e+00 -4.629795074462890625e+00 -7.593328952789306641e-01 8.000000000000000000e+00
7.609841346740722656e+00 -2.832121086120605113e+01 3.600751638412476030e+00 1.400000000000000000e+01
1.759530305862426980e+00 -6.552930355072020596e+00 -8.330988287925720215e-01 3.000000000000000000e+00
7.560198783874511719e+00 -2.817570114135741832e+01 4.620448589324951172e+00 1.200000000000000000e+01
2.365870237350463867e+00 -8.817234992980957031e+00 -7.986952066421508789e-01 1.000000000000000000e+00
3.477856814861298163e-01 -1.297048211097717063e+00 2.610267102718353271e-01 7.800000000000000000e+01
6.791925907135009766e+00 -2.534781265258789062e+01 -1.375284314155579057e+00 1.200000000000000000e+01
3.397246599197388250e-01 -1.268755435943603960e+00 3.032340109348297119e-01 7.400000000000000000e+01
3.383375108242034912e-01 -1.265342593193053977e+00 3.509586155414580744e-01 9.000000000000000000e+01
6.964328885078430176e-01 -2.617387056350708008e+00 -7.257286310195922852e-01 1.200000000000000000e+01
8.191999793052673340e-01 -3.083110570907593218e+00 -7.364897727966308594e-01 9.000000000000000000e+00
9.804407358169555664e-01 -3.692546844482421875e+00 -7.426286339759826660e-01 9.000000000000000000e+00
1.229218840599060059e+00 -4.636021614074707031e+00 -7.596457600593566895e-01 8.000000000000000000e+00
7.526187896728515625e+00 -2.840516853332519887e+01 3.608063697814940962e+00 1.400000000000000000e+01
1.743250727653502974e+00 -6.583978652954101562e+00 -8.362674117088317871e-01 3.000000000000000000e+00
2.371770620346068892e+00 -8.964119911193847656e+00 -8.112456798553466797e-01 1.000000000000000000e+00
3.407468199729918878e-01 -1.288764238357543945e+00 2.591186165809630793e-01 7.600000000000000000e+01
6.693200588226318359e+00 -2.533274650573730113e+01 -1.373190760612488015e+00 1.200000000000000000e+01
3.347963392734528143e-01 -1.268049359321594016e+00 3.027841150760651190e-01 8.600000000000000000e+01
3.331539630889893133e-01 -1.262721657752990945e+00 3.499233424663544256e-01 8.800000000000000000e+01
6.882726550102233887e-01 -2.623539447784423828e+00 -7.267639040946960449e-01 1.200000000000000000e+01
8.079390525817871094e-01 -3.084066152572631836e+00 -7.360398769378662109e-01 1.000000000000000000e+01
9.645622372627258301e-01 -3.684551239013671875e+00 -7.403389215469360352e-01 9.000000000000000000e+00
7.392649173736572266e+00 -2.825946617126464844e+01 2.555580615997314009e+00 2.600000000000000000e+01
1.209531426429748979e+00 -4.626905918121337891e+00 -7.574557065963745117e-01 8.000000000000000000e+00
7.400900363922119141e+00 -2.833139419555664062e+01 3.595389366149901900e+00 1.400000000000000000e+01
1.726274371147155984e+00 -6.613072395324707031e+00 -8.391922712326049805e-01 3.000000000000000000e+00
2.321355581283568892e+00 -8.899085044860839844e+00 -8.046218156814575195e-01 4.000000000000000000e+00
3.327796757221221924e-01 -1.276647329330443892e+00 2.564472854137421209e-01 7.200000000000000000e+01
6.604732036590576172e+00 -2.535595512390137074e+01 -1.373190760612488015e+00 1.200000000000000000e+01
3.298770785331726074e-01 -1.267324447631835938e+00 3.023342192173004150e-01 8.900000000000000000e+01
3.285236060619354248e-01 -1.263934254646301047e+00 3.499233424663544256e-01 8.600000000000000000e+01
6.795943379402160645e-01 -2.627796173095703125e+00 -7.272815108299255371e-01 1.200000000000000000e+01
7.957069277763366699e-01 -3.081207036972045898e+00 -7.346901297569274902e-01 9.000000000000000000e+00
7.268826484680175781e+00 -2.816730117797851918e+01 1.524546384811400923e+00 1.400000000000000000e+01
9.526759982109069824e-01 -3.691697835922241211e+00 -7.411021590232849121e-01 9.000000000000000000e+00
1.200274109840393066e+00 -4.657880306243895596e+00 -7.618358731269836426e-01 8.000000000000000000e+00
7.310870170593261719e+00 -2.839165687561035156e+01 3.599776744842528853e+00 1.400000000000000000e+01
1.706148028373718040e+00 -6.630592823028563565e+00 -8.406547307968139648e-01 3.000000000000000000e+00
2.287796974182128906e+00 -8.897485733032226562e+00 -8.037502765655517578e-01 5.000000000000000000e+00
3.268555998802185059e-01 -1.272096753120421919e+00 2.553024291992188055e-01 7.600000000000000000e+01
6.516182899475097656e+00 -2.537885665893555043e+01 -1.373190760612488015e+00 1.200000000000000000e+01
3.235140740871428888e-01 -1.260917782783508079e+00 3.005346059799193781e-01 8.900000000000000000e+01
3.243304491043090820e-01 -1.265016794204711914e+00 3.499233424663544256e-01 1.000000000000000000e+02
6.718489527702331543e-01 -2.635768413543701172e+00 -7.288344502449035645e-01 1.200000000000000000e+01
7.849466800689697266e-01 -3.083965778350830078e+00 -7.346901297569274902e-01 9.000000000000000000e+00
9.417194724082946777e-01 -3.702611446380614790e+00 -7.426286339759826660e-01 9.000000000000000000e+00
1.183035254478455034e+00 -4.658212184906005859e+00 -7.612100839614868164e-01 8.000000000000000000e+00
7.168749809265136719e+00 -2.824768447875976918e+01 3.578327655792235884e+00 1.400000000000000000e+01
1.678600907325745073e+00 -6.619190216064453125e+00 -8.384611010551452637e-01 3.000000000000000000e+00
2.268960475921630859e+00 -8.953701019287109375e+00 -8.081080317497253418e-01 6.000000000000000000e+00
3.228950798511505127e-01 -1.275133132934570090e+00 2.556840479373931885e-01 7.800000000000000000e+01
6.427554130554199219e+00 -2.540144729614258168e+01 -1.373190760612488015e+00 1.200000000000000000e+01
3.181552588939666748e-01 -1.258260846138000044e+00 2.996348142623900812e-01 8.900000000000000000e+01
3.218057155609130859e-01 -1.273633122444153054e+00 3.519938886165618896e-01 1.000000000000000000e+02
6.612324118614196777e-01 -2.632476568222045898e+00 -7.272815108299255371e-01 1.200000000000000000e+01
7.732287049293518066e-01 -3.082906723022460938e+00 -7.337903380393981934e-01 9.000000000000000000e+00
9.278346300125122070e-01 -3.702067375183105025e+00 -7.418653964996337891e-01 1.000000000000000000e+01
1.166767835617064986e+00 -4.662313461303710938e+00 -7.612100839614868164e-01 8.000000000000000000e+00
1.664147734642029031e+00 -6.659675121307373047e+00 -8.428483605384826660e-01 1.000000000000000000e+00
2.258930206298828125e+00 -9.046620368957519531e+00 -8.157777786254882812e-01 4.000000000000000000e+00
3.198679387569426935e-01 -1.281967043876647949e+00 2.568289041519165039e-01 8.700000000000000000e+01
6.353343009948729581e+00 -2.548186683654785156e+01 -1.376330971717834029e+00 1.200000000000000000e+01
3.137611746788024902e-01 -1.259363651275634988e+00 2.996348142623900812e-01 8.900000000000000000e+01
3.159578442573546808e-01 -1.269124746322632058e+00 3.504409790039063055e-01 9.200000000000000000e+01
6.492548584938049316e-01 -2.623517036437987837e+00 -7.241756916046142578e-01 1.100000000000000000e+01
7.633975744247436523e-01 -3.089370489120482954e+00 -7.346901297569274902e-01 9.000000000000000000e+00
9.130238294601440430e-01 -3.697659492492675781e+00 -7.403389215469360352e-01 1.000000000000000000e+01
7.021228790283203125e+00 -2.845664787292480113e+01 2.564296245574951172e+00 2.600000000000000000e+01
1.156160593032836914e+00 -4.689373493194580078e+00 -7.649645209312438965e-01 9.000000000000000000e+00
1.640891075134276900e+00 -6.665443897247313565e+00 -8.428483605384826660e-01 3.000000000000000000e+00
3.218106031417847235e-01 -1.308206558227539062e+00 2.133766114711760919e-01 1.000000000000000000e+00
2.233048915863037109e+00 -9.077667236328125000e+00 -8.178694844245910645e-01 3.000000000000000000e+00
3.125792741775513250e-01 -1.271636724472045898e+00 2.545391917228698730e-01 9.100000000000000000e+01
6.259592056274414062e+00 -2.548449325561523082e+01 -1.375284314155579057e+00 1.200000000000000000e+01
3.084342479705811102e-01 -1.256666064262389915e+00 2.987349927425385077e-01 9.400000000000000000e+01
3.085451722145081122e-01 -1.259016394615172896e+00 3.473351597785950262e-01 9.200000000000000000e+01
6.423807740211486816e-01 -2.635151863098144975e+00 -7.267639040946960449e-01 1.200000000000000000e+01
7.539916634559631348e-01 -3.097696781158446822e+00 -7.360398769378662109e-01 1.000000000000000000e+01
9.019669294357299805e-01 -3.708454608917235884e+00 -7.418653964996337891e-01 1.000000000000000000e+01
1.139784574508666992e+00 -4.693380355834960938e+00 -7.649645209312438965e-01 9.000000000000000000e+00
1.617614269256592019e+00 -6.671130657196044922e+00 -8.428483605384826660e-01 1.000000000000000000e+00
3.214286267757415771e-01 -1.326600313186645952e+00 2.161924242973327914e-01 4.000000000000000000e+00
2.255772352218627930e+00 -9.310024261474609375e+00 -8.380896449089050293e-01 3.000000000000000000e+00
3.044427335262299139e-01 -1.257455110549926980e+00 2.514862418174744207e-01 8.200000000000000000e+01
6.168717861175537109e+00 -2.549842262268066051e+01 -1.374865531921386941e+00 1.200000000000000000e+01
3.067931830883026123e-01 -1.269100189208983931e+00 3.014344274997711182e-01 9.700000000000000000e+01
3.052756488323212225e-01 -1.263788342475890891e+00 3.483704328536986750e-01 9.200000000000000000e+01
6.336294412612915039e-01 -2.639256477355957031e+00 -7.272815108299255371e-01 1.400000000000000000e+01
7.413570284843444824e-01 -3.092729806900023970e+00 -7.342402338981628418e-01 1.000000000000000000e+01
8.917603492736816406e-01 -3.723036050796508789e+00 -7.441551089286804199e-01 1.000000000000000000e+01
1.120637893676758035e+00 -4.685803413391113281e+00 -7.630873322486877441e-01 8.000000000000000000e+00
1.599850535392761008e+00 -6.699906349182128906e+00 -8.457732200622558594e-01 3.000000000000000000e+00
3.117528855800629217e-01 -1.306578397750854048e+00 2.127508670091629028e-01 1.200000000000000000e+01
2.290772199630736861e+00 -9.600788116455078125e+00 -8.635390996932983398e-01 3.000000000000000000e+00
3.005068302154541016e-01 -1.260419845581054910e+00 2.518678605556488037e-01 9.900000000000000000e+01
6.072268009185791016e+00 -2.548871421813964844e+01 -1.373190760612488015e+00 1.200000000000000000e+01
2.996536195278167725e-01 -1.258788704872130904e+00 2.987349927425385077e-01 9.700000000000000000e+01
3.013093769550322931e-01 -1.266725659370421919e+00 3.488880693912506104e-01 9.000000000000000000e+01
6.271151900291442871e-01 -2.648753643035889116e+00 -7.293520569801330566e-01 1.300000000000000000e+01
7.343271374702453613e-01 -3.106422424316405806e+00 -7.369396686553955078e-01 1.000000000000000000e+01
8.800597190856933594e-01 -3.725819110870360884e+00 -7.441551089286804199e-01 1.100000000000000000e+01
1.111352682113647017e+00 -4.712372303009033203e+00 -7.668417692184448242e-01 9.000000000000000000e+00
1.571514487266540971e+00 -6.673983573913574219e+00 -8.418734073638916016e-01 1.000000000000000000e+00
3.065165579319000244e-01 -1.301729321479796919e+00 2.118122726678847989e-01 2.400000000000000000e+01
2.272463321685791016e+00 -9.658362388610839844e+00 -8.680711984634399414e-01 5.000000000000000000e+00
2.974442541599274237e-01 -1.265179991722106934e+00 2.526310980319976807e-01 9.900000000000000000e+01
5.984855175018311435e+00 -2.547655487060546875e+01 -1.371516108512877974e+00 1.200000000000000000e+01
2.948068976402283270e-01 -1.255929589271544966e+00 2.978352010250092108e-01 9.200000000000000000e+01
2.999752163887023926e-01 -1.278950810432434082e+00 3.519938886165618896e-01 8.800000000000000000e+01
6.165499687194824219e-01 -2.645282268524169922e+00 -7.277991771697998047e-01 1.300000000000000000e+01
7.230375409126281738e-01 -3.107068538665771040e+00 -7.364897727966308594e-01 9.000000000000000000e+00
8.626024127006530762e-01 -3.709745883941649947e+00 -7.403389215469360352e-01 9.000000000000000000e+00
1.096683502197266069e+00 -4.723919868469238281e+00 -7.680932283401489258e-01 9.000000000000000000e+00
3.305989503860474188e-01 -1.425170660018920898e+00 1.796354055404663086e-01 1.000000000000000000e+00
1.550449609756469949e+00 -6.689097404479979581e+00 -8.430921435356140137e-01 3.000000000000000000e+00
2.999606132507324219e-01 -1.295146226882935014e+00 2.105607837438583096e-01 3.800000000000000000e+01
2.260763168334960938e+00 -9.761345863342285156e+00 -8.766124844551086426e-01 1.100000000000000000e+01
2.952393293380736750e-01 -1.275774121284485085e+00 2.545391917228698730e-01 9.600000000000000000e+01
5.876090526580811435e+00 -2.541167068481444957e+01 -1.366910457611083984e+00 1.200000000000000000e+01
2.899823784828186035e-01 -1.255052328109740989e+00 2.973853051662445068e-01 8.300000000000000000e+01
2.952856123447418213e-01 -1.280041694641113059e+00 3.519938886165618896e-01 8.200000000000000000e+01
6.055846214294433594e-01 -2.639886617660522017e+00 -7.257286310195922852e-01 1.300000000000000000e+01
7.130575180053710938e-01 -3.113372802734375000e+00 -7.373895645141601562e-01 9.000000000000000000e+00
8.522754907608032227e-01 -3.724217176437377930e+00 -7.426286339759826660e-01 9.000000000000000000e+00
1.078427314758301003e+00 -4.720016002655029297e+00 -7.668417692184448242e-01 9.000000000000000000e+00
2.991128861904143732e-01 -1.310197949409485085e+00 1.650110930204390924e-01 6.000000000000000000e+00
1.531064152717590110e+00 -6.711887359619140625e+00 -8.452857732772827148e-01 1.000000000000000000e+00
2.928039431571959894e-01 -1.284629464149475098e+00 2.086835801601409912e-01 5.000000000000000000e+01
2.236859560012816939e+00 -9.813856124877929688e+00 -8.806216120719909668e-01 9.000000000000000000e+00
2.907842695713043213e-01 -1.276796936988831010e+00 2.545391917228698730e-01 1.000000000000000000e+02
5.806850910186767578e+00 -2.551771736145019887e+01 -1.371516108512877974e+00 1.200000000000000000e+01
2.873279452323914129e-01 -1.263657808303833008e+00 2.991848886013031006e-01 8.300000000000000000e+01
2.893272042274475098e-01 -1.273478507995605025e+00 3.499233424663544256e-01 8.200000000000000000e+01
5.980675220489501953e-01 -2.649522066116333008e+00 -7.277991771697998047e-01 1.300000000000000000e+01
7.017570734024047852e-01 -3.113941669464110884e+00 -7.369396686553955078e-01 1.000000000000000000e+01
8.405642509460449219e-01 -3.732915401458739790e+00 -7.437734603881835938e-01 1.000000000000000000e+01
1.061078190803528054e+00 -4.719897270202636719e+00 -7.662159800529479980e-01 9.000000000000000000e+00
2.954077422618865967e-01 -1.315107822418212891e+00 1.654985696077347079e-01 2.100000000000000000e+01
1.518928766250609907e+00 -6.767550468444824219e+00 -8.516229987144470215e-01 1.000000000000000000e+00
2.913438081741333008e-01 -1.299136281013488992e+00 2.108736634254456122e-01 5.400000000000000000e+01
2.225696325302124023e+00 -9.924642562866210938e+00 -8.898601531982421875e-01 5.000000000000000000e+00
2.824621796607971191e-01 -1.260562419891356978e+00 2.511046230792999268e-01 1.000000000000000000e+02
5.669741630554199219e+00 -2.532344055175780895e+01 -1.360002160072327104e+00 1.200000000000000000e+01
2.837660908699036200e-01 -1.268456578254699929e+00 3.000847101211547852e-01 8.000000000000000000e+01
2.865658700466156006e-01 -1.282021999359131081e+00 3.519938886165618896e-01 7.800000000000000000e+01
5.892341136932373047e-01 -2.653479576110839844e+00 -7.283167839050292969e-01 1.400000000000000000e+01
6.904613375663757324e-01 -3.114469766616820845e+00 -7.364897727966308594e-01 1.200000000000000000e+01
8.300763368606567383e-01 -3.747327566146851030e+00 -7.460631728172302246e-01 1.000000000000000000e+01
1.042890071868896040e+00 -4.715857028961181641e+00 -7.649645209312438965e-01 9.000000000000000000e+00
2.903870642185211182e-01 -1.314192652702331987e+00 1.652548313140868863e-01 2.900000000000000000e+01
1.485881209373473899e+00 -6.730165958404541016e+00 -8.462607264518737793e-01 3.000000000000000000e+00
2.853306233882904053e-01 -1.292379617691040039e+00 2.096221894025802890e-01 5.600000000000000000e+01
2.251555919647216797e+00 -1.020668220520020064e+01 -9.144380688667297363e-01 2.000000000000000000e+00
2.801731824874877930e-01 -1.271126866340636985e+00 2.530127167701721191e-01 1.000000000000000000e+02
2.801741957664489746e-01 -1.273245692253113015e+00 3.009845018386840820e-01 7.400000000000000000e+01
2.826941013336182196e-01 -1.286837339401244895e+00 3.530291914939879816e-01 7.000000000000000000e+01
5.816169381141662598e-01 -2.663069725036621094e+00 -7.303873300552368164e-01 1.400000000000000000e+01
6.783401966094970703e-01 -3.111148834228516069e+00 -7.351400256156921387e-01 1.100000000000000000e+01
8.169906735420227051e-01 -3.750202178955078125e+00 -7.460631728172302246e-01 1.000000000000000000e+01
1.028941154479980025e+00 -4.731050491333007812e+00 -7.668417692184448242e-01 9.000000000000000000e+00
2.828471958637238104e-01 -1.301619529724121094e+00 1.635486632585526068e-01 3.800000000000000000e+01
1.461537122726439986e+00 -6.731431961059570312e+00 -8.457732200622558594e-01 3.000000000000000000e+00
2.805919051170349121e-01 -1.293416738510132058e+00 2.096221894025802890e-01 5.800000000000000000e+01
2.765662074089049738e-01 -1.275934576988219993e+00 2.537759542465209961e-01 1.000000000000000000e+02
5.469985008239746094e+00 -2.525699615478515980e+01 -1.354349851608275923e+00 1.200000000000000000e+01
2.744916081428527832e-01 -1.268501996994018999e+00 2.996348142623900812e-01 7.100000000000000000e+01
9.803132057189941406e+00 -4.534128189086914062e+01 -8.097218275070190430e-01 1.200000000000000000e+01
2.798321545124053955e-01 -1.295369505882262962e+00 3.550997376441956122e-01 7.000000000000000000e+01
5.694782733917236328e-01 -2.651862144470214844e+00 -7.267639040946960449e-01 1.300000000000000000e+01
6.699270606040954590e-01 -3.124930620193481001e+00 -7.378394603729248047e-01 1.100000000000000000e+01
8.014278411865234375e-01 -3.741512775421143022e+00 -7.437734603881835938e-01 1.000000000000000000e+01
1.012420415878295898e+00 -4.734613418579101562e+00 -7.668417692184448242e-01 9.000000000000000000e+00
2.774724662303925116e-01 -1.298716306686400923e+00 1.630611866712569913e-01 4.800000000000000000e+01
1.439688801765441895e+00 -6.744257926940917969e+00 -8.467481732368469238e-01 1.000000000000000000e+00
2.734145224094390869e-01 -1.280817151069640891e+00 2.074321061372756958e-01 7.300000000000000000e+01
2.195207118988037109e+00 -1.029230022430419922e+01 -9.207132458686828613e-01 2.000000000000000000e+00
2.725198566913604736e-01 -1.278812289237976074e+00 2.541575729846953791e-01 1.000000000000000000e+02
5.381788253784179688e+00 -2.527593612670898082e+01 -1.354349851608275923e+00 1.200000000000000000e+01
2.704675197601317804e-01 -1.271358489990233931e+00 3.000847101211547852e-01 6.600000000000000000e+01
9.668084144592285156e+00 -4.548476028442382812e+01 -8.116765022277832031e-01 1.200000000000000000e+01
2.793220281600952148e-01 -1.315235495567321999e+00 3.602761030197144110e-01 8.800000000000000000e+01
5.602180957794189453e-01 -2.653833866119385210e+00 -7.267639040946960449e-01 1.300000000000000000e+01
6.598185896873474121e-01 -3.131063699722290039e+00 -7.387392520904541016e-01 1.100000000000000000e+01
7.891716361045837402e-01 -3.748129844665526900e+00 -7.445366978645324707e-01 1.000000000000000000e+01
9.975126981735229492e-01 -4.745851039886474609e+00 -7.680932283401489258e-01 9.000000000000000000e+00
2.749772965908051092e-01 -1.309390544891356978e+00 1.642798781394957941e-01 5.400000000000000000e+01
1.419806957244873047e+00 -6.766727447509765625e+00 -8.489418625831604004e-01 3.000000000000000000e+00
2.677250206470490057e-01 -1.275963902473449929e+00 2.064934968948363980e-01 7.700000000000000000e+01
2.152726173400878906e+00 -1.026870059967041016e+01 -9.179242849349975586e-01 2.000000000000000000e+00
2.692617475986481268e-01 -1.285520434379578081e+00 2.553024291992188055e-01 1.000000000000000000e+02
5.295980930328369141e+00 -2.530629730224609020e+01 -1.354977965354918990e+00 1.200000000000000000e+01
2.680222094058989923e-01 -1.281832337379456010e+00 3.023342192173004150e-01 6.500000000000000000e+01
2.770976424217224121e-01 -1.327549099922179954e+00 3.633819520473480225e-01 1.000000000000000000e+02
5.513434410095214844e-01 -2.657664775848389116e+00 -7.272815108299255371e-01 1.200000000000000000e+01
6.496754884719848633e-01 -3.137164354324340820e+00 -7.396390438079833984e-01 1.100000000000000000e+01
7.768790125846862793e-01 -3.754706859588623047e+00 -7.452999353408813477e-01 1.000000000000000000e+01
2.738747894763947088e-01 -1.324820041656493919e+00 1.183575019240379056e-01 1.000000000000000000e+00
9.785430431365966797e-01 -4.737696647644042969e+00 -7.662159800529479980e-01 9.000000000000000000e+00
2.700037956237792969e-01 -1.308398246765136941e+00 1.640361398458481113e-01 5.600000000000000000e+01
1.394173741340636985e+00 -6.761921405792236328e+00 -8.477231264114379883e-01 1.000000000000000000e+00
2.640672326087952215e-01 -1.280759930610656960e+00 2.071192264556885043e-01 7.800000000000000000e+01
2.631897330284119207e-01 -1.278760671615601030e+00 2.537759542465209961e-01 1.000000000000000000e+02
5.237382411956787109e+00 -2.546939849853515980e+01 -1.362723588943481001e+00 1.200000000000000000e+01
2.670758068561553955e-01 -1.299939870834351030e+00 3.063833415508270264e-01 6.900000000000000000e+01
2.777436971664429266e-01 -1.353061795234679954e+00 3.701112270355225164e-01 1.000000000000000000e+02
5.451496243476867676e-01 -2.674716711044311968e+00 -7.314226031303405762e-01 1.100000000000000000e+01
6.363896727561950684e-01 -3.127955198287963867e+00 -7.369396686553955078e-01 1.200000000000000000e+01
7.676786184310913086e-01 -3.776634931564331055e+00 -7.491161227226257324e-01 1.000000000000000000e+01
2.696451842784882147e-01 -1.327720522880553977e+00 1.185318082571029941e-01 1.400000000000000000e+01
9.643563628196716309e-01 -4.752699375152587891e+00 -7.680932283401489258e-01 9.000000000000000000e+00
2.626741528511046808e-01 -1.295714139938354048e+00 1.623299717903136929e-01 5.400000000000000000e+01
1.372926115989685059e+00 -6.778420448303222656e+00 -8.491855859756469727e-01 1.000000000000000000e+00
2.615556418895720880e-01 -1.291354298591613992e+00 2.086835801601409912e-01 6.300000000000000000e+01
2.591134607791901190e-01 -1.281595945358275923e+00 2.541575729846953791e-01 1.000000000000000000e+02
2.652351558208466131e-01 -1.314235806465148926e+00 3.095326423645020086e-01 9.200000000000000000e+01
2.743086516857147217e-01 -1.361645817756653054e+00 3.721817731857299805e-01 9.200000000000000000e+01
5.369473695755004883e-01 -2.682286024093627930e+00 -7.329755425453186035e-01 1.300000000000000000e+01
6.273764371871948242e-01 -3.139712333679199219e+00 -7.391891479492187500e-01 1.200000000000000000e+01
7.521849274635314941e-01 -3.767740011215209961e+00 -7.468264102935791016e-01 1.000000000000000000e+01
2.669575214385985773e-01 -1.338423132896422896e+00 1.194033697247505049e-01 3.700000000000000000e+01
9.508488774299621582e-01 -4.771534919738770419e+00 -7.705961465835571289e-01 9.000000000000000000e+00
2.589248716831207275e-01 -1.300516963005065918e+00 1.628174483776093084e-01 5.200000000000000000e+01
1.350805759429932085e+00 -6.790959358215332031e+00 -8.501605391502380371e-01 1.000000000000000000e+00
2.551195025444030762e-01 -1.282572269439697044e+00 2.071192264556885043e-01 6.500000000000000000e+01
2.580793499946594238e-01 -1.299823522567749023e+00 2.575921416282653809e-01 1.000000000000000000e+02
2.621613740921021063e-01 -1.322799921035767046e+00 3.113322556018828791e-01 1.000000000000000000e+02
2.709174752235413153e-01 -1.368233203887939009e+00 3.737347126007080078e-01 7.600000000000000000e+01
5.249730944633483887e-01 -2.670874834060668945e+00 -7.293520569801330566e-01 1.100000000000000000e+01
6.182888746261596680e-01 -3.151444673538208008e+00 -7.414386868476867676e-01 1.100000000000000000e+01
2.819838523864746094e-01 -1.438612699508666992e+00 7.682918012142181396e-02 1.000000000000000000e+00
7.378955483436584473e-01 -3.764562845230102983e+00 -7.456815242767333984e-01 1.000000000000000000e+01
2.603694498538970947e-01 -1.329570651054382102e+00 1.185318082571029941e-01 5.000000000000000000e+01
9.349458813667297363e-01 -4.778701782226563388e+00 -7.712219357490539551e-01 9.000000000000000000e+00
2.540028393268585205e-01 -1.299464583396912065e+00 1.625737100839614868e-01 5.300000000000000000e+01
1.322907447814940962e+00 -6.774201869964599609e+00 -8.474794030189514160e-01 1.000000000000000000e+00
2.485255450010299960e-01 -1.273804664611815962e+00 2.055548876523972113e-01 6.500000000000000000e+01
2.572966814041138250e-01 -1.319986343383789062e+00 2.614083290100098211e-01 1.000000000000000000e+02
2.612640559673308771e-01 -1.342835664749145952e+00 3.158312737941741943e-01 1.000000000000000000e+02
2.614814341068267822e-01 -1.346459865570067915e+00 3.675230443477631170e-01 6.800000000000000000e+01
5.137177705764770508e-01 -2.665193319320679155e+00 -7.272815108299255371e-01 1.200000000000000000e+01
6.067340970039367676e-01 -3.153689622879027876e+00 -7.414386868476867676e-01 1.000000000000000000e+01
2.733162641525269110e-01 -1.421984314918518066e+00 7.588713616132736206e-02 1.100000000000000000e+01
7.252044677734375000e-01 -3.773025989532471147e+00 -7.468264102935791016e-01 1.100000000000000000e+01
2.532401978969573975e-01 -1.318776130676269975e+00 1.174859404563903947e-01 5.200000000000000000e+01
9.159360527992248535e-01 -4.774336814880371094e+00 -7.699704170227050781e-01 9.000000000000000000e+00
2.514803707599639893e-01 -1.312084555625915971e+00 1.640361398458481113e-01 5.800000000000000000e+01
1.298816561698914018e+00 -6.782904148101806641e+00 -8.479669094085693359e-01 1.000000000000000000e+00
2.444491237401962003e-01 -1.276604533195496050e+00 2.058677524328232089e-01 7.100000000000000000e+01
2.550368309020996094e-01 -1.334419012069701926e+00 2.640796601772307794e-01 9.300000000000000000e+01
2.559753954410552979e-01 -1.341870069503783958e+00 3.153813779354094904e-01 1.000000000000000000e+02
2.535248398780822754e-01 -1.330285191535949929e+00 3.628643155097960871e-01 6.600000000000000000e+01
5.044113993644714355e-01 -2.666970252990723100e+00 -7.272815108299255371e-01 1.400000000000000000e+01
5.939145684242248535e-01 -3.146213769912720171e+00 -7.391891479492187500e-01 1.300000000000000000e+01
2.639092803001403809e-01 -1.399377703666687012e+00 7.463107258081436157e-02 2.900000000000000000e+01
7.142127752304077148e-01 -3.787109851837158203e+00 -7.491161227226257324e-01 1.000000000000000000e+01
2.497419565916061124e-01 -1.325525879859924094e+00 1.180088743567467013e-01 4.500000000000000000e+01
8.978033065795898438e-01 -4.769739627838134766e+00 -7.687189579010009766e-01 9.000000000000000000e+00
2.443307787179946899e-01 -1.299298048019408958e+00 1.623299717903136929e-01 5.900000000000000000e+01
1.276597976684570090e+00 -6.795200824737548828e+00 -8.489418625831604004e-01 1.000000000000000000e+00
2.404972761869431097e-01 -1.281374812126159890e+00 2.064934968948363980e-01 7.100000000000000000e+01
2.485681921243667880e-01 -1.325653076171875000e+00 2.621715664863585871e-01 1.000000000000000000e+02
2.509313523769379217e-01 -1.340839862823486106e+00 3.149314820766448975e-01 9.400000000000000000e+01
2.479380071163176935e-01 -1.327407479286194070e+00 3.618290126323699951e-01 6.500000000000000000e+01
4.983863532543181818e-01 -2.683823347091674805e+00 -7.314226031303405762e-01 1.400000000000000000e+01
2.586139142513275146e-01 -1.393998026847838911e+00 2.474751323461532940e-02 5.000000000000000000e+00
5.824126601219177246e-01 -3.142417669296265093e+00 -7.378394603729248047e-01 1.100000000000000000e+01
2.538129091262816828e-01 -1.370787024497986062e+00 7.306099683046340942e-02 3.400000000000000000e+01
7.037949562072753906e-01 -3.801040172576903853e+00 -7.514058351516723633e-01 1.000000000000000000e+01
2.424457818269729892e-01 -1.310673594474792036e+00 1.166143864393233975e-01 3.600000000000000000e+01
8.823403120040893555e-01 -4.774632930755615234e+00 -7.690318226814270020e-01 7.000000000000000000e+00
2.389396280050277988e-01 -1.294244885444640891e+00 1.615987420082092008e-01 6.300000000000000000e+01
1.253337144851685014e+00 -6.795492172241210938e+00 -8.484543561935424805e-01 1.000000000000000000e+00
2.386202663183212003e-01 -1.293779730796813965e+00 2.083707004785537997e-01 7.100000000000000000e+01
2.431045621633529941e-01 -1.320677518844604048e+00 2.610267102718353271e-01 1.000000000000000000e+02
2.454272359609603882e-01 -1.335914611816406028e+00 3.135817646980286200e-01 8.700000000000000000e+01
2.573810815811157227e-01 -1.402359247207642046e+00 -2.488713152706623077e-02 3.000000000000000000e+00
2.437666058540343961e-01 -1.328179836273192915e+00 3.618290126323699951e-01 6.600000000000000000e+01
4.890150129795073908e-01 -2.685546636581420898e+00 -7.314226031303405762e-01 1.400000000000000000e+01
2.498095631599425992e-01 -1.373250722885132058e+00 2.436355873942374836e-02 2.800000000000000000e+01
5.735306739807128906e-01 -3.155935525894165039e+00 -7.405388951301574707e-01 1.000000000000000000e+01
2.458154708147048950e-01 -1.353978395462035911e+00 7.211894541978836060e-02 4.000000000000000000e+01
6.891198158264160156e-01 -3.795747041702270952e+00 -7.498793601989746094e-01 1.000000000000000000e+01
2.353802919387817105e-01 -1.297788977622986062e+00 1.153942048549651961e-01 4.300000000000000000e+01
8.723598718643188477e-01 -4.814614772796630859e+00 -7.749763131141662598e-01 9.000000000000000000e+00
2.358347177505492887e-01 -1.302884459495543990e+00 1.625737100839614868e-01 7.200000000000000000e+01
1.227489352226257102e+00 -6.788105487823486328e+00 -8.469919562339782715e-01 1.000000000000000000e+00
2.331743985414505005e-01 -1.290757775306702104e+00 2.077449709177016934e-01 7.500000000000000000e+01
2.367496788501740057e-01 -1.311857938766479048e+00 2.591186165809630793e-01 1.000000000000000000e+02
2.540834546089171808e-01 -1.409313678741455078e+00 -7.504975795745849609e-02 8.000000000000000000e+00
2.379991263151169101e-01 -1.321420192718506081e+00 3.099825382232666016e-01 8.300000000000000000e+01
2.507137954235076904e-01 -1.393408775329590066e+00 -2.471260726451874126e-02 3.700000000000000000e+01
2.375298738479613980e-01 -1.321458816528320090e+00 3.597584664821624756e-01 6.600000000000000000e+01
4.790873825550078791e-01 -2.681448459625244141e+00 -7.298697233200073242e-01 1.200000000000000000e+01
2.456056922674179077e-01 -1.376040220260619895e+00 2.439846470952033997e-02 5.000000000000000000e+01
5.627200007438659668e-01 -3.155901432037353960e+00 -7.400889396667480469e-01 9.000000000000000000e+00
2.402734160423279086e-01 -1.348887205123900923e+00 7.180493324995040894e-02 4.100000000000000000e+01
6.751517057418823242e-01 -3.790279865264893022e+00 -7.483528852462768555e-01 1.000000000000000000e+01
2.307263165712357122e-01 -1.296600818634032981e+00 1.152198910713195940e-01 5.100000000000000000e+01
8.550062775611877441e-01 -4.809701442718505859e+00 -7.737248539924621582e-01 9.000000000000000000e+00
2.335954755544661920e-01 -1.315386414527893066e+00 1.640361398458481113e-01 6.100000000000000000e+01
1.211214065551758035e+00 -6.827321052551270419e+00 -8.513792157173156738e-01 1.000000000000000000e+00
2.270478755235671997e-01 -1.279813885688781960e+00 2.058677524328232089e-01 7.300000000000000000e+01
2.337671667337417880e-01 -1.320368528366089089e+00 2.606450915336608887e-01 1.000000000000000000e+02
2.476693540811538974e-01 -1.400314807891845925e+00 -7.452639937400817871e-02 4.100000000000000000e+01
2.342939525842666904e-01 -1.326040148735045943e+00 3.108823597431182861e-01 7.800000000000000000e+01
2.433110177516936978e-01 -1.378478407859802024e+00 -2.443336881697177887e-02 5.600000000000000000e+01
2.313624471426010132e-01 -1.310783863067626953e+00 3.566526472568511963e-01 7.200000000000000000e+01
4.710570275783538818e-01 -2.690716028213500977e+00 -7.319402694702148438e-01 8.000000000000000000e+00
2.377004772424697876e-01 -1.359160900115967019e+00 2.408432029187678944e-02 4.700000000000000000e+01
5.517004132270812988e-01 -3.157846689224243164e+00 -7.400889396667480469e-01 9.000000000000000000e+00
2.338465154170989990e-01 -1.339880108833312988e+00 7.128157466650009155e-02 5.100000000000000000e+01
6.609044075012207031e-01 -3.786811590194702148e+00 -7.472079992294311523e-01 9.000000000000000000e+00
2.255145162343978882e-01 -1.293472766876220925e+00 1.148712709546089034e-01 6.500000000000000000e+01
8.361784219741821289e-01 -4.800980567932128906e+00 -7.718476653099060059e-01 3.000000000000000000e+00
2.313843965530396063e-01 -1.329883694648742898e+00 1.657423079013823908e-01 7.800000000000000000e+01
2.230314463376998901e-01 -1.284530043601989968e+00 2.064934968948363980e-01 6.200000000000000000e+01
2.284857630729675015e-01 -1.317307710647583008e+00 2.598818540573120117e-01 1.000000000000000000e+02
2.438027858734131137e-01 -1.407074689865112083e+00 -7.484041899442672729e-02 5.200000000000000000e+01
2.283343225717545111e-01 -1.319169163703918013e+00 3.090827465057373047e-01 7.100000000000000000e+01
2.378163188695907870e-01 -1.375378370285033958e+00 -2.436355873942374836e-02 5.600000000000000000e+01
2.232684493064880094e-01 -1.292586445808411089e+00 3.514762520790100098e-01 7.200000000000000000e+01
4.659062325954437256e-01 -2.717096805572510210e+00 -7.386695742607116699e-01 1.000000000000000000e+00
2.299161255359649936e-01 -1.342243432998657005e+00 2.377017773687839855e-02 5.300000000000000000e+01
5.413314700126647949e-01 -3.163594722747803178e+00 -7.409887909889221191e-01 9.000000000000000000e+00
2.274854481220245084e-01 -1.330844759941101074e+00 7.075821608304977417e-02 4.900000000000000000e+01
6.480127573013305664e-01 -3.791030645370482954e+00 -7.475896477699279785e-01 3.000000000000000000e+00
2.216687798500061035e-01 -1.298179984092711958e+00 1.152198910713195940e-01 7.200000000000000000e+01
2.257404923439025879e-01 -1.324812650680541992e+00 1.650110930204390924e-01 7.200000000000000000e+01
2.197649776935577115e-01 -1.291104674339293990e+00 2.074321061372756958e-01 6.500000000000000000e+01
2.414693385362625122e-01 -1.420114636421204057e+00 -1.260271966457366943e-01 6.000000000000000000e+00
2.222423106431961060e-01 -1.308419585227966087e+00 2.579737603664398193e-01 1.000000000000000000e+02
2.375532537698746005e-01 -1.400040626525878906e+00 -7.442172616720199585e-02 5.600000000000000000e+01
2.240538299083709994e-01 -1.321879506111145020e+00 3.095326423645020086e-01 7.400000000000000000e+01
2.333477437496185025e-01 -1.378171801567078081e+00 -2.439846470952033997e-02 4.900000000000000000e+01
2.199483513832092008e-01 -1.299033880233765093e+00 3.530291914939879816e-01 7.700000000000000000e+01
2.242372184991837103e-01 -1.337121367454529031e+00 2.366546355187892914e-02 6.100000000000000000e+01
5.283533334732055664e-01 -3.153933286666870117e+00 -7.382893562316894531e-01 9.000000000000000000e+00
2.218496203422546109e-01 -1.325721025466918945e+00 7.044419646263122559e-02 4.300000000000000000e+01
2.181214243173598966e-01 -1.304841279983520952e+00 1.157428249716759006e-01 7.600000000000000000e+01
2.178485691547394076e-01 -1.306012153625488059e+00 1.625737100839614868e-01 6.600000000000000000e+01
2.188282161951065063e-01 -1.313297629356384055e+00 2.108736634254456122e-01 6.400000000000000000e+01
2.358565032482146939e-01 -1.417018175125122070e+00 -1.256785839796066007e-01 4.200000000000000000e+01
2.160637080669403076e-01 -1.299504041671752930e+00 2.560656666755676270e-01 1.000000000000000000e+02
2.307013273239136020e-01 -1.389039754867553933e+00 -7.379370182752609253e-02 6.600000000000000000e+01
2.172055840492249090e-01 -1.309196352958678977e+00 3.063833415508270264e-01 7.700000000000000000e+01
2.269008606672286987e-01 -1.369114041328429954e+00 -2.422394044697285045e-02 5.100000000000000000e+01
2.154125422239303866e-01 -1.299793720245361106e+00 3.530291914939879816e-01 8.600000000000000000e+01
2.184550911188125888e-01 -1.334025740623473899e+00 2.359565347433089863e-02 6.000000000000000000e+01
5.165538191795349121e-01 -3.157861948013306108e+00 -7.387392520904541016e-01 2.000000000000000000e+00
2.148251384496689120e-01 -1.314736366271973100e+00 6.981616467237472534e-02 5.400000000000000000e+01
2.131095975637435913e-01 -1.305669188499450906e+00 1.157428249716759006e-01 7.600000000000000000e+01
2.121940702199935913e-01 -1.302920460700988992e+00 1.620862334966660101e-01 5.800000000000000000e+01
2.119703292846679965e-01 -1.304416418075561968e+00 2.093093097209929865e-01 7.700000000000000000e+01
2.323312610387802124e-01 -1.429712891578674094e+00 -1.267244517803192139e-01 6.700000000000000000e+01
2.129597663879395086e-01 -1.311951518058777078e+00 2.583553791046143133e-01 1.000000000000000000e+02
2.228087633848190030e-01 -1.374143242835998979e+00 -7.295632362365722656e-02 6.400000000000000000e+01
2.096845209598540982e-01 -1.294631242752074973e+00 3.027841150760651190e-01 7.700000000000000000e+01
2.194066047668457031e-01 -1.356156945228577104e+00 -2.397960610687733043e-02 5.400000000000000000e+01
2.107286453247070035e-01 -1.302518367767333984e+00 3.535468280315399170e-01 9.200000000000000000e+01
2.131645977497101108e-01 -1.330831050872802956e+00 2.352584339678287853e-02 5.900000000000000000e+01
2.102345377206802091e-01 -1.315478324890136941e+00 6.981616467237472534e-02 5.300000000000000000e+01
2.243153452873229980e-01 -1.403584599494934082e+00 -2.762914299964904785e-01 1.000000000000000000e+00
2.085506618022918979e-01 -1.306405067443848100e+00 1.157428249716759006e-01 7.800000000000000000e+01
2.289401292800903043e-01 -1.435738682746886985e+00 -2.302715331315993985e-01 7.000000000000000000e+00
2.060835063457489014e-01 -1.293851375579833984e+00 1.608675271272659024e-01 4.300000000000000000e+01
2.236362993717193881e-01 -1.405632019042968972e+00 -1.747606396675109863e-01 1.000000000000000000e+00
2.064856588840484897e-01 -1.299295663833617942e+00 2.083707004785537997e-01 1.000000000000000000e+02
2.220231741666794101e-01 -1.397064328193664995e+00 -1.237611547112465044e-01 5.900000000000000000e+01
2.089944928884505948e-01 -1.316564798355102983e+00 2.591186165809630793e-01 1.000000000000000000e+02
2.170723974704741877e-01 -1.368994712829590066e+00 -7.264230400323867798e-02 4.900000000000000000e+01
2.057738304138183871e-01 -1.299204826354980025e+00 3.036839365959166925e-01 8.300000000000000000e+01
2.146713882684707919e-01 -1.356914520263672097e+00 -2.397960610687733043e-02 5.200000000000000000e+01
2.056517302989959994e-01 -1.301373839378356934e+00 3.530291914939879816e-01 1.000000000000000000e+02
2.080524414777756015e-01 -1.325567722320557085e+00 2.342112921178340912e-02 5.700000000000000000e+01
2.327081263065338135e-01 -1.484348058700561968e+00 -3.468745350837708075e-01 1.000000000000000000e+00
2.061008065938949863e-01 -1.316132307052612083e+00 6.981616467237472534e-02 6.000000000000000000e+01
2.174748629331589023e-01 -1.388765454292296919e+00 -2.732384800910950262e-01 1.300000000000000000e+01
2.019822597503662109e-01 -1.291306138038635032e+00 1.143483370542525968e-01 7.800000000000000000e+01
2.207693457603454867e-01 -1.413030385971068892e+00 -2.265171110630035123e-01 3.300000000000000000e+01
2.017116546630859097e-01 -1.292531013488769975e+00 1.606237888336181918e-01 4.000000000000000000e+01
2.192192673683167059e-01 -1.406327724456787109e+00 -1.747606396675109863e-01 1.000000000000000000e+01
2.017949670553207120e-01 -1.296034216880797896e+00 2.077449709177016934e-01 1.000000000000000000e+02
2.145678251981734952e-01 -1.378068327903748003e+00 -1.220180392265319963e-01 5.700000000000000000e+01
2.030471414327620905e-01 -1.305575251579284890e+00 2.568289041519165039e-01 1.000000000000000000e+02
2.118507623672485074e-01 -1.363749146461487038e+00 -7.232829183340072632e-02 4.600000000000000000e+01
2.010936439037322998e-01 -1.295993447303771973e+00 3.027841150760651190e-01 8.300000000000000000e+01
2.076510339975357056e-01 -1.339797377586364968e+00 -2.366546355187892914e-02 4.800000000000000000e+01
1.994225382804870883e-01 -1.286705732345581055e+00 3.488880693912506104e-01 1.000000000000000000e+02
2.013019174337387085e-01 -1.312449812889098899e+00 2.317679487168788910e-02 6.000000000000000000e+01
2.204428613185883123e-01 -1.438920855522155984e+00 -3.360768854618073065e-01 1.000000000000000000e+01
2.021096199750899991e-01 -1.320792198181151900e+00 7.002551108598709106e-02 6.500000000000000000e+01
2.129228115081787109e-01 -1.391456723213196023e+00 -2.736200988292694092e-01 4.600000000000000000e+01
1.971724927425385077e-01 -1.290033817291259988e+00 1.141740232706069946e-01 8.200000000000000000e+01
2.143450230360031128e-01 -1.404028654098510964e+00 -2.249527573585509976e-01 4.400000000000000000e+01
1.966001689434052069e-01 -1.289302468299865945e+00 1.601363122463226041e-01 3.600000000000000000e+01
2.125155627727509100e-01 -1.395309567451477051e+00 -1.732982099056243896e-01 2.500000000000000000e+01
1.978639215230942050e-01 -1.300636529922484907e+00 2.083707004785537997e-01 1.000000000000000000e+02
2.085575610399245938e-01 -1.370929956436157005e+00 -1.213207915425301014e-01 5.900000000000000000e+01
1.976037919521332065e-01 -1.300453186035156028e+00 2.556840479373931885e-01 1.000000000000000000e+02
2.034927606582641879e-01 -1.340784668922424094e+00 -7.107222825288772583e-02 4.400000000000000000e+01
1.977368742227554044e-01 -1.304394483566283958e+00 3.045837283134459894e-01 8.500000000000000000e+01
2.029730081558228094e-01 -1.340514063835144043e+00 -2.366546355187892914e-02 5.100000000000000000e+01
1.943514496088027954e-01 -1.283573865890502930e+00 3.478527963161469061e-01 1.000000000000000000e+02
1.946455389261246005e-01 -1.299301028251647949e+00 2.293246239423751831e-02 6.300000000000000000e+01
2.113814502954483032e-01 -1.412699580192565918e+00 -3.297782540321350098e-01 4.600000000000000000e+01
1.965463608503341952e-01 -1.313554167747498003e+00 6.960681825876235962e-02 7.600000000000000000e+01
2.074840366840363104e-01 -1.388308167457581010e+00 -2.728568613529204767e-01 6.600000000000000000e+01
1.938448399305343905e-01 -1.298596501350403054e+00 1.148712709546089034e-01 8.400000000000000000e+01
2.091514468193053922e-01 -1.402814507484436035e+00 -2.246398925781250000e-01 4.700000000000000000e+01
1.903441399335860928e-01 -1.278200149536133035e+00 1.586738824844360074e-01 3.800000000000000000e+01
2.018028348684310913e-01 -1.356773018836975098e+00 -1.684234291315079013e-01 2.800000000000000000e+01
1.941310018301010132e-01 -1.305193305015563965e+00 2.089964449405669888e-01 9.000000000000000000e+01
2.025997489690780917e-01 -1.363766551017761008e+00 -1.206235513091087064e-01 4.900000000000000000e+01
1.927750110626220981e-01 -1.299193024635314941e+00 2.553024291992188055e-01 1.000000000000000000e+02
1.961761116981506070e-01 -1.323705673217772993e+00 -7.013018429279327393e-02 4.700000000000000000e+01
1.914703696966170987e-01 -1.293510317802428977e+00 3.018843233585358221e-01 8.300000000000000000e+01
1.974150985479355136e-01 -1.335279822349547896e+00 -2.356074936687945973e-02 6.600000000000000000e+01
1.909999400377274115e-01 -1.291888833045959029e+00 3.499233424663544256e-01 1.000000000000000000e+02
1.915557384490967074e-01 -1.309865832328795943e+00 2.310698665678501129e-02 6.800000000000000000e+01
2.056039720773696899e-01 -1.407644033432007058e+00 -3.284285366535186768e-01 6.900000000000000000e+01
1.888474524021148959e-01 -1.294502258300781028e+00 6.856010109186172485e-02 8.200000000000000000e+01
2.017864584922791082e-01 -1.383195877075195090e+00 -2.717120051383972168e-01 8.700000000000000000e+01
1.893107146024703979e-01 -1.299265146255492942e+00 1.148712709546089034e-01 8.200000000000000000e+01
2.028310596942901889e-01 -1.393762111663817915e+00 -2.230755537748337070e-01 5.000000000000000000e+01
1.870233565568923950e-01 -1.286714673042296919e+00 1.596488356590270996e-01 4.200000000000000000e+01
1.930729299783706943e-01 -1.329966187477112038e+00 -1.650110930204390924e-01 4.300000000000000000e+01
1.887790113687514981e-01 -1.301986217498779075e+00 2.083707004785537997e-01 1.000000000000000000e+02
1.935496777296066007e-01 -1.334888935089111106e+00 -1.180088743567467013e-01 5.500000000000000000e+01
1.885201781988143921e-01 -1.301800966262816939e+00 2.556840479373931885e-01 1.000000000000000000e+02
1.895530074834823886e-01 -1.310545563697814941e+00 -6.939747929573059082e-02 6.000000000000000000e+01
1.847250610589981079e-01 -1.278741002082824929e+00 2.982850968837738037e-01 8.700000000000000000e+01
1.910395473241806030e-01 -1.324085593223571999e+00 -2.335131913423537861e-02 7.800000000000000000e+01
1.870902627706527988e-01 -1.298316478729248047e+00 3.514762520790100098e-01 1.000000000000000000e+02
1.051826402544975003e-01 -7.362878918647766113e-01 -1.992906630039215088e-01 6.000000000000000000e+00
1.875471919775008878e-01 -1.314485788345336914e+00 2.317679487168788910e-02 7.200000000000000000e+01
2.012389600276947021e-01 -1.412211656570435014e+00 -3.293283581733704168e-01 7.800000000000000000e+01
1.842719316482543945e-01 -1.293144106864928977e+00 6.845542788505554199e-02 8.800000000000000000e+01
1.941907256841660101e-01 -1.364455103874206987e+00 -2.678958177566527765e-01 9.900000000000000000e+01
1.830919533967972079e-01 -1.288082718849181907e+00 1.138254031538963040e-01 8.600000000000000000e+01
1.965764313936234076e-01 -1.384682774543761985e+00 -2.215112000703811923e-01 4.800000000000000000e+01
1.830880939960480014e-01 -1.291290521621704102e+00 1.601363122463226041e-01 5.000000000000000000e+01
1.887076348066329956e-01 -1.332597613334655984e+00 -1.652548313140868863e-01 4.800000000000000000e+01
1.825733333826065063e-01 -1.290901780128479004e+00 2.064934968948363980e-01 1.000000000000000000e+02
1.886098682880401889e-01 -1.333583593368530051e+00 -1.178345605731010021e-01 7.000000000000000000e+01
1.853478401899338046e-01 -1.312170863151550071e+00 2.575921416282653809e-01 1.000000000000000000e+02
1.844191849231719971e-01 -1.307243824005126953e+00 -6.918813288211822510e-02 7.500000000000000000e+01
1.808040589094161987e-01 -1.283237457275391069e+00 2.991848886013031006e-01 8.700000000000000000e+01
1.853018701076508123e-01 -1.316823601722717063e+00 -2.321170084178448070e-02 8.800000000000000000e+01
1.811686903238297064e-01 -1.287451744079590066e+00 3.483704328536986750e-01 1.000000000000000000e+02
9.834748506546020508e-02 -7.060365080833435059e-01 -1.910084486007689875e-01 3.000000000000000000e+01
1.804777830839157104e-01 -1.297306895256042036e+00 2.286265231668949127e-02 7.800000000000000000e+01
1.955036520957947055e-01 -1.407114863395690918e+00 -3.279786407947539728e-01 5.800000000000000000e+01
1.797568947076796930e-01 -1.293779492378235085e+00 6.845542788505554199e-02 9.000000000000000000e+01
1.907759010791779120e-01 -1.374847769737244096e+00 -2.698039114475250244e-01 1.000000000000000000e+02
1.769535988569259921e-01 -1.276872873306273970e+00 1.127795279026030939e-01 8.800000000000000000e+01
1.882211118936538974e-01 -1.359923124313354048e+00 -2.174439132213593084e-01 4.200000000000000000e+01
1.793949604034424106e-01 -1.297820925712585005e+00 1.608675271272659024e-01 7.800000000000000000e+01
1.837833970785140991e-01 -1.331281661987304910e+00 -1.650110930204390924e-01 5.800000000000000000e+01
1.783359199762344083e-01 -1.293488025665282981e+00 2.068063616752625067e-01 1.000000000000000000e+02
1.806881874799728116e-01 -1.310549259185791016e+00 -1.157428249716759006e-01 9.700000000000000000e+01
1.799629777669906894e-01 -1.306975126266479048e+00 2.564472854137421209e-01 1.000000000000000000e+02
1.809433102607727051e-01 -1.315794229507446067e+00 -6.960681825876235962e-02 8.800000000000000000e+01
1.765887737274169922e-01 -1.285791397094727007e+00 2.996348142623900812e-01 8.900000000000000000e+01
1.796172261238097867e-01 -1.309537887573241965e+00 -2.307208068668841969e-02 9.400000000000000000e+01
1.756234765052795133e-01 -1.280420541763306108e+00 3.462998867034912109e-01 1.000000000000000000e+02
9.731613099575042725e-02 -7.178782820701599121e-01 -1.941142827272414884e-01 7.000000000000000000e+00
1.751851588487625122e-01 -1.293996334075927956e+00 2.279284223914146076e-02 8.600000000000000000e+01
1.887783706188201904e-01 -1.396234989166259988e+00 -3.252792358398438055e-01 4.300000000000000000e+01
1.753223538398742953e-01 -1.298418760299683061e+00 6.866477429866790771e-02 8.800000000000000000e+01
1.867863833904266080e-01 -1.383320212364196999e+00 -2.713303864002227783e-01 1.000000000000000000e+02
1.722724437713623047e-01 -1.277512788772583008e+00 1.127795279026030939e-01 9.000000000000000000e+01
1.808626502752304077e-01 -1.342984557151793990e+00 -2.146280854940413874e-01 3.800000000000000000e+01
1.735786050558089932e-01 -1.290600180625915971e+00 1.598925739526748935e-01 9.000000000000000000e+01
1.791670173406600952e-01 -1.333913803100585938e+00 -1.652548313140868863e-01 6.600000000000000000e+01
1.751345545053482056e-01 -1.303891658782958984e+00 2.083707004785537997e-01 1.000000000000000000e+02
1.761484593152999878e-01 -1.313177466392517090e+00 -1.159171387553215027e-01 1.000000000000000000e+02
1.723040789365767878e-01 -1.286221385002136008e+00 2.522494792938231867e-01 1.000000000000000000e+02
1.742655783891678134e-01 -1.302591204643249956e+00 -6.887412071228027344e-02 9.400000000000000000e+01
1.718749254941940030e-01 -1.286429882049560991e+00 2.996348142623900812e-01 8.900000000000000000e+01
1.758742034435271939e-01 -1.318115830421447976e+00 -2.321170084178448070e-02 9.400000000000000000e+01
1.707057207822799960e-01 -1.281085491180419922e+00 3.462998867034912109e-01 1.000000000000000000e+02
1.696217656135559082e-01 -1.286669850349426047e+00 2.265322394669055939e-02 8.900000000000000000e+01
1.800880283117294034e-01 -1.367904424667357954e+00 -3.185306787490844727e-01 5.000000000000000000e+01
1.704942882061004916e-01 -1.295032620429992898e+00 6.845542788505554199e-02 9.600000000000000000e+01
1.827242970466614047e-01 -1.389803290367126021e+00 -2.724752426147460938e-01 9.900000000000000000e+01
1.683307737112045011e-01 -1.282057285308837891e+00 1.131281554698943953e-01 8.800000000000000000e+01
1.751464009284972867e-01 -1.335773229598999023e+00 -2.133766114711760919e-01 6.200000000000000000e+01
1.680415719747543057e-01 -1.283325076103210005e+00 1.589176207780838013e-01 9.300000000000000000e+01
1.739949285984039029e-01 -1.330594420433043990e+00 -1.647673547267914096e-01 7.000000000000000000e+01
1.708659380674361905e-01 -1.308442354202270952e+00 2.089964449405669888e-01 9.900000000000000000e+01
1.723375022411345880e-01 -1.319711089134216087e+00 -1.164400726556777954e-01 1.000000000000000000e+02
1.680671572685241977e-01 -1.288761734962462935e+00 2.526310980319976807e-01 1.000000000000000000e+02
1.697176247835159024e-01 -1.303191542625427024e+00 -6.887412071228027344e-02 9.000000000000000000e+01
1.668807566165924072e-01 -1.283157110214232954e+00 2.987349927425385077e-01 8.900000000000000000e+01
1.717871576547622958e-01 -1.322687864303589089e+00 -2.328151091933250080e-02 9.400000000000000000e+01
1.667298227548598966e-01 -1.285505175590514915e+00 3.473351597785950262e-01 1.000000000000000000e+02
1.663732081651687900e-01 -1.295158863067626953e+00 2.279284223914146076e-02 8.900000000000000000e+01
1.755509078502655029e-01 -1.368494033813477007e+00 -3.185306787490844727e-01 6.300000000000000000e+01
1.651823520660400113e-01 -1.287666797637939009e+00 6.803674250841140747e-02 9.900000000000000000e+01
1.768672466278075894e-01 -1.380664825439452903e+00 -2.705671489238739014e-01 1.000000000000000000e+02
1.655953079462051114e-01 -1.294466137886046919e+00 1.141740232706069946e-01 8.600000000000000000e+01
1.692139506340027133e-01 -1.324589967727660911e+00 -2.114993929862976074e-01 8.000000000000000000e+01
1.637849956750870029e-01 -1.283875226974487083e+00 1.589176207780838013e-01 9.300000000000000000e+01
1.678255349397659024e-01 -1.317379832267761008e+00 -1.630611866712569913e-01 7.600000000000000000e+01
1.657559871673583984e-01 -1.301134467124938965e+00 2.077449709177016934e-01 1.000000000000000000e+02
1.677087992429732999e-01 -1.318298935890197976e+00 -1.162657588720321933e-01 1.000000000000000000e+02
1.640399694442749023e-01 -1.291259646415710005e+00 2.530127167701721191e-01 1.000000000000000000e+02
1.658978760242461881e-01 -1.307709932327270952e+00 -6.908345967531204224e-02 8.500000000000000000e+01
1.614001393318175992e-01 -1.274037003517151101e+00 2.964854836463928223e-01 8.700000000000000000e+01
1.671490520238876065e-01 -1.321266412734984907e+00 -2.324660494923591961e-02 9.100000000000000000e+01
1.629502624273299893e-01 -1.289884209632873979e+00 3.483704328536986750e-01 1.000000000000000000e+02
1.628426760435104093e-01 -1.303668856620789018e+00 2.293246239423751831e-02 8.600000000000000000e+01
1.707729101181029996e-01 -1.369098544120789018e+00 -3.185306787490844727e-01 7.500000000000000000e+01
1.601921319961548129e-01 -1.284271717071532981e+00 6.782739609479904175e-02 9.800000000000000000e+01
1.720467507839202881e-01 -1.381273865699768066e+00 -2.705671489238739014e-01 1.000000000000000000e+02
1.596002578735352118e-01 -1.283173322677612083e+00 1.131281554698943953e-01 9.000000000000000000e+01
1.655631363391875943e-01 -1.333013892173767090e+00 -2.127508670091629028e-01 7.700000000000000000e+01
1.597910970449447909e-01 -1.288379192352294922e+00 1.594050973653793057e-01 9.300000000000000000e+01
1.642019450664519986e-01 -1.325837850570678933e+00 -1.640361398458481113e-01 7.800000000000000000e+01
1.607275903224945068e-01 -1.297784328460692915e+00 2.071192264556885043e-01 1.000000000000000000e+02
1.635951399803161899e-01 -1.322830915451050027e+00 -1.166143864393233975e-01 1.000000000000000000e+02
1.597722470760344904e-01 -1.293772816658020020e+00 2.533943355083466131e-01 1.000000000000000000e+02
1.623098701238631925e-01 -1.316210031509398970e+00 -6.950215250253677368e-02 8.500000000000000000e+01
1.574282795190810880e-01 -1.278460979461669922e+00 2.973853051662445068e-01 8.700000000000000000e+01
1.615597605705260953e-01 -1.313902735710144043e+00 -2.310698665678501129e-02 9.800000000000000000e+01
1.577404439449310025e-01 -1.284692764282227007e+00 3.468175232410430908e-01 1.000000000000000000e+02
1.575822383165358942e-01 -1.300286531448364036e+00 2.286265231668949127e-02 8.900000000000000000e+01
1.669243425130844116e-01 -1.379388332366942915e+00 -3.207802176475524902e-01 9.600000000000000000e+01
1.562037914991379062e-01 -1.290798664093018022e+00 6.814141571521759033e-02 9.200000000000000000e+01
1.674540042877196988e-01 -1.385793209075927956e+00 -2.713303864002227783e-01 1.000000000000000000e+02
1.539414525032042902e-01 -1.275837540626526101e+00 1.124309077858925005e-01 9.200000000000000000e+01
1.599674224853515903e-01 -1.327728152275085005e+00 -2.118122726678847989e-01 7.000000000000000000e+01
1.560163050889968872e-01 -1.296839714050292969e+00 1.603800505399703979e-01 9.300000000000000000e+01
1.593413949012756070e-01 -1.326430678367614968e+00 -1.640361398458481113e-01 7.800000000000000000e+01
1.540850549936295111e-01 -1.282674551010132058e+00 2.046162784099579135e-01 1.000000000000000000e+02
1.580337584018706998e-01 -1.317487001419066939e+00 -1.160914525389671048e-01 1.000000000000000000e+02
1.554962098598479947e-01 -1.298248410224914995e+00 2.541575729846953791e-01 1.000000000000000000e+02
1.593820452690125067e-01 -1.332661151885986106e+00 -7.033952325582504272e-02 8.300000000000000000e+01
1.529725044965744019e-01 -1.280964374542236106e+00 2.978352010250092108e-01 8.900000000000000000e+01
1.567429751157760898e-01 -1.314486145973206010e+00 -2.310698665678501129e-02 9.100000000000000000e+01
1.518826335668564120e-01 -1.273725986480712891e+00 3.437117040157318115e-01 1.000000000000000000e+02
1.516405045986176092e-01 -1.288912773132323997e+00 2.265322394669055939e-02 8.400000000000000000e+01
1.614262759685516080e-01 -1.374156355857848899e+00 -3.194305002689362127e-01 9.100000000000000000e+01
1.523961871862410944e-01 -1.297286868095397949e+00 6.845542788505554199e-02 9.600000000000000000e+01
1.628443747758865079e-01 -1.388319253921509011e+00 -2.717120051383972168e-01 9.900000000000000000e+01
1.499505341053009033e-01 -1.280324816703795943e+00 1.127795279026030939e-01 8.800000000000000000e+01
1.546434909105300903e-01 -1.322392463684082031e+00 -2.108736634254456122e-01 6.100000000000000000e+01
1.510280817747116089e-01 -1.293432950973510964e+00 1.598925739526748935e-01 9.300000000000000000e+01
1.570091396570205966e-01 -1.346696257591248003e+00 -1.664735227823256891e-01 6.600000000000000000e+01
1.509792953729630072e-01 -1.294977068901062012e+00 2.064934968948363980e-01 1.000000000000000000e+02
1.534339040517807007e-01 -1.318030714988708052e+00 -1.160914525389671048e-01 1.000000000000000000e+02
1.507368683815001886e-01 -1.296833157539367898e+00 2.537759542465209961e-01 1.000000000000000000e+02
1.533477008342742920e-01 -1.321305751800537109e+00 -6.971149146556854248e-02 8.500000000000000000e+01
1.489488184452056885e-01 -1.285362124443053977e+00 2.987349927425385077e-01 9.400000000000000000e+01
1.528431326150893887e-01 -1.320984601974487083e+00 -2.321170084178448070e-02 8.800000000000000000e+01
1.476565897464751920e-01 -1.278112292289734109e+00 3.447469770908356268e-01 1.000000000000000000e+02
1.478196233510971069e-01 -1.293382048606873003e+00 2.272303402423858990e-02 8.600000000000000000e+01
1.555428653955459872e-01 -1.363067030906677024e+00 -3.167310953140258789e-01 8.800000000000000000e+01
1.474146842956542969e-01 -1.293842077255249023e+00 6.824608892202377319e-02 9.300000000000000000e+01
1.591286361217499057e-01 -1.396654129028320090e+00 -2.732384800910950262e-01 9.900000000000000000e+01
1.457040011882781982e-01 -1.280815005302428977e+00 1.127795279026030939e-01 8.800000000000000000e+01
1.522638350725173950e-01 -1.340562820434570090e+00 -2.136894762516022006e-01 5.700000000000000000e+01
1.453959494829178134e-01 -1.282091975212096946e+00 1.584301441907882968e-01 9.300000000000000000e+01
1.518724411725997925e-01 -1.341292023658751997e+00 -1.657423079013823908e-01 5.900000000000000000e+01
1.475731581449508945e-01 -1.303321957588196023e+00 2.077449709177016934e-01 1.000000000000000000e+02
1.508528441190719882e-01 -1.334370493888854980e+00 -1.174859404563903947e-01 9.600000000000000000e+01
1.459951698780060092e-01 -1.293424129486083984e+00 2.530127167701721191e-01 1.000000000000000000e+02
1.498599350452423096e-01 -1.329745769500731978e+00 -7.013018429279327393e-02 8.500000000000000000e+01
1.438139826059340876e-01 -1.278102874755858931e+00 2.969353795051575262e-01 9.200000000000000000e+01
1.500245034694671908e-01 -1.335394501686095969e+00 -2.345603518188000072e-02 9.800000000000000000e+01
1.436405479907990057e-01 -1.278569817543030007e+00 3.447469770908356268e-01 1.000000000000000000e+02
1.428637206554413119e-01 -1.289915084838866965e+00 2.265322394669055939e-02 8.000000000000000000e+01
1.512122899293900091e-01 -1.367475628852844016e+00 -3.176308870315551758e-01 9.300000000000000000e+01
1.420207619667052945e-01 -1.286407947540282981e+00 6.782739609479904175e-02 9.600000000000000000e+01
1.540369987487792969e-01 -1.395249724388123003e+00 -2.728568613529204767e-01 1.000000000000000000e+02
1.425419598817825040e-01 -1.293198227882385032e+00 1.138254031538963040e-01 8.600000000000000000e+01
1.480156332254410068e-01 -1.345013141632080078e+00 -2.143152207136153897e-01 5.800000000000000000e+01
1.413533389568329135e-01 -1.286538124084473100e+00 1.589176207780838013e-01 9.000000000000000000e+01
1.469730734825134000e-01 -1.339840769767761008e+00 -1.654985696077347079e-01 5.700000000000000000e+01
1.427952498197556097e-01 -1.303854107856750044e+00 2.077449709177016934e-01 1.000000000000000000e+02
1.479293555021286011e-01 -1.350733280181884988e+00 -1.188804358243941983e-01 9.600000000000000000e+01
1.421195715665816983e-01 -1.299780726432800071e+00 2.541575729846953791e-01 1.000000000000000000e+02
1.447838693857192993e-01 -1.326289772987365945e+00 -6.992083787918090820e-02 8.700000000000000000e+01
1.387182772159576138e-01 -1.272785305976867898e+00 2.955856919288635254e-01 8.700000000000000000e+01
1.447132527828217108e-01 -1.329946160316467063e+00 -2.335131913423537861e-02 9.400000000000000000e+01
1.387447565793991089e-01 -1.277167201042175071e+00 3.442293405532836914e-01 9.500000000000000000e+01
1.404920965433121005e-01 -1.310288906097412109e+00 2.300227247178554882e-02 9.100000000000000000e+01
1.470602452754974088e-01 -1.373808145523071067e+00 -3.189806044101715088e-01 8.400000000000000000e+01
1.383784413337708075e-01 -1.294839739799499956e+00 6.824608892202377319e-02 9.600000000000000000e+01
1.487484872341156006e-01 -1.391874670982361062e+00 -2.720936238765717108e-01 1.000000000000000000e+02
1.371814906597136896e-01 -1.285763263702393022e+00 1.131281554698943953e-01 8.800000000000000000e+01
1.452027857303619107e-01 -1.363199949264525923e+00 -2.171310335397720059e-01 6.600000000000000000e+01
1.377012580633162897e-01 -1.294919610023498979e+00 1.598925739526748935e-01 8.700000000000000000e+01
1.429239660501480103e-01 -1.346267580986022949e+00 -1.662297844886780063e-01 5.500000000000000000e+01
1.384707242250443060e-01 -1.304320454597472922e+00 2.077449709177016934e-01 9.000000000000000000e+01
1.423735469579696933e-01 -1.343316197395324929e+00 -1.181831881403923035e-01 9.700000000000000000e+01
1.384079456329345981e-01 -1.308078289031981978e+00 2.556840479373931885e-01 1.000000000000000000e+02
1.409926116466521939e-01 -1.334731936454772949e+00 -7.033952325582504272e-02 8.700000000000000000e+01
1.336614489555358887e-01 -1.267447710037231001e+00 2.942359745502471924e-01 9.200000000000000000e+01
1.383950114250183105e-01 -1.314533591270446999e+00 -2.307208068668841969e-02 8.800000000000000000e+01
1.349132955074310025e-01 -1.281462788581847922e+00 3.452646136283875067e-01 9.200000000000000000e+01
1.350924968719481867e-01 -1.302815198898314986e+00 2.286265231668949127e-02 8.400000000000000000e+01
1.438691020011902133e-01 -1.389820098876952903e+00 -3.225798010826110840e-01 7.900000000000000000e+01
1.346789747476578036e-01 -1.303261518478393999e+00 6.866477429866790771e-02 9.600000000000000000e+01
1.436872184276581088e-01 -1.390432476997375044e+00 -2.717120051383972168e-01 1.000000000000000000e+02
1.322835832834244052e-01 -1.282270550727844016e+00 1.127795279026030939e-01 8.800000000000000000e+01
1.396339833736419955e-01 -1.355838656425476074e+00 -2.158795595169067105e-01 6.600000000000000000e+01
1.339923739433289129e-01 -1.303291082382201926e+00 1.608675271272659024e-01 8.700000000000000000e+01
1.392371058464050015e-01 -1.356631875038146973e+00 -1.674484759569168091e-01 5.300000000000000000e+01
1.332865506410599032e-01 -1.300889015197753906e+00 2.071192264556885043e-01 9.000000000000000000e+01
1.366682648658751886e-01 -1.333894968032836914e+00 -1.173116266727448065e-01 1.000000000000000000e+02
1.336412876844406128e-01 -1.306600451469420943e+00 2.553024291992188055e-01 1.000000000000000000e+02
1.371441632509232122e-01 -1.343163728713989036e+00 -7.075821608304977417e-02 8.700000000000000000e+01
1.304220706224442083e-01 -1.279538750648498979e+00 2.969353795051575262e-01 9.700000000000000000e+01
1.354250311851500910e-01 -1.330924034118651900e+00 -2.335131913423537861e-02 8.800000000000000000e+01
1.284585595130920133e-01 -1.264650940895081010e+00 3.406058549880980890e-01 9.700000000000000000e+01
1.305439919233321866e-01 -1.303278803825377974e+00 2.286265231668949127e-02 8.200000000000000000e+01
1.388229578733443936e-01 -1.388374805450439009e+00 -3.221299052238463800e-01 7.700000000000000000e+01
1.305256634950638095e-01 -1.307698488235474077e+00 6.887412071228027344e-02 9.000000000000000000e+01
1.386378407478333075e-01 -1.388972043991089089e+00 -2.713303864002227783e-01 9.500000000000000000e+01
1.278068274259566983e-01 -1.282724499702454057e+00 1.127795279026030939e-01 8.800000000000000000e+01
1.347048580646514893e-01 -1.354352116584778054e+00 -2.155666947364807129e-01 7.200000000000000000e+01
1.286577284336090088e-01 -1.295849323272705078e+00 1.598925739526748935e-01 8.700000000000000000e+01
1.370458751916885098e-01 -1.382789969444274902e+00 -1.706170737743377963e-01 5.900000000000000000e+01
1.293615549802779874e-01 -1.305255413055419922e+00 2.077449709177016934e-01 9.500000000000000000e+01
1.339728087186813077e-01 -1.354190945625304954e+00 -1.190547421574593007e-01 1.000000000000000000e+02
1.288866400718688965e-01 -1.305105209350585938e+00 2.549208104610443115e-01 1.000000000000000000e+02
1.320629417896271030e-01 -1.339658975601196067e+00 -7.054886966943740845e-02 8.500000000000000000e+01
1.255731731653214056e-01 -1.276107430458069070e+00 2.960355877876281738e-01 9.700000000000000000e+01
1.315603405237197876e-01 -1.339349150657654031e+00 -2.349093928933143963e-02 9.400000000000000000e+01
1.242641210556029996e-01 -1.265069961547852007e+00 3.406058549880980890e-01 1.000000000000000000e+02
1.259939074516296109e-01 -1.303726553916930930e+00 2.286265231668949127e-02 8.600000000000000000e+01
1.330402046442032138e-01 -1.379152178764343040e+00 -3.198803961277008057e-01 8.300000000000000000e+01
1.255772858858109076e-01 -1.304170012474060059e+00 6.866477429866790771e-02 9.000000000000000000e+01
1.349176019430161078e-01 -1.401172876358032005e+00 -2.736200988292694092e-01 9.000000000000000000e+01
1.240909621119499068e-01 -1.291095852851867898e+00 1.134767755866050998e-01 8.600000000000000000e+01
1.309196949005126953e-01 -1.364645838737488015e+00 -2.171310335397720059e-01 7.700000000000000000e+01
1.233766749501228055e-01 -1.288386344909667969e+00 1.589176207780838013e-01 8.700000000000000000e+01
1.310849040746689120e-01 -1.371403455734252930e+00 -1.691546440124511996e-01 5.900000000000000000e+01
1.257023811340332031e-01 -1.317519426345824973e+00 2.096221894025802890e-01 8.700000000000000000e+01
1.300019025802612027e-01 -1.362583875656127930e+00 -1.197519898414611955e-01 1.000000000000000000e+02
1.237718239426612993e-01 -1.299683928489685059e+00 2.537759542465209961e-01 1.000000000000000000e+02
1.270078569650650024e-01 -1.336135268211364968e+00 -7.033952325582504272e-02 8.700000000000000000e+01
1.211179643869400024e-01 -1.276538014411926047e+00 2.960355877876281738e-01 9.700000000000000000e+01
1.272614151239394864e-01 -1.343781709671020952e+00 -2.356074936687945973e-02 9.400000000000000000e+01
1.196265742182732045e-01 -1.265516996383666992e+00 3.406058549880980890e-01 1.000000000000000000e+02
1.219549030065535944e-01 -1.312144041061400923e+00 2.300227247178554882e-02 8.200000000000000000e+01
1.290645003318786899e-01 -1.391273021697998047e+00 -3.225798010826110840e-01 9.600000000000000000e+01
1.200598627328872958e-01 -1.296666502952575906e+00 6.824608892202377319e-02 8.800000000000000000e+01
1.296001374721527100e-01 -1.399703025817871094e+00 -2.732384800910950262e-01 8.500000000000000000e+01
1.202747598290443004e-01 -1.301461696624756081e+00 1.143483370542525968e-01 8.400000000000000000e+01
1.262800097465515137e-01 -1.369050502777100053e+00 -2.177567780017853061e-01 7.500000000000000000e+01
1.193816140294075012e-01 -1.296736836433411089e+00 1.598925739526748935e-01 8.700000000000000000e+01
1.258759349584578913e-01 -1.369897961616515891e+00 -1.689109057188034058e-01 6.400000000000000000e+01
1.207411065697669983e-01 -1.314015984535217063e+00 2.089964449405669888e-01 8.500000000000000000e+01
1.253708302974700928e-01 -1.367019414901732954e+00 -1.201006099581718028e-01 1.000000000000000000e+02
1.188284531235695024e-01 -1.298173785209655984e+00 2.533943355083466131e-01 1.000000000000000000e+02
1.221098154783249040e-01 -1.336591720581054910e+00 -7.033952325582504272e-02 8.500000000000000000e+01
1.157305762171745023e-01 -1.269210577011107954e+00 2.942359745502471924e-01 8.900000000000000000e+01
1.214291602373123030e-01 -1.334281802177428977e+00 -2.338622510433197021e-02 9.100000000000000000e+01
1.157336309552192966e-01 -1.271698474884032981e+00 3.421587646007537842e-01 1.000000000000000000e+02
1.180863603949546953e-01 -1.320528745651244895e+00 2.314189076423645020e-02 8.400000000000000000e+01
1.242072582244873047e-01 -1.391715049743651900e+00 -3.225798010826110840e-01 8.400000000000000000e+01
1.155329197645186962e-01 -1.297077775001526101e+00 6.824608892202377319e-02 9.000000000000000000e+01
1.248876452445984025e-01 -1.402102351188659890e+00 -2.736200988292694092e-01 8.700000000000000000e+01
1.157310754060744962e-01 -1.301873564720154031e+00 1.143483370542525968e-01 8.400000000000000000e+01
1.223732084035872997e-01 -1.379321217536926047e+00 -2.193211168050765991e-01 7.200000000000000000e+01
1.164301782846450944e-01 -1.314941883087157981e+00 1.620862334966660101e-01 8.200000000000000000e+01
1.224912405014037947e-01 -1.386148095130919966e+00 -1.708608120679855069e-01 6.100000000000000000e+01
1.152300313115119934e-01 -1.306578755378722922e+00 2.077449709177016934e-01 9.200000000000000000e+01
1.205982863903045932e-01 -1.367448687553405984e+00 -1.201006099581718028e-01 1.000000000000000000e+02
1.153290495276450972e-01 -1.310314774513245073e+00 2.556840479373931885e-01 1.000000000000000000e+02
1.188416332006454051e-01 -1.352926611900330034e+00 -7.117690145969390869e-02 8.300000000000000000e+01
1.109591275453568060e-01 -1.265724301338196023e+00 2.933361828327178955e-01 9.700000000000000000e+01
1.158994808793067932e-01 -1.324737191200255904e+00 -2.321170084178448070e-02 8.800000000000000000e+01
1.107357740402221957e-01 -1.268265128135680930e+00 3.411234915256500244e-01 1.000000000000000000e+02
1.133636757731437961e-01 -1.316928386688231978e+00 2.307208068668841969e-02 8.200000000000000000e+01
1.207590475678444047e-01 -1.405710458755492942e+00 -3.257291316986083984e-01 8.800000000000000000e+01
1.122546195983886996e-01 -1.309393525123595969e+00 6.887412071228027344e-02 8.800000000000000000e+01
1.205728128552436967e-01 -1.406420946121216042e+00 -2.743833363056182861e-01 8.700000000000000000e+01
1.110735982656479021e-01 -1.298279881477355957e+00 1.139997094869614064e-01 8.200000000000000000e+01
1.184707209467888017e-01 -1.387592315673827903e+00 -2.205725908279418945e-01 6.900000000000000000e+01
1.124060824513434947e-01 -1.319276571273803933e+00 1.625737100839614868e-01 7.900000000000000000e+01
1.190711855888366977e-01 -1.400392293930053933e+00 -1.725669950246810913e-01 6.600000000000000000e+01
1.111247316002846042e-01 -1.306934356689452903e+00 2.077449709177016934e-01 9.200000000000000000e+01
1.152207404375076016e-01 -1.357914805412292036e+00 -1.192290559411049028e-01 1.000000000000000000e+02
1.099893748760222972e-01 -1.298952460289001021e+00 2.533943355083466131e-01 9.900000000000000000e+01
1.150271892547607006e-01 -1.361274003982543945e+00 -7.159558683633804321e-02 8.500000000000000000e+01
1.070887148380279957e-01 -1.269968986511230025e+00 2.942359745502471924e-01 9.400000000000000000e+01
1.125119253993033946e-01 -1.337070107460021973e+00 -2.342112921178340912e-02 8.400000000000000000e+01
1.061029061675071994e-01 -1.260906577110290971e+00 3.390529453754425049e-01 1.000000000000000000e+02
1.087660491466521939e-01 -1.317316055297852007e+00 2.307208068668841969e-02 7.800000000000000000e+01
1.156914457678795000e-01 -1.404181241989135964e+00 -3.252792358398438055e-01 8.600000000000000000e+01
1.083379089832306047e-01 -1.317739486694335938e+00 6.929280608892440796e-02 8.800000000000000000e+01
1.159844845533370972e-01 -1.410746574401855025e+00 -2.751465737819672186e-01 9.000000000000000000e+01
1.067039817571640015e-01 -1.300645470619202104e+00 1.141740232706069946e-01 7.800000000000000000e+01
1.129817068576813022e-01 -1.380122184753417969e+00 -2.193211168050765991e-01 6.900000000000000000e+01
1.074770241975784024e-01 -1.315703868865967019e+00 1.620862334966660101e-01 8.200000000000000000e+01
1.149885505437850952e-01 -1.410692095756530984e+00 -1.737856864929198941e-01 6.800000000000000000e+01
1.075249090790749013e-01 -1.319127321243285911e+00 2.096221894025802890e-01 8.300000000000000000e+01
1.112876310944557051e-01 -1.368237853050231934e+00 -1.201006099581718028e-01 1.000000000000000000e+02
1.054545193910599032e-01 -1.299328565597533958e+00 2.533943355083466131e-01 1.000000000000000000e+02
1.099523156881331981e-01 -1.357685685157776101e+00 -7.138624787330627441e-02 8.300000000000000000e+01
1.029689759016036987e-01 -1.274219870567321999e+00 2.951357960700988770e-01 9.700000000000000000e+01
1.091297641396522938e-01 -1.353400468826293945e+00 -2.370036765933037151e-02 8.200000000000000000e+01
1.020114123821258961e-01 -1.265120387077331987e+00 3.400882184505463202e-01 1.000000000000000000e+02
1.042515933513640941e-01 -1.321692824363708052e+00 2.314189076423645020e-02 7.800000000000000000e+01
1.108498796820640980e-01 -1.408481240272521973e+00 -3.261790275573729914e-01 8.400000000000000000e+01
1.035074219107628007e-01 -1.318127751350403054e+00 6.929280608892440796e-02 8.800000000000000000e+01
1.125036850571631969e-01 -1.432691693305969016e+00 -2.793443799018859863e-01 9.900000000000000000e+01
1.022474169731139998e-01 -1.305000424385071023e+00 1.145226433873176991e-01 7.600000000000000000e+01
1.083844155073166032e-01 -1.386435151100158913e+00 -2.202597260475158969e-01 6.400000000000000000e+01
1.020365357398986955e-01 -1.308172702789307085e+00 1.611112654209136963e-01 8.500000000000000000e+01
1.101253777742386003e-01 -1.415062308311461958e+00 -1.742731630802155096e-01 6.800000000000000000e+01
1.024590507149695934e-01 -1.319530487060547097e+00 2.096221894025802890e-01 8.700000000000000000e+01
1.067347675561905046e-01 -1.374595761299133079e+00 -1.206235513091087064e-01 9.300000000000000000e+01
1.002366021275520047e-01 -1.293834209442138894e+00 2.522494792938231867e-01 1.000000000000000000e+02
1.045136377215385021e-01 -1.352105617523192915e+00 -7.107222825288772583e-02 7.900000000000000000e+01
9.799834340810775757e-02 -1.270702719688415971e+00 2.942359745502471924e-01 9.700000000000000000e+01
1.043219864368438998e-01 -1.355785250663757102e+00 -2.373527362942695965e-02 8.000000000000000000e+01
9.811487793922424316e-02 -1.275116562843322976e+00 3.426764011383057196e-01 1.000000000000000000e+02
1.005390882492065013e-01 -1.334012985229491965e+00 2.335131913423537861e-02 7.500000000000000000e+01
1.054943501949310025e-01 -1.403029918670654075e+00 -3.248293101787567139e-01 7.700000000000000000e+01
9.771043062210083008e-02 -1.302547693252563032e+00 6.845542788505554199e-02 7.300000000000000000e+01
1.076488345861434937e-01 -1.435033440589905007e+00 -2.797259986400604248e-01 1.000000000000000000e+02
9.888104349374771118e-02 -1.321244001388550027e+00 1.159171387553215027e-01 7.600000000000000000e+01
1.044266670942306935e-01 -1.398624420166016069e+00 -2.221369445323944092e-01 5.500000000000000000e+01
9.761700034141540527e-02 -1.310500502586364968e+00 1.613550037145614902e-01 8.700000000000000000e+01
1.047438830137252946e-01 -1.409499168395996094e+00 -1.735419481992722113e-01 6.600000000000000000e+01
9.756030142307281494e-02 -1.315940141677856001e+00 2.089964449405669888e-01 9.400000000000000000e+01
1.032616347074508945e-01 -1.392842411994934082e+00 -1.221923530101775984e-01 9.200000000000000000e+01
9.571966528892517090e-02 -1.294176220893860085e+00 2.522494792938231867e-01 1.000000000000000000e+02
1.000872179865836958e-01 -1.356445908546447976e+00 -7.128157466650009155e-02 7.500000000000000000e+01
9.356216341257095337e-02 -1.271037101745605025e+00 2.942359745502471924e-01 9.400000000000000000e+01
9.944232553243637085e-02 -1.354146838188170943e+00 -2.370036765933037151e-02 7.300000000000000000e+01
9.372297674417495728e-02 -1.279321074485779031e+00 3.437117040157318115e-01 1.000000000000000000e+02
9.674182534217834473e-02 -1.346323132514954057e+00 2.356074936687945973e-02 7.500000000000000000e+01
1.018501818180083951e-01 -1.420883297920227051e+00 -3.288784325122833252e-01 8.300000000000000000e+01
9.473006427288055420e-02 -1.324794769287108931e+00 6.960681825876235962e-02 7.700000000000000000e+01
1.017988249659537991e-01 -1.423650979995727983e+00 -2.774362862110137939e-01 9.200000000000000000e+01
9.469370543956756592e-02 -1.327543139457703081e+00 1.164400726556777954e-01 7.200000000000000000e+01
1.010861545801162997e-01 -1.420654773712157981e+00 -2.255785018205642978e-01 5.700000000000000000e+01
9.346354752779006958e-02 -1.316773533821105957e+00 1.620862334966660101e-01 8.500000000000000000e+01
1.005241796374320984e-01 -1.419756889343261941e+00 -1.747606396675109863e-01 6.100000000000000000e+01
9.282705187797546387e-02 -1.314302206039428933e+00 2.086835801601409912e-01 9.900000000000000000e+01
9.769723564386367798e-02 -1.383257269859313965e+00 -1.213207915425301014e-01 9.700000000000000000e+01
9.216739237308502197e-02 -1.308211207389831987e+00 2.549208104610443115e-01 1.000000000000000000e+02
9.661187976598739624e-02 -1.374718070030211958e+00 -7.222361862659454346e-02 6.700000000000000000e+01
8.912485092878341675e-02 -1.271355986595154031e+00 2.942359745502471924e-01 1.000000000000000000e+02
9.485435485839843750e-02 -1.356480479240417036e+00 -2.373527362942695965e-02 6.900000000000000000e+01
8.867152780294418335e-02 -1.268061876296997070e+00 3.406058549880980890e-01 1.000000000000000000e+02
9.149625897407531738e-02 -1.338672399520874023e+00 2.342112921178340912e-02 7.500000000000000000e+01
9.808265417814254761e-02 -1.438728213310241921e+00 -3.329275548458098810e-01 7.700000000000000000e+01
9.024058282375335693e-02 -1.327110052108765093e+00 6.971149146556854248e-02 7.200000000000000000e+01
9.722830355167388916e-02 -1.429873824119568093e+00 -2.785811424255371094e-01 8.100000000000000000e+01
8.911540359258651733e-02 -1.313950896263123003e+00 1.152198910713195940e-01 7.800000000000000000e+01
9.665982425212860107e-02 -1.428882479667664018e+00 -2.268299758434295932e-01 4.500000000000000000e+01
8.940111100673675537e-02 -1.325014114379883035e+00 1.630611866712569913e-01 8.200000000000000000e+01
9.610084444284439087e-02 -1.428021550178528054e+00 -1.757355928421021063e-01 6.100000000000000000e+01
8.890017122030258179e-02 -1.324472904205322044e+00 2.102479189634323120e-01 1.000000000000000000e+02
9.313502907752990723e-02 -1.387565612792968972e+00 -1.216694191098213057e-01 9.600000000000000000e+01
8.694463223218917847e-02 -1.298730611801147017e+00 2.530127167701721191e-01 9.600000000000000000e+01
9.234488010406494141e-02 -1.383018255233765093e+00 -7.264230400323867798e-02 6.300000000000000000e+01
8.494542539119720459e-02 -1.275548219680785911e+00 2.951357960700988770e-01 9.400000000000000000e+01
9.091394394636154175e-02 -1.368775129318237083e+00 -2.394470199942589153e-02 6.900000000000000000e+01
8.360446989536285400e-02 -1.258725643157958984e+00 3.380176723003386896e-01 1.000000000000000000e+02
8.666733652353286743e-02 -1.332982063293457031e+00 2.331641502678393971e-02 7.300000000000000000e+01
9.293282777070999146e-02 -1.433211684226989968e+00 -3.315778672695159912e-01 5.900000000000000000e+01
8.684632182121276855e-02 -1.339345335960387962e+00 7.033952325582504272e-02 7.100000000000000000e+01
9.349968284368515015e-02 -1.445861697196960005e+00 -2.816340625286101740e-01 6.900000000000000000e+01
8.527060598134994507e-02 -1.322192192077636941e+00 1.159171387553215027e-01 7.500000000000000000e+01
8.951198309659957886e-02 -1.391740322113037109e+00 -2.208854705095291138e-01 8.000000000000000000e+00
8.500671386718750000e-02 -1.325303316116333008e+00 1.630611866712569913e-01 8.200000000000000000e+01
9.212514013051986694e-02 -1.440218687057494895e+00 -1.771980226039885919e-01 6.400000000000000000e+01
8.486488461494445801e-02 -1.326717019081115945e+00 2.105607837438583096e-01 1.000000000000000000e+02
8.891370147466659546e-02 -1.393831849098206010e+00 -1.221923530101775984e-01 9.200000000000000000e+01
8.164027333259582520e-02 -1.283337473869323953e+00 2.499597817659378052e-01 8.800000000000000000e+01
8.813747018575668335e-02 -1.389296650886536089e+00 -7.295632362365722656e-02 6.400000000000000000e+01
8.096116781234741211e-02 -1.279712557792664018e+00 2.960355877876281738e-01 1.000000000000000000e+02
8.662623912096023560e-02 -1.373060464859009011e+00 -2.401451207697391857e-02 6.700000000000000000e+01
7.955156266689300537e-02 -1.260923981666564941e+00 3.385353088378906250e-01 1.000000000000000000e+02
8.250493556261062622e-02 -1.341260194778441939e+00 2.345603518188000072e-02 7.100000000000000000e+01
8.709426969289779663e-02 -1.419911742210387962e+00 -3.284285366535186768e-01 1.100000000000000000e+01
8.218064904212951660e-02 -1.343641757965087891e+00 7.054886966943740845e-02 7.100000000000000000e+01
8.845211565494537354e-02 -1.446179270744323953e+00 -2.816340625286101740e-01 5.700000000000000000e+01
8.150377124547958374e-02 -1.336402654647826926e+00 1.171373203396797041e-01 7.300000000000000000e+01
2.986848652362822931e-01 -4.911589622497558594e+00 -7.793564796447753906e-01 9.000000000000000000e+00
7.989943027496337891e-02 -1.317666172981261985e+00 1.620862334966660101e-01 7.900000000000000000e+01
8.613885194063186646e-02 -1.424679636955261008e+00 -1.752481162548064908e-01 3.800000000000000000e+01
8.071489632129669189e-02 -1.338849902153014915e+00 2.124380022287369052e-01 1.000000000000000000e+02
8.476716279983520508e-02 -1.406066417694092019e+00 -1.232382208108901978e-01 8.800000000000000000e+01
7.739569246768951416e-02 -1.287533998489380105e+00 2.507230341434478760e-01 9.600000000000000000e+01
8.316789567470550537e-02 -1.387602210044861062e+00 -7.285165041685104370e-02 7.000000000000000000e+01
7.626114785671234131e-02 -1.276096820831299050e+00 2.951357960700988770e-01 9.400000000000000000e+01
8.254649490118026733e-02 -1.385331511497498003e+00 -2.422394044697285045e-02 6.700000000000000000e+01
7.538779079914093018e-02 -1.268920898437500000e+00 3.406058549880980890e-01 1.000000000000000000e+02
7.863321155309677124e-02 -1.355514287948607954e+00 2.370036765933037151e-02 6.900000000000000000e+01
1.863279640674591064e-01 -3.221729993820189986e+00 -7.450379133224487305e-01 1.100000000000000000e+01
7.795515656471252441e-02 -1.347894787788390891e+00 7.075821608304977417e-02 7.000000000000000000e+01
8.249936252832412720e-02 -1.430799245834351030e+00 -2.785811424255371094e-01 1.400000000000000000e+01
7.718138396739959717e-02 -1.342646360397339089e+00 1.176602542400359969e-01 7.600000000000000000e+01
2.808602452278137207e-01 -4.900769710540770596e+00 -7.774792909622192383e-01 9.000000000000000000e+00
7.575235515832901001e-02 -1.325864434242248979e+00 1.630611866712569913e-01 7.900000000000000000e+01
7.615293562412261963e-02 -1.341095685958862083e+00 2.127508670091629028e-01 1.000000000000000000e+02
8.098809421062469482e-02 -1.426245570182800071e+00 -1.249813362956047058e-01 8.200000000000000000e+01
7.323376834392547607e-02 -1.293676733970642090e+00 2.518678605556488037e-01 9.900000000000000000e+01
7.911148667335510254e-02 -1.401842594146728960e+00 -7.358435541391372681e-02 7.500000000000000000e+01
7.093058526515960693e-02 -1.260789990425110085e+00 2.915365695953369141e-01 1.000000000000000000e+02
7.748633623123168945e-02 -1.381618022918700950e+00 -2.415413036942481995e-02 6.700000000000000000e+01
7.117948681116104126e-02 -1.269163966178894043e+00 3.406058549880980890e-01 1.000000000000000000e+02
7.520715892314910889e-02 -1.379741311073303001e+00 2.411922626197338104e-02 6.400000000000000000e+01
1.757152378559113104e-01 -3.234035968780518022e+00 -7.477372884750366211e-01 1.200000000000000000e+01
7.368308305740356445e-02 -1.356135964393615945e+00 7.117690145969390869e-02 7.100000000000000000e+01
2.103236913681029996e-01 -3.883515596389770952e+00 -7.559852600097656250e-01 1.000000000000000000e+01
7.260160148143768311e-02 -1.344897031784058061e+00 1.178345605731010021e-01 8.200000000000000000e+01
2.641762197017670233e-01 -4.909610271453857422e+00 -7.787307500839233398e-01 9.000000000000000000e+00
7.165533304214477539e-02 -1.336032032966613992e+00 1.642798781394957941e-01 7.700000000000000000e+01
3.754431307315825861e-01 -7.023153781890869141e+00 -8.635661602020263672e-01 1.000000000000000000e+00
7.084054499864578247e-02 -1.329517960548401101e+00 2.108736634254456122e-01 1.000000000000000000e+02
7.664513587951660156e-02 -1.438457012176513894e+00 -1.260271966457366943e-01 8.500000000000000000e+01
6.934225559234619141e-02 -1.305687427520751953e+00 2.541575729846953791e-01 1.000000000000000000e+02
7.548453658819198608e-02 -1.426043868064879927e+00 -7.484041899442672729e-02 7.500000000000000000e+01
6.693984568119049072e-02 -1.268813967704772949e+00 2.933361828327178955e-01 1.000000000000000000e+02
7.287312299013137817e-02 -1.385874032974242942e+00 -2.422394044697285045e-02 6.700000000000000000e+01
6.634307652711868286e-02 -1.261687874794005904e+00 3.385353088378906250e-01 1.000000000000000000e+02
7.165352255105972290e-02 -1.399953961372375044e+00 2.446827292442322124e-02 7.800000000000000000e+01
1.651883721351624090e-01 -3.238493442535399947e+00 -7.486370801925659180e-01 1.200000000000000000e+01
6.986139714717864990e-02 -1.374337077140808105e+00 7.211894541978836060e-02 8.000000000000000000e+01
1.974443346261977872e-01 -3.884191751480102983e+00 -7.559852600097656250e-01 1.200000000000000000e+01
6.773816049098968506e-02 -1.337171077728271040e+00 1.171373203396797041e-01 8.200000000000000000e+01
2.474955320358276090e-01 -4.902567863464354581e+00 -7.774792909622192383e-01 9.000000000000000000e+00
6.782293319702148438e-02 -1.348157882690429910e+00 1.657423079013823908e-01 7.400000000000000000e+01
3.527478277683258057e-01 -7.036255836486816406e+00 -8.650286197662353516e-01 1.000000000000000000e+00
6.666339933872222900e-02 -1.329733967781066895e+00 2.108736634254456122e-01 1.000000000000000000e+02
7.266990840435028076e-02 -1.454622507095336914e+00 -1.274216920137405118e-01 2.800000000000000000e+01
6.462159752845764160e-02 -1.298066854476928933e+00 2.526310980319976807e-01 1.000000000000000000e+02
7.095310837030410767e-02 -1.430275917053223100e+00 -7.504975795745849609e-02 4.700000000000000000e+01
6.311679631471633911e-02 -1.276814460754394975e+00 2.951357960700988770e-01 9.700000000000000000e+01
7.034301757812500000e-02 -1.428050756454467995e+00 -2.495694160461426128e-02 7.300000000000000000e+01
6.184384971857070923e-02 -1.259982347488403098e+00 3.380176723003386896e-01 1.000000000000000000e+02
3.592408820986747742e-02 -7.506311535835266113e-01 -2.013612240552901944e-01 6.000000000000000000e+00
6.648059934377670288e-02 -1.394203305244446023e+00 2.436355873942374836e-02 1.000000000000000000e+02
1.536054760217666904e-01 -3.233210563659667969e+00 -7.472873926162719727e-01 1.300000000000000000e+01
6.577744334936141968e-02 -1.384536147117614968e+00 7.264230400323867798e-02 8.800000000000000000e+01
1.842560619115828913e-01 -3.892701625823975053e+00 -7.575117349624633789e-01 1.100000000000000000e+01
6.297630071640014648e-02 -1.335409164428710938e+00 1.169630065560341020e-01 7.600000000000000000e+01
2.307516932487488071e-01 -4.911294937133789062e+00 -7.787307500839233398e-01 9.000000000000000000e+00
6.311657279729843140e-02 -1.348386406898498979e+00 1.657423079013823908e-01 9.300000000000000000e+01
6.133085489273071289e-02 -1.320103049278259055e+00 2.093093097209929865e-01 8.700000000000000000e+01
5.981779098510742188e-02 -1.292401075363158958e+00 2.514862418174744207e-01 1.000000000000000000e+02
5.883834138512610695e-02 -1.280920386314392090e+00 2.960355877876281738e-01 9.400000000000000000e+01
6.755159050226211548e-02 -1.476230144500731978e+00 -2.579465694725513111e-02 4.800000000000000000e+01
5.770922824740409851e-02 -1.265980005264282005e+00 3.395705819129943848e-01 1.000000000000000000e+02
3.159140795469284058e-02 -7.121528983116149902e-01 -1.910084486007689875e-01 7.000000000000000000e+00
6.223142147064208984e-02 -1.408411026000977007e+00 2.460789307951926838e-02 1.000000000000000000e+02
1.417187452316283902e-01 -3.220099210739136186e+00 -7.441380620002746582e-01 1.100000000000000000e+01
6.094411015510559082e-02 -1.384757399559020996e+00 7.264230400323867798e-02 8.800000000000000000e+01
1.712687313556670865e-01 -3.907050609588623047e+00 -7.601830363273620605e-01 1.000000000000000000e+01
5.883590504527091980e-02 -1.347563862800597922e+00 1.180088743567467013e-01 7.800000000000000000e+01
2.130059301853179932e-01 -4.898255825042724609e+00 -7.765406966209411621e-01 9.000000000000000000e+00
5.840944126248359680e-02 -1.348598480224608931e+00 1.657423079013823908e-01 9.000000000000000000e+01
5.737855657935143211e-02 -1.330166935920715110e+00 2.108736634254456122e-01 9.200000000000000000e+01
5.497040972113609314e-02 -1.284756183624268022e+00 2.499597817659378052e-01 1.000000000000000000e+02
6.283690035343170166e-02 -1.474636316299438032e+00 -7.735254615545272827e-02 2.000000000000000000e+00
5.436673760414124229e-02 -1.281117916107177956e+00 2.960355877876281738e-01 9.400000000000000000e+01
6.332696974277496338e-02 -1.498433947563170943e+00 -2.617860957980155945e-02 6.900000000000000000e+01
5.345225334167479775e-02 -1.270034074783324973e+00 3.406058549880980890e-01 9.700000000000000000e+01
2.910533733665943146e-02 -7.122588157653808594e-01 -1.910084486007689875e-01 7.000000000000000000e+00
5.747736245393753052e-02 -1.412615776062011941e+00 2.467770315706729889e-02 1.000000000000000000e+02
1.307931840419769010e-01 -3.228362798690795898e+00 -7.459377050399780273e-01 8.000000000000000000e+00
5.562493577599524758e-02 -1.372987866401671919e+00 7.201427221298217773e-02 8.800000000000000000e+01
1.565216928720473966e-01 -3.880161523818970171e+00 -7.548403739929199219e-01 8.000000000000000000e+00
5.485129728913307190e-02 -1.365678071975708008e+00 1.195776760578155934e-01 8.000000000000000000e+01
1.966169029474257868e-01 -4.916733741760253906e+00 -7.793564796447753906e-01 1.000000000000000000e+00
5.378057062625885010e-02 -1.350777626037598100e+00 1.659860461950302124e-01 7.200000000000000000e+01
5.265681445598602295e-02 -1.328385233879088911e+00 2.105607837438583096e-01 9.900000000000000000e+01
6.175469234585762024e-02 -1.564800024032592995e+00 -1.370088309049606046e-01 1.000000000000000000e+00
5.102497711777687073e-02 -1.298672437667846902e+00 2.526310980319976807e-01 1.000000000000000000e+02
5.761101469397544861e-02 -1.472850918769835982e+00 -7.724787294864654541e-02 2.800000000000000000e+01
4.928784817457199097e-02 -1.265721797943115012e+00 2.924363613128662109e-01 1.000000000000000000e+02
5.662430450320243835e-02 -1.460680246353148970e+00 -2.551541849970817913e-02 6.500000000000000000e+01
4.968914762139319680e-02 -1.287586688995361106e+00 3.452646136283875067e-01 9.200000000000000000e+01
2.764339931309222828e-02 -7.432489991188049316e-01 -1.992906630039215088e-01 6.000000000000000000e+00
5.355703830718994141e-02 -1.446788549423217995e+00 2.527108415961265911e-02 8.000000000000000000e+01
5.073937773704528809e-02 -1.377174377441406028e+00 7.222361862659454346e-02 8.800000000000000000e+01
5.035409331321716309e-02 -1.379807353019713911e+00 1.207978576421737948e-01 7.500000000000000000e+01
4.875766113400459290e-02 -1.348981857299804910e+00 1.657423079013823908e-01 7.400000000000000000e+01
4.757466539740561745e-02 -1.322647094726562944e+00 2.096221894025802890e-01 9.200000000000000000e+01
5.252671986818314293e-02 -1.467451214790344016e+00 -1.284675598144530972e-01 8.000000000000000000e+00
4.661419242620468140e-02 -1.308660745620727983e+00 2.545391917228698730e-01 1.000000000000000000e+02
5.192936211824417114e-02 -1.465068101882935014e+00 -7.682918012142181396e-02 5.200000000000000000e+01
4.478579387068747780e-02 -1.269788980484009011e+00 2.933361828327178955e-01 1.000000000000000000e+02
5.077930539846420288e-02 -1.446888685226439986e+00 -2.527108415961265911e-02 6.700000000000000000e+01
4.499105736613274314e-02 -1.281960248947143999e+00 3.437117040157318115e-01 9.700000000000000000e+01
2.478856034576892853e-02 -7.356179356575012207e-01 -1.972201168537139893e-01 7.000000000000000000e+00
4.790349304676055908e-02 -1.428979516029357910e+00 2.495694160461426128e-02 7.500000000000000000e+01
5.202555656433104775e-02 -1.560073614120482954e+00 -3.603715896606444757e-01 1.000000000000000000e+00
4.639780893921852112e-02 -1.391316175460814986e+00 7.295632362365722656e-02 8.000000000000000000e+01
4.534022882580757141e-02 -1.374000787734984907e+00 1.202749237418175021e-01 7.300000000000000000e+01
4.398376122117043235e-02 -1.347159862518310991e+00 1.654985696077347079e-01 7.900000000000000000e+01
4.295747727155684731e-02 -1.322805047035217063e+00 2.096221894025802890e-01 9.000000000000000000e+01
4.714675620198249817e-02 -1.459660172462462935e+00 -1.277703195810317993e-01 5.300000000000000000e+01
4.191975668072701194e-02 -1.304890990257262962e+00 2.537759542465209961e-01 1.000000000000000000e+02
4.662366211414337158e-02 -1.459251761436461958e+00 -7.651516795158386230e-02 6.200000000000000000e+01
4.047691449522972107e-02 -1.273833155632019043e+00 2.942359745502471924e-01 1.000000000000000000e+02
4.547576978802680969e-02 -1.439062356948852983e+00 -2.513146586716175079e-02 6.900000000000000000e+01
3.992804884910582802e-02 -1.270531177520751953e+00 3.406058549880980890e-01 1.000000000000000000e+02
2.152075991034508098e-02 -7.125283479690551758e-01 -1.910084486007689875e-01 7.000000000000000000e+00
4.231492057442665100e-02 -1.409150004386902078e+00 2.460789307951926838e-02 7.700000000000000000e+01
4.663771763443946838e-02 -1.562193632125854048e+00 -3.608214855194091797e-01 9.000000000000000000e+00
4.177207872271537781e-02 -1.407447934150696023e+00 7.379370182752609253e-02 7.700000000000000000e+01
4.612796753644943237e-02 -1.554213047027587891e+00 -3.022414445877075195e-01 1.000000000000000000e+00
4.054379463195800781e-02 -1.374150753021240012e+00 1.202749237418175021e-01 7.200000000000000000e+01
4.546152427792549133e-02 -1.550004124641418013e+00 -2.456021159887314120e-01 1.000000000000000000e+00
3.916532173752784729e-02 -1.343336701393126997e+00 1.650110930204390924e-01 8.200000000000000000e+01
4.330124333500862122e-02 -1.494147181510925071e+00 -1.835352331399917880e-01 9.000000000000000000e+00
3.833976387977600098e-02 -1.322946906089782937e+00 2.096221894025802890e-01 9.000000000000000000e+01
4.210867360234261253e-02 -1.461807489395142046e+00 -1.279446333646774014e-01 7.200000000000000000e+01
3.680270910263062217e-02 -1.285404920578002930e+00 2.499597817659378052e-01 1.000000000000000000e+02
4.113195464015007019e-02 -1.445430397987365945e+00 -7.578246295452117920e-02 7.200000000000000000e+01
3.658108040690422058e-02 -1.293446302413939986e+00 2.987349927425385077e-01 1.000000000000000000e+02
4.062077775597572327e-02 -1.445209026336669922e+00 -2.523618005216122021e-02 7.100000000000000000e+01
3.598598390817642212e-02 -1.280312061309814009e+00 3.431940674781798761e-01 9.500000000000000000e+01
1.965241506695747029e-02 -7.357730865478515625e-01 -1.972201168537139893e-01 7.000000000000000000e+00
3.739581257104873657e-02 -1.409289240837096946e+00 2.460789307951926838e-02 8.200000000000000000e+01
4.026002436876296997e-02 -1.527281761169434038e+00 -3.527232408523560125e-01 3.400000000000000000e+01
3.670206665992736816e-02 -1.401595354080199973e+00 7.347968220710754395e-02 7.100000000000000000e+01
4.013715684413909912e-02 -1.532776236534119096e+00 -2.980436384677886963e-01 1.500000000000000000e+01
3.569506108760833740e-02 -1.372292160987854004e+00 1.201006099581718028e-01 7.800000000000000000e+01
3.938746452331542969e-02 -1.524482011795043945e+00 -2.415348142385483066e-01 1.000000000000000000e+01
3.437411412596703270e-02 -1.339496374130249023e+00 1.645236164331435880e-01 8.200000000000000000e+01
3.808543458580970764e-02 -1.494289278984070046e+00 -1.835352331399917880e-01 3.500000000000000000e+01
3.389054909348487854e-02 -1.338876485824584961e+00 2.121251374483109076e-01 8.500000000000000000e+01
3.675367310643196106e-02 -1.451986789703368919e+00 -1.270730793476105014e-01 8.200000000000000000e+01
3.241425752639771202e-02 -1.289450764656066895e+00 2.507230341434478760e-01 1.000000000000000000e+02
3.573730960488318703e-02 -1.431588768959044966e+00 -7.504975795745849609e-02 7.400000000000000000e+01
3.187271952629088662e-02 -1.285773515701293945e+00 2.969353795051575262e-01 1.000000000000000000e+02
3.547739610075951316e-02 -1.441343784332274947e+00 -2.516636997461318970e-02 7.300000000000000000e+01
3.152916207909584045e-02 -1.290091633796691895e+00 3.457822501659392755e-01 9.000000000000000000e+01
1.681492850184440960e-02 -7.242491841316223145e-01 -1.941142827272414884e-01 7.000000000000000000e+00
3.256838023662567139e-02 -1.413409471511841042e+00 2.467770315706729889e-02 8.600000000000000000e+01
3.479491546750068665e-02 -1.521568298339843972e+00 -3.513735532760620117e-01 5.200000000000000000e+01
3.135623782873153687e-02 -1.381747484207153098e+00 7.243296504020690918e-02 7.500000000000000000e+01
3.456382080912590027e-02 -1.523093223571776900e+00 -2.961355745792388916e-01 4.100000000000000000e+01
3.121863119304180145e-02 -1.386351585388184038e+00 1.213207915425301014e-01 8.800000000000000000e+01
3.375690057873725891e-02 -1.510786056518554910e+00 -2.393447309732437134e-01 3.500000000000000000e+01
2.978618629276752125e-02 -1.343577384948730025e+00 1.650110930204390924e-01 8.500000000000000000e+01
3.265090286731719971e-02 -1.484490036964416948e+00 -1.823165416717529019e-01 5.100000000000000000e+01
2.936361543834209095e-02 -1.335031747817992942e+00 2.114993929862976074e-01 8.300000000000000000e+01
3.168506920337677002e-02 -1.452106237411499023e+00 -1.270730793476105014e-01 8.900000000000000000e+01
2.795552276074885975e-02 -1.291518807411194070e+00 2.511046230792999268e-01 1.000000000000000000e+02
3.065416961908340107e-02 -1.427711129188538042e+00 -7.484041899442672729e-02 7.900000000000000000e+01
2.721837162971496929e-02 -1.278083682060241921e+00 2.951357960700988770e-01 9.700000000000000000e+01
3.002367913722991943e-02 -1.421466350555419922e+00 -2.481732144951820027e-02 7.300000000000000000e+01
2.741406857967377056e-02 -1.297914862632751021e+00 3.478527963161469061e-01 9.000000000000000000e+01
1.421052962541580027e-02 -7.204405069351196289e-01 -1.930790096521378119e-01 7.000000000000000000e+00
2.755628712475299835e-02 -1.409515857696532981e+00 2.460789307951926838e-02 8.900000000000000000e+01
2.933243475854397167e-02 -1.513886928558350053e+00 -3.495739400386809748e-01 5.500000000000000000e+01
2.641782164573669087e-02 -1.375857949256896973e+00 7.211894541978836060e-02 7.700000000000000000e+01
2.890781871974467884e-02 -1.505538582801819070e+00 -2.927010059356688898e-01 4.900000000000000000e+01
2.622756548225880016e-02 -1.378484010696410911e+00 1.206235513091087064e-01 8.800000000000000000e+01
2.799904160201549877e-02 -1.485219359397887962e+00 -2.352774292230606079e-01 3.800000000000000000e+01
2.517018280923366894e-02 -1.347642660140990989e+00 1.654985696077347079e-01 8.500000000000000000e+01
2.750559151172637939e-02 -1.486579656600951926e+00 -1.825602799654006958e-01 6.200000000000000000e+01
2.425309084355831146e-02 -1.323280096054076926e+00 2.096221894025802890e-01 9.200000000000000000e+01
2.647003903985023152e-02 -1.444239735603332964e+00 -1.263758242130280096e-01 9.200000000000000000e+01
2.358964644372462879e-02 -1.299460291862488015e+00 2.526310980319976807e-01 1.000000000000000000e+02
2.574214711785316120e-02 -1.431803345680237038e+00 -7.504975795745849609e-02 7.900000000000000000e+01
2.282624132931232105e-02 -1.282067775726317915e+00 2.960355877876281738e-01 1.000000000000000000e+02
2.492065727710723877e-02 -1.413565039634705034e+00 -2.467770315706729889e-02 7.300000000000000000e+01
2.265678904950619091e-02 -1.298006534576416016e+00 3.478527963161469061e-01 8.400000000000000000e+01
1.169563643634318958e-02 -7.204857468605041504e-01 -1.930790096521378119e-01 7.000000000000000000e+00
2.250755950808525085e-02 -1.401605725288390891e+00 2.446827292442322124e-02 8.600000000000000000e+01
2.404780499637126923e-02 -1.513980150222778098e+00 -3.495739400386809748e-01 5.800000000000000000e+01
2.167776226997375141e-02 -1.379935741424560991e+00 7.232829183340072632e-02 8.200000000000000000e+01
2.337479405105113983e-02 -1.487963199615478960e+00 -2.892664372920989990e-01 5.500000000000000000e+01
2.126086130738258015e-02 -1.368606328964232954e+00 1.197519898414611955e-01 7.600000000000000000e+01
2.260211855173110962e-02 -1.471482038497925027e+00 -2.330873459577559870e-01 4.800000000000000000e+01
2.049602009356021881e-02 -1.349707126617432085e+00 1.657423079013823908e-01 8.700000000000000000e+01
2.207793295383453022e-02 -1.470787644386291948e+00 -1.806103736162185947e-01 5.500000000000000000e+01
1.992410048842430115e-02 -1.327303647994994895e+00 2.102479189634323120e-01 8.100000000000000000e+01
2.110341750085353851e-02 -1.422409534454345925e+00 -1.244584023952483992e-01 9.600000000000000000e+01
1.911110244691371918e-02 -1.303460836410522017e+00 2.533943355083466131e-01 1.000000000000000000e+02
2.080192603170872082e-02 -1.435878634452820046e+00 -7.525910437107086182e-02 7.900000000000000000e+01
1.857396215200423847e-02 -1.297728061676024947e+00 2.996348142623900812e-01 1.000000000000000000e+02
1.998624391853809010e-02 -1.413643360137939009e+00 -2.467770315706729889e-02 7.800000000000000000e+01
1.802459917962551117e-02 -1.274894714355468972e+00 3.416411280632019043e-01 7.800000000000000000e+01
9.082148782908916473e-03 -7.127953767776489258e-01 -1.910084486007689875e-01 7.000000000000000000e+00
1.746413484215736042e-02 -1.389678597450255904e+00 2.425884455442428936e-02 8.400000000000000000e+01
1.869043894112110138e-02 -1.508209109306335005e+00 -3.482242226600646973e-01 7.000000000000000000e+01
1.695835776627064098e-02 -1.387991428375243919e+00 7.274697721004486084e-02 8.200000000000000000e+01
1.825264655053615917e-02 -1.493925094604491965e+00 -2.904112935066223145e-01 5.600000000000000000e+01
1.645941101014614105e-02 -1.366680026054382102e+00 1.195776760578155934e-01 8.200000000000000000e+01
1.727800071239471089e-02 -1.455750107765197976e+00 -2.305843979120255072e-01 5.100000000000000000e+01
1.571490056812762867e-02 -1.343815565109252930e+00 1.650110930204390924e-01 7.900000000000000000e+01
1.701239123940467834e-02 -1.476810693740844949e+00 -1.813415884971618930e-01 6.100000000000000000e+01
1.519361138343811035e-02 -1.339219212532043013e+00 2.121251374483109076e-01 7.800000000000000000e+01
1.622856408357619892e-02 -1.430443525314331055e+00 -1.251556426286697110e-01 9.700000000000000000e+01
1.447334140539168965e-02 -1.295667052268981934e+00 2.518678605556488037e-01 8.500000000000000000e+01
1.565788500010966908e-02 -1.423959612846374956e+00 -7.463107258081436157e-02 7.900000000000000000e+01
1.408610679209231983e-02 -1.301682233810425027e+00 3.005346059799193781e-01 9.700000000000000000e+01
1.509416475892066956e-02 -1.417703628540039062e+00 -2.474751323461532940e-02 7.100000000000000000e+01
1.341244578361511057e-02 -1.280747413635253906e+00 3.431940674781798761e-01 7.200000000000000000e+01
7.009696215391159058e-03 -7.437298297882080078e-01 -1.992906630039215088e-01 6.000000000000000000e+00
1.296668313443661083e-02 -1.401726484298706055e+00 2.446827292442322124e-02 8.000000000000000000e+01
1.352976076304912914e-02 -1.490724802017211914e+00 -3.441751003265380859e-01 7.900000000000000000e+01
1.228440832346677954e-02 -1.380051374435425027e+00 7.232829183340072632e-02 8.200000000000000000e+01
1.324608642607926975e-02 -1.488087892532349077e+00 -2.892664372920989990e-01 6.400000000000000000e+01
1.192724611610174006e-02 -1.366727113723755105e+00 1.195776760578155934e-01 8.800000000000000000e+01
1.245046500116587032e-02 -1.455799341201782005e+00 -2.305843979120255072e-01 5.200000000000000000e+01
1.119204144924879074e-02 -1.335920214653014915e+00 1.640361398458481113e-01 8.200000000000000000e+01
1.204988174140452992e-02 -1.468918919563293013e+00 -1.803666353225708008e-01 6.800000000000000000e+01
1.101867016404866999e-02 -1.343210935592650923e+00 2.127508670091629028e-01 7.800000000000000000e+01
1.148495264351367950e-02 -1.430489540100098100e+00 -1.251556426286697110e-01 1.000000000000000000e+02
1.003790274262427937e-02 -1.278039216995239036e+00 2.484333068132401068e-01 8.200000000000000000e+01
1.087442785501479929e-02 -1.416014909744262917e+00 -7.421238720417022705e-02 7.700000000000000000e+01
9.725620970129966736e-03 -1.295875668525696023e+00 2.991848886013031006e-01 7.600000000000000000e+01
1.043678168207406998e-02 -1.423744916915893999e+00 -2.485222741961478840e-02 6.900000000000000000e+01
9.459605440497398376e-03 -1.290442228317260964e+00 3.457822501659392755e-01 6.800000000000000000e+01
4.344769287854433060e-03 -7.321588993072509766e-01 -1.961848288774490079e-01 7.000000000000000000e+00
8.050630800426006317e-03 -1.397763848304748979e+00 2.439846470952033997e-02 8.200000000000000000e+01
8.402263745665550232e-03 -1.504403948783874956e+00 -3.473244309425354004e-01 9.200000000000000000e+01
7.423831149935722351e-03 -1.372096896171570046e+00 7.190960645675659180e-02 8.500000000000000000e+01
8.009120821952819824e-03 -1.480272173881530984e+00 -2.877399623394011896e-01 7.600000000000000000e+01
7.156406063586472598e-03 -1.366760373115539995e+00 1.195776760578155934e-01 8.600000000000000000e+01
7.378698792308568954e-03 -1.457809329032897949e+00 -2.308972775936126987e-01 5.300000000000000000e+01
6.596647668629884720e-03 -1.349846601486206055e+00 1.657423079013823908e-01 8.700000000000000000e+01
6.884906440973281860e-03 -1.461011767387389915e+00 -1.793916672468184870e-01 7.600000000000000000e+01
6.104446016252040863e-03 -1.345217704772948997e+00 2.130637466907500943e-01 7.700000000000000000e+01
6.509624421596527100e-03 -1.434505581855773926e+00 -1.255042701959609985e-01 9.700000000000000000e+01
5.585218314081429568e-03 -1.280029654502869096e+00 2.488149255514144897e-01 9.900000000000000000e+01
5.948279052972793579e-03 -1.420038700103759988e+00 -7.442172616720199585e-02 7.900000000000000000e+01
5.108238197863101959e-03 -1.272517085075377974e+00 2.937860786914824884e-01 6.800000000000000000e+01
5.397817119956017408e-03 -1.405775547027587891e+00 -2.453808300197124134e-02 6.500000000000000000e+01
4.758156836032867432e-03 -1.298195600509643999e+00 3.478527963161469061e-01 6.400000000000000000e+01
1.779590616934001012e-03 -7.283058762550354004e-01 -1.951495558023453036e-01 7.000000000000000000e+00
3.180549945682287216e-03 -1.401782870292664018e+00 2.446827292442322124e-02 8.400000000000000000e+01
3.110048826783895059e-03 -1.484936714172363059e+00 -3.428254127502440851e-01 9.500000000000000000e+01
2.630439354106783867e-03 -1.370117187500000000e+00 7.180493324995040894e-02 8.800000000000000000e+01
2.845727605745195909e-03 -1.482254266738892046e+00 -2.881215810775756836e-01 7.800000000000000000e+01
2.385478466749190850e-03 -1.366777062416077104e+00 1.195776760578155934e-01 8.800000000000000000e+01
2.286846982315183120e-03 -1.455850839614867942e+00 -2.305843979120255072e-01 5.500000000000000000e+01
1.881991629488765977e-03 -1.347876310348510964e+00 1.654985696077347079e-01 8.200000000000000000e+01
1.770430477336049080e-03 -1.449116349220276101e+00 -1.779292374849318903e-01 7.400000000000000000e+01
1.631443039514123960e-03 -1.335353612899780051e+00 2.114993929862976074e-01 7.800000000000000000e+01
1.487620989792048931e-03 -1.420572876930237038e+00 -1.242840886116027971e-01 1.000000000000000000e+02
1.137606217525898977e-03 -1.303600430488585982e+00 2.533943355083466131e-01 9.300000000000000000e+01
9.941713651642203331e-04 -1.424045324325561968e+00 -7.463107258081436157e-02 8.800000000000000000e+01
6.673140451312065125e-04 -1.274475812911987083e+00 2.942359745502471924e-01 7.400000000000000000e+01
4.872216959483922070e-04 -1.395787239074707031e+00 -2.436355873942374836e-02 6.700000000000000000e+01
4.551818128675221855e-04 -1.303999781608581987e+00 3.494057059288024902e-01 6.600000000000000000e+01
-7.626822916790843010e-04 -7.283076643943786621e-01 -1.951495558023453036e-01 7.000000000000000000e+00
-1.707718591205775955e-03 -1.397786021232604980e+00 2.439846470952033997e-02 8.200000000000000000e+01
-2.089692279696464972e-03 -1.496630907058716042e+00 -3.455248177051544189e-01 1.000000000000000000e+02
-2.171001862734556198e-03 -1.382101535797118919e+00 7.243296504020690918e-02 9.000000000000000000e+01
-2.328322967514396147e-03 -1.482255220413208008e+00 -2.881215810775756836e-01 8.100000000000000000e+01
-2.350704744458198981e-03 -1.346853137016295943e+00 1.178345605731010021e-01 8.800000000000000000e+01
-2.798827132210135026e-03 -1.457825303077697976e+00 -2.308972775936126987e-01 6.300000000000000000e+01
-2.839616499841212793e-03 -1.355815052986145020e+00 1.664735227823256891e-01 9.600000000000000000e+01
-3.287940286099911170e-03 -1.449113607406615989e+00 -1.779292374849318903e-01 7.800000000000000000e+01
-3.025338985025883155e-03 -1.333375811576843040e+00 2.111865282058716098e-01 7.400000000000000000e+01
-3.456507809460163116e-03 -1.414592266082763894e+00 -1.237611547112465044e-01 9.700000000000000000e+01
-3.402535803616046906e-03 -1.299669981002808061e+00 2.526310980319976807e-01 8.100000000000000000e+01
-3.971103113144636154e-03 -1.422042965888977051e+00 -7.452639937400817871e-02 9.400000000000000000e+01
-3.821915248408914046e-03 -1.288111567497252974e+00 2.973853051662445068e-01 7.700000000000000000e+01
-4.378705751150845614e-03 -1.393780827522278054e+00 -2.432865463197230946e-02 7.300000000000000000e+01
-4.102698527276515961e-03 -1.305925250053405984e+00 3.499233424663544256e-01 6.900000000000000000e+01
-3.375077387318015099e-03 -7.437552213668823242e-01 -1.992906630039215088e-01 6.000000000000000000e+00
-6.530352402478455630e-03 -1.385773539543152078e+00 2.418903447687625885e-02 8.400000000000000000e+01
-7.275803480297327042e-03 -1.488819718360901101e+00 -3.437252044677733820e-01 1.000000000000000000e+02
-6.995423231273890409e-03 -1.382085561752318892e+00 7.243296504020690918e-02 9.000000000000000000e+01
-7.502344902604818344e-03 -1.482238054275512917e+00 -2.881215810775756836e-01 8.100000000000000000e+01
-7.072949316352605820e-03 -1.350821495056151900e+00 1.181831881403923035e-01 9.000000000000000000e+01
-7.855506613850593567e-03 -1.451880574226378950e+00 -2.299586683511734009e-01 6.700000000000000000e+01
-7.527929730713366595e-03 -1.347856640815735085e+00 1.654985696077347079e-01 8.500000000000000000e+01
-8.334837853908538818e-03 -1.447108268737792969e+00 -1.776854991912842074e-01 8.400000000000000000e+01
-8.006162010133266449e-03 -1.349158525466918945e+00 2.136894762516022006e-01 7.400000000000000000e+01
-8.429803885519504547e-03 -1.420548677444458008e+00 -1.242840886116027971e-01 1.000000000000000000e+02
-7.975188083946704865e-03 -1.305539846420288086e+00 2.537759542465209961e-01 8.800000000000000000e+01
-8.859640918672084808e-03 -1.410037040710448997e+00 -7.389836758375167847e-02 9.200000000000000000e+01
-8.381161838769912720e-03 -1.297833919525146040e+00 2.996348142623900812e-01 7.100000000000000000e+01
-9.270407259464263916e-03 -1.397756338119507058e+00 -2.439846470952033997e-02 7.300000000000000000e+01
-8.661204017698764801e-03 -1.305902957916259988e+00 3.499233424663544256e-01 8.000000000000000000e+01
-6.033285986632108688e-03 -7.514660954475402832e-01 -2.013612240552901944e-01 6.000000000000000000e+00
-1.140037178993224924e-02 -1.389741539955138938e+00 2.425884455442428936e-02 7.700000000000000000e+01
-1.242373324930668051e-02 -1.482939243316649947e+00 -3.423755168914794922e-01 1.000000000000000000e+02
-1.181975938379765077e-02 -1.382052779197693093e+00 7.243296504020690918e-02 8.800000000000000000e+01
-1.274343486875295986e-02 -1.490055561065674050e+00 -2.896480560302733820e-01 7.800000000000000000e+01
-1.189247332513332020e-02 -1.362742424011230025e+00 1.192290559411049028e-01 9.000000000000000000e+01
-1.292346790432929993e-02 -1.451844334602355957e+00 -2.299586683511734009e-01 6.700000000000000000e+01
-1.221476588398217981e-02 -1.345837116241455078e+00 1.652548313140868863e-01 8.700000000000000000e+01
-1.342286169528961008e-02 -1.451040387153625044e+00 -1.781729757785797119e-01 8.000000000000000000e+01
-1.275278907269239079e-02 -1.353072881698607954e+00 2.143152207136153897e-01 7.200000000000000000e+01
-1.336961518973111933e-02 -1.418518304824829102e+00 -1.241097748279571950e-01 1.000000000000000000e+02
-1.251347828656435013e-02 -1.303540825843811035e+00 2.533943355083466131e-01 8.500000000000000000e+01
-1.370345242321491068e-02 -1.402008891105652078e+00 -7.347968220710754395e-02 9.600000000000000000e+01
-1.291139610111713062e-02 -1.297796726226807085e+00 2.996348142623900812e-01 6.500000000000000000e+01
-1.418991573154925953e-02 -1.401714682579040971e+00 -2.446827292442322124e-02 7.300000000000000000e+01
-1.358676888048649008e-02 -1.319384694099426047e+00 3.535468280315399170e-01 9.200000000000000000e+01
-8.522838354110717773e-03 -7.398501038551330566e-01 -1.982553899288176935e-01 6.000000000000000000e+00
-1.629817113280295979e-02 -1.393692374229430930e+00 2.432865463197230946e-02 8.200000000000000000e+01
-1.757695339620113026e-02 -1.480938196182250977e+00 -3.419255912303925116e-01 9.500000000000000000e+01
-1.661990024149417877e-02 -1.380005955696105957e+00 7.232829183340072632e-02 8.800000000000000000e+01
-1.785005256533623089e-02 -1.482149600982666016e+00 -2.881215810775756836e-01 8.100000000000000000e+01
-1.664925925433636059e-02 -1.362692594528198020e+00 1.192290559411049028e-01 9.000000000000000000e+01
-1.789336092770099987e-02 -1.443889498710632102e+00 -2.287071943283081055e-01 7.200000000000000000e+01
-1.693748496472835888e-02 -1.347771286964416948e+00 1.654985696077347079e-01 7.900000000000000000e+01
-1.833610981702804912e-02 -1.439075112342834029e+00 -1.767105460166930875e-01 8.400000000000000000e+01
-1.755235344171524048e-02 -1.358945846557616965e+00 2.152538299560546875e-01 6.900000000000000000e+01
-1.847547851502895008e-02 -1.430416226387023926e+00 -1.251556426286697110e-01 1.000000000000000000e+02
-1.714070327579975128e-02 -1.309378504753113015e+00 2.545391917228698730e-01 8.400000000000000000e+01
-1.859729364514350891e-02 -1.401952505111693892e+00 -7.347968220710754395e-02 9.200000000000000000e+01
-1.728434301912784923e-02 -1.286052346229553001e+00 2.969353795051575262e-01 6.500000000000000000e+01
-1.891939342021942139e-02 -1.389659523963928001e+00 -2.425884455442428936e-02 7.300000000000000000e+01
-1.809342391788959850e-02 -1.328990817070007102e+00 3.561350107192993164e-01 8.800000000000000000e+01
-1.087338011711836035e-02 -7.243627905845642090e-01 -1.941142827272414884e-01 7.000000000000000000e+00
-2.116296626627444874e-02 -1.393627047538757102e+00 2.432865463197230946e-02 7.800000000000000000e+01
-2.286600321531296123e-02 -1.488661885261536089e+00 -3.437252044677733820e-01 9.500000000000000000e+01
-2.137487195432186127e-02 -1.375945448875427024e+00 7.211894541978836060e-02 8.800000000000000000e+01
-2.299311570823192943e-02 -1.480115175247191939e+00 -2.877399623394011896e-01 8.400000000000000000e+01
-2.140584401786327015e-02 -1.362626194953918013e+00 1.192290559411049028e-01 8.600000000000000000e+01
-2.299611084163188934e-02 -1.447768449783324973e+00 -2.293329238891602118e-01 8.500000000000000000e+01
-2.183322049677371979e-02 -1.359612941741942915e+00 1.669609993696213046e-01 8.200000000000000000e+01
-2.329486794769763947e-02 -1.435032725334167036e+00 -1.762230694293976108e-01 8.000000000000000000e+01
-2.193937823176383972e-02 -1.337150096893310991e+00 2.118122726678847989e-01 7.200000000000000000e+01
-2.317427657544612885e-02 -1.412413954734802024e+00 -1.235868409276009022e-01 1.000000000000000000e+02
-2.216688916087150921e-02 -1.336792469024657981e+00 2.598818540573120117e-01 9.600000000000000000e+01
-2.355783246457577099e-02 -1.405873060226439986e+00 -7.368902862071990967e-02 9.600000000000000000e+01
-2.197133749723434101e-02 -1.297674894332885964e+00 2.996348142623900812e-01 6.500000000000000000e+01
-2.377009578049182892e-02 -1.389585018157958984e+00 -2.425884455442428936e-02 7.800000000000000000e+01
-2.266627550125122070e-02 -1.325056433677672896e+00 3.550997376441956122e-01 7.600000000000000000e+01
-1.331177726387977947e-02 -7.127289772033691406e-01 -1.910084486007689875e-01 7.000000000000000000e+00
-2.604457549750804901e-02 -1.381543993949889915e+00 2.411922626197338104e-02 8.400000000000000000e+01
-2.854449301958084106e-02 -1.500258326530456987e+00 -3.464246094226837158e-01 9.300000000000000000e+01
-2.629167027771472931e-02 -1.381853222846985085e+00 7.243296504020690918e-02 8.500000000000000000e+01
-2.841785550117493023e-02 -1.480020999908447044e+00 -2.877399623394011896e-01 8.400000000000000000e+01
-2.605260536074638020e-02 -1.344610452651977983e+00 1.176602542400359969e-01 9.200000000000000000e+01
-2.837951667606830944e-02 -1.451624512672424094e+00 -2.299586683511734009e-01 9.300000000000000000e+01
-2.681630477309226990e-02 -1.359523773193358931e+00 1.669609993696213046e-01 8.500000000000000000e+01
-2.871234528720378876e-02 -1.442876458168030007e+00 -1.771980226039885919e-01 8.200000000000000000e+01
-2.696047909557819020e-02 -1.354840159416198953e+00 2.146280854940413874e-01 6.900000000000000000e+01
-2.831089124083518982e-02 -1.410327553749084029e+00 -1.234125345945357999e-01 1.000000000000000000e+02
-2.686760574579238892e-02 -1.326887965202331987e+00 2.579737603664398193e-01 1.000000000000000000e+02
-2.879202179610728871e-02 -1.409770965576172097e+00 -7.389836758375167847e-02 9.600000000000000000e+01
-2.724911272525787007e-02 -1.322913885116576926e+00 3.054835200309752863e-01 8.300000000000000000e+01
-2.898760698735713959e-02 -1.395486354827881081e+00 -2.436355873942374836e-02 8.300000000000000000e+01
-2.732209488749504089e-02 -1.315307259559630904e+00 3.525115251541138250e-01 7.500000000000000000e+01
-1.648466102778911938e-02 -7.435801625251770020e-01 -1.992906630039215088e-01 6.000000000000000000e+00
-3.068822622299193989e-02 -1.373447895050049050e+00 2.397960610687733043e-02 9.100000000000000000e+01
-3.369345515966414711e-02 -1.496253132820128950e+00 -3.455248177051544189e-01 9.300000000000000000e+01
-3.126561269164084694e-02 -1.377754092216491921e+00 7.222361862659454346e-02 8.000000000000000000e+01
-3.371754288673400879e-02 -1.485800981521606001e+00 -2.888848185539246161e-01 8.100000000000000000e+01
-3.065491467714310039e-02 -1.340527653694153054e+00 1.173116266727448065e-01 9.200000000000000000e+01
-3.335544839501380920e-02 -1.447566866874695046e+00 -2.293329238891602118e-01 9.500000000000000000e+01
-3.142353892326354980e-02 -1.353468179702759011e+00 1.662297844886780063e-01 8.700000000000000000e+01
-3.384159505367279053e-02 -1.446736574172974077e+00 -1.776854991912842074e-01 8.400000000000000000e+01
-3.234488889575005272e-02 -1.372505664825439009e+00 2.174439132213593084e-01 7.200000000000000000e+01
-3.332756087183952332e-02 -1.414203763008117898e+00 -1.237611547112465044e-01 9.700000000000000000e+01
-3.149914368987082741e-02 -1.326786041259766069e+00 2.579737603664398193e-01 1.000000000000000000e+02
-3.361735865473747253e-02 -1.405668497085571067e+00 -7.368902862071990967e-02 9.600000000000000000e+01
-3.186677768826484680e-02 -1.322810769081115945e+00 3.054835200309752863e-01 8.700000000000000000e+01
-3.419814258813858032e-02 -1.409370422363281028e+00 -2.460789307951926838e-02 8.600000000000000000e+01
-3.218995407223700783e-02 -1.317129492759705034e+00 3.530291914939879816e-01 6.900000000000000000e+01
-1.855659671127796173e-02 -7.280716300010681152e-01 -1.951495558023453036e-01 7.000000000000000000e+00
-3.524257615208625793e-02 -1.373338580131530984e+00 2.397960610687733043e-02 8.900000000000000000e+01
-3.845369443297386169e-02 -1.488340735435486062e+00 -3.437252044677733820e-01 8.800000000000000000e+01
-3.564538061618804932e-02 -1.379645586013793945e+00 7.232829183340072632e-02 8.800000000000000000e+01
-3.869549930095673301e-02 -1.487643599510193093e+00 -2.892664372920989990e-01 8.700000000000000000e+01
-3.530871495604515076e-02 -1.348385453224181907e+00 1.180088743567467013e-01 8.800000000000000000e+01
-3.815557062625885010e-02 -1.447448253631592019e+00 -2.293329238891602118e-01 9.500000000000000000e+01
-3.559568896889687278e-02 -1.341450214385986106e+00 1.647673547267914096e-01 9.000000000000000000e+01
-3.832094371318817139e-02 -1.434710025787353960e+00 -1.762230694293976108e-01 8.400000000000000000e+01
-3.716154396533966064e-02 -1.382264256477355957e+00 2.190082520246506015e-01 6.900000000000000000e+01
-3.817768022418022156e-02 -1.420060515403748003e+00 -1.242840886116027971e-01 1.000000000000000000e+02
-3.605806827545166016e-02 -1.332561969757080078e+00 2.591186165809630793e-01 8.400000000000000000e+01
-3.795230388641356728e-02 -1.393570184707642046e+00 -7.306099683046340942e-02 9.600000000000000000e+01
-3.646676987409591675e-02 -1.330489873886107954e+00 3.072831332683563232e-01 8.300000000000000000e+01
-3.898186981678009033e-02 -1.413247108459473100e+00 -2.467770315706729889e-02 8.600000000000000000e+01
-3.643420338630676270e-02 -1.320884108543395996e+00 3.540644645690917969e-01 6.400000000000000000e+01
-2.109792828559875141e-02 -7.280024290084838867e-01 -1.951495558023453036e-01 7.000000000000000000e+00
-4.038586840033531189e-02 -1.385200262069701926e+00 2.418903447687625885e-02 8.000000000000000000e+01
-4.364873841404914856e-02 -1.488197445869446023e+00 -3.437252044677733820e-01 6.800000000000000000e+01
-3.993403539061546326e-02 -1.361545205116271973e+00 7.138624787330627441e-02 8.500000000000000000e+01
-4.359861090779305198e-02 -1.477687478065490945e+00 -2.873583436012268066e-01 8.700000000000000000e+01
-4.013345763087273338e-02 -1.352236986160278098e+00 1.183575019240379056e-01 9.000000000000000000e+01
-4.350260645151138306e-02 -1.457178831100464089e+00 -2.308972775936126987e-01 8.600000000000000000e+01
-4.057592153549194336e-02 -1.351238727569580078e+00 1.659860461950302124e-01 7.900000000000000000e+01
-4.308906570076941750e-02 -1.426630854606627974e+00 -1.752481162548064908e-01 8.000000000000000000e+01
-4.216626286506652832e-02 -1.388049483299254927e+00 2.199468612670897882e-01 6.400000000000000000e+01
-4.301339015364646912e-02 -1.415935635566710982e+00 -1.239354684948921065e-01 1.000000000000000000e+02
-4.106908664107322693e-02 -1.344202041625977007e+00 2.614083290100098211e-01 7.600000000000000000e+01
-4.318458959460257790e-02 -1.405407071113585982e+00 -7.368902862071990967e-02 9.600000000000000000e+01
-4.074967652559279702e-02 -1.318667650222778098e+00 3.045837283134459894e-01 7.600000000000000000e+01
-4.379055649042130210e-02 -1.409104943275452104e+00 -2.460789307951926838e-02 8.600000000000000000e+01
-4.146477580070496299e-02 -1.334265351295470969e+00 3.576879203319550116e-01 5.700000000000000000e+01
-2.450980991125107158e-02 -7.588219642639160156e-01 -2.034317702054976862e-01 6.000000000000000000e+00
-4.510894417762755654e-02 -1.389056086540221946e+00 2.425884455442428936e-02 7.700000000000000000e+01
-4.877431318163871765e-02 -1.493887662887573020e+00 -3.450749218463898260e-01 4.200000000000000000e+01
-4.475199431180953979e-02 -1.363393664360045943e+00 7.149091362953186035e-02 9.300000000000000000e+01
-4.830533638596534729e-02 -1.471648216247559038e+00 -2.862134873867034912e-01 8.300000000000000000e+01
-4.461741447448729775e-02 -1.352096438407897949e+00 1.183575019240379056e-01 9.000000000000000000e+01
-4.872751235961914062e-02 -1.468872189521789995e+00 -2.327744811773299893e-01 7.500000000000000000e+01
-4.538737982511519692e-02 -1.361016750335692915e+00 1.672047376632689875e-01 7.400000000000000000e+01
-4.781970754265785217e-02 -1.426480054855346902e+00 -1.752481162548064908e-01 8.000000000000000000e+01
-4.586490243673325279e-02 -1.368167519569396973e+00 2.168181687593460083e-01 5.900000000000000000e+01
-4.790986701846122742e-02 -1.421759009361267090e+00 -1.244584023952483992e-01 1.000000000000000000e+02
-4.612455144524574280e-02 -1.361717581748961958e+00 2.648428976535797119e-01 8.400000000000000000e+01
-4.770892858505249023e-02 -1.401263952255249023e+00 -7.347968220710754395e-02 9.400000000000000000e+01
-4.525561258196830750e-02 -1.322420358657836914e+00 3.054835200309752863e-01 7.300000000000000000e+01
-4.818810895085334778e-02 -1.400957942008971946e+00 -2.446827292442322124e-02 8.600000000000000000e+01
-4.625547304749488831e-02 -1.337973833084106001e+00 3.587231934070587158e-01 5.900000000000000000e+01
-2.549991384148598064e-02 -7.123970389366149902e-01 -1.910084486007689875e-01 7.000000000000000000e+00
-4.995737969875335693e-02 -1.388890147209167036e+00 2.425884455442428936e-02 8.400000000000000000e+01
-5.441099405288696289e-02 -1.505393147468566895e+00 -3.477743268012999933e-01 5.100000000000000000e+01
-4.941720888018608093e-02 -1.367229700088500977e+00 7.170026004314422607e-02 9.000000000000000000e+01
-5.322828516364098289e-02 -1.465584754943848100e+00 -2.850686311721801758e-01 7.400000000000000000e+01
-4.890087246894835732e-02 -1.339986085891724077e+00 1.173116266727448065e-01 9.200000000000000000e+01
-5.356499552726746299e-02 -1.460796952247620073e+00 -2.315230071544646939e-01 6.100000000000000000e+01
-5.043028667569159768e-02 -1.368785023689270020e+00 1.681796908378601074e-01 6.200000000000000000e+01
-5.301906168460845947e-02 -1.432255625724792036e+00 -1.759793311357497891e-01 8.700000000000000000e+01
-5.102601647377014160e-02 -1.371938228607177956e+00 2.174439132213593084e-01 6.000000000000000000e+01
-5.235408246517180703e-02 -1.407646059989928977e+00 -1.232382208108901978e-01 1.000000000000000000e+02
-5.095086246728897095e-02 -1.363510131835937944e+00 2.652245163917542059e-01 8.400000000000000000e+01
-5.289967358112335205e-02 -1.409072279930114968e+00 -7.389836758375167847e-02 9.400000000000000000e+01
-5.016523599624633789e-02 -1.330043792724608931e+00 3.072831332683563232e-01 6.800000000000000000e+01
-5.322950705885887146e-02 -1.404777765274048074e+00 -2.453808300197124134e-02 8.600000000000000000e+01
-5.041119083762168884e-02 -1.324291110038757102e+00 3.550997376441956122e-01 5.600000000000000000e+01
-2.932970412075519909e-02 -7.431843876838684082e-01 -1.992906630039215088e-01 6.000000000000000000e+00
-5.473076179623603821e-02 -1.380705237388611062e+00 2.411922626197338104e-02 8.600000000000000000e+01
-6.008322164416313171e-02 -1.509078025817871094e+00 -3.486741483211516779e-01 4.100000000000000000e+01
-5.450747907161713340e-02 -1.369035005569458008e+00 7.180493324995040894e-02 8.500000000000000000e+01
-5.946247652173042297e-02 -1.486958384513854980e+00 -2.892664372920989990e-01 7.600000000000000000e+01
-5.413167178630828857e-02 -1.347761034965514915e+00 1.180088743567467013e-01 8.800000000000000000e+01
-5.852062255144119263e-02 -1.450721979141234907e+00 -2.299586683511734009e-01 5.000000000000000000e+01
-5.552715435624123314e-02 -1.370574474334717019e+00 1.684234291315079013e-01 6.500000000000000000e+01
-5.834888666868209839e-02 -1.434035181999206987e+00 -1.762230694293976108e-01 8.200000000000000000e+01
-5.613590031862258911e-02 -1.379646778106689009e+00 2.186953872442244928e-01 6.100000000000000000e+01
-5.751301348209381104e-02 -1.407444715499877930e+00 -1.232382208108901978e-01 1.000000000000000000e+02
-5.594803392887114785e-02 -1.363314270973206010e+00 2.652245163917542059e-01 8.200000000000000000e+01
-5.814607068896294334e-02 -1.410864472389220969e+00 -7.400304079055786133e-02 1.000000000000000000e+02
-5.560385063290596008e-02 -1.343480467796325906e+00 3.104324638843535822e-01 6.500000000000000000e+01
-5.854399874806404114e-02 -1.408569097518920898e+00 -2.460789307951926838e-02 8.600000000000000000e+01
-5.590910837054253318e-02 -1.339538812637329102e+00 3.592408299446105957e-01 5.300000000000000000e+01
-3.109453618526459087e-02 -7.237767577171325684e-01 -1.941142827272414884e-01 7.000000000000000000e+00
-5.954999104142189026e-02 -1.380505681037903054e+00 2.411922626197338104e-02 9.300000000000000000e+01
-6.265217810869216919e-02 -1.446557760238647017e+00 -3.342772722244263250e-01 2.400000000000000000e+01
-5.937239527702332237e-02 -1.370831847190856934e+00 7.190960645675659180e-02 7.500000000000000000e+01
-6.465256959199905396e-02 -1.486741781234740989e+00 -2.892664372920989990e-01 7.600000000000000000e+01
-5.918353423476219177e-02 -1.355525732040405051e+00 1.187061220407485962e-01 9.200000000000000000e+01
-6.332470476627349854e-02 -1.444588422775268999e+00 -2.290200591087341031e-01 4.400000000000000000e+01
-5.987460911273956299e-02 -1.360456347465514915e+00 1.672047376632689875e-01 6.300000000000000000e+01
-6.282848864793777466e-02 -1.421923756599426047e+00 -1.747606396675109863e-01 8.000000000000000000e+01
-6.164900586009026268e-02 -1.395229935646056907e+00 2.211983352899551114e-01 5.800000000000000000e+01
-6.313193589448928833e-02 -1.423158884048461914e+00 -1.246327087283134044e-01 1.000000000000000000e+02
-6.114328652620316246e-02 -1.372917175292968972e+00 2.671325802803040106e-01 7.900000000000000000e+01
-6.262450665235519409e-02 -1.400676608085632102e+00 -7.347968220710754395e-02 9.200000000000000000e+01
-6.003099307417870262e-02 -1.337437868118285911e+00 3.090827465057373047e-01 6.200000000000000000e+01
-6.382052600383758545e-02 -1.416346907615662065e+00 -2.474751323461532940e-02 8.600000000000000000e+01
-6.119571253657341003e-02 -1.352844595909119096e+00 3.628643155097960871e-01 4.800000000000000000e+01
-3.308286517858505249e-02 -7.120851874351501465e-01 -1.910084486007689875e-01 7.000000000000000000e+00
-6.455479562282562256e-02 -1.384284496307373047e+00 2.418903447687625885e-02 8.600000000000000000e+01
-6.232522055506706238e-02 -1.331480383872986062e+00 -3.077330291271210272e-01 6.000000000000000000e+01
-6.397035717964172363e-02 -1.366626143455504927e+00 7.170026004314422607e-02 7.500000000000000000e+01
-6.984186917543411255e-02 -1.486506938934325950e+00 -2.892664372920989990e-01 7.600000000000000000e+01
-6.410255283117294312e-02 -1.359291315078734907e+00 1.190547421574593007e-01 8.000000000000000000e+01
-6.827347725629806519e-02 -1.442385435104369895e+00 -2.287071943283081055e-01 4.500000000000000000e+01
-6.547094881534576416e-02 -1.378084778785706010e+00 1.693983823060989102e-01 6.500000000000000000e+01
-6.741335242986679077e-02 -1.413764476776123047e+00 -1.737856864929198941e-01 8.200000000000000000e+01
-6.651889532804489136e-02 -1.395006299018860085e+00 2.211983352899551114e-01 5.800000000000000000e+01
-6.876600533723831177e-02 -1.436860561370850053e+00 -1.258528977632523138e-01 1.000000000000000000e+02
-6.706561148166656494e-02 -1.396227359771728960e+00 2.717120051383972168e-01 9.400000000000000000e+01
-6.770575046539306641e-02 -1.404439330101012962e+00 -7.368902862071990967e-02 9.900000000000000000e+01
-6.488750874996185303e-02 -1.341113090515136941e+00 3.099825382232666016e-01 6.000000000000000000e+01
-6.857013702392578125e-02 -1.412120819091797097e+00 -2.467770315706729889e-02 8.400000000000000000e+01
-6.671223789453506470e-02 -1.373859643936157005e+00 3.685583174228668213e-01 4.900000000000000000e+01
-3.672499954700469971e-02 -7.351186871528625488e-01 -1.972201168537139893e-01 7.000000000000000000e+00
-6.998720765113830566e-02 -1.396033883094788042e+00 2.439846470952033997e-02 8.400000000000000000e+01
-7.519727200269699097e-02 -1.494742155075073020e+00 -3.455248177051544189e-01 4.900000000000000000e+01
-6.874038279056549072e-02 -1.366394519805907981e+00 7.170026004314422607e-02 7.500000000000000000e+01
-7.423844933509826660e-02 -1.470568060874938965e+00 -2.862134873867034912e-01 6.700000000000000000e+01
-6.894776970148086548e-02 -1.361049056053162065e+00 1.192290559411049028e-01 7.500000000000000000e+01
-7.330792397260665894e-02 -1.442138314247130904e+00 -2.287071943283081055e-01 5.100000000000000000e+01
-7.038208842277526855e-02 -1.379830360412598100e+00 1.696421205997467041e-01 6.300000000000000000e+01
-7.295671850442886353e-02 -1.425415515899657981e+00 -1.752481162548064908e-01 8.400000000000000000e+01
-7.098407298326492310e-02 -1.386874437332153098e+00 2.199468612670897882e-01 5.900000000000000000e+01
-7.378116995096206665e-02 -1.436611771583556907e+00 -1.258528977632523138e-01 1.000000000000000000e+02
-7.193893939256668091e-02 -1.395984768867492898e+00 2.717120051383972168e-01 8.100000000000000000e+01
-7.281401753425598145e-02 -1.408183693885803001e+00 -7.389836758375167847e-02 9.600000000000000000e+01
-7.017429172992706299e-02 -1.352555155754088911e+00 3.126819729804993231e-01 5.500000000000000000e+01
-7.266727089881896973e-02 -1.395896911621093972e+00 -2.439846470952033997e-02 8.600000000000000000e+01
-7.255338877439498901e-02 -1.389039635658263938e+00 3.726994395256041925e-01 4.900000000000000000e+01
-3.846581280231475830e-02 -7.195532321929931641e-01 -1.930790096521378119e-01 7.000000000000000000e+00
-7.443146407604217529e-02 -1.387793779373168945e+00 2.425884455442428936e-02 8.900000000000000000e+01
-8.083326369524002075e-02 -1.502254247665405051e+00 -3.473244309425354004e-01 4.800000000000000000e+01
-7.471695542335510254e-02 -1.384082555770874023e+00 7.264230400323867798e-02 7.700000000000000000e+01
-7.937123626470565796e-02 -1.470299959182739036e+00 -2.862134873867034912e-01 5.000000000000000000e+01
-7.359055429697036743e-02 -1.358810663223267046e+00 1.190547421574593007e-01 7.200000000000000000e+01
-7.812713831663131714e-02 -1.437928676605225053e+00 -2.280814498662948886e-01 5.500000000000000000e+01
-7.617055624723434448e-02 -1.397415637969970925e+00 1.718357801437377930e-01 6.300000000000000000e+01
-7.771512120962142944e-02 -1.421187877655029075e+00 -1.747606396675109863e-01 8.000000000000000000e+01
-7.625617086887359619e-02 -1.394507884979248047e+00 2.211983352899551114e-01 5.900000000000000000e+01
-7.792235165834426880e-02 -1.420430302619934082e+00 -1.244584023952483992e-01 1.000000000000000000e+02
-7.821385562419891357e-02 -1.421208858489990012e+00 2.766730487346649170e-01 8.900000000000000000e+01
-7.816944271326065063e-02 -1.415897727012634055e+00 -7.431706041097640991e-02 9.400000000000000000e+01
-7.597278803586959839e-02 -1.371759533882140891e+00 3.171809911727905273e-01 5.200000000000000000e+01
-7.776127010583877563e-02 -1.399627923965454102e+00 -2.446827292442322124e-02 8.600000000000000000e+01
-7.758787274360656738e-02 -1.396506905555725098e+00 3.747699856758118231e-01 4.800000000000000000e+01
-4.119700565934181213e-02 -7.232720255851745605e-01 -1.941142827272414884e-01 7.000000000000000000e+00
-7.904718816280364990e-02 -1.383532643318176047e+00 2.418903447687625885e-02 8.400000000000000000e+01
-8.596511930227279663e-02 -1.500017404556273970e+00 -3.468745350837708075e-01 4.600000000000000000e+01
-7.977709919214248657e-02 -1.387801170349121094e+00 7.285165041685104370e-02 7.700000000000000000e+01
-8.529175072908401489e-02 -1.483734130859375000e+00 -2.888848185539246161e-01 4.500000000000000000e+01
-7.856261730194091797e-02 -1.362523674964905007e+00 1.194033697247505049e-01 6.400000000000000000e+01
-8.246164023876190186e-02 -1.425814747810363992e+00 -2.262042313814162930e-01 6.900000000000000000e+01
-8.070310205221176147e-02 -1.391196012496948020e+00 1.711045652627944946e-01 6.100000000000000000e+01
-8.290613442659378052e-02 -1.424871444702147993e+00 -1.752481162548064908e-01 8.000000000000000000e+01
-8.171205222606658936e-02 -1.400135159492492898e+00 2.221369445323944092e-01 6.400000000000000000e+01
-8.299618214368820190e-02 -1.422138690948486106e+00 -1.246327087283134044e-01 1.000000000000000000e+02
-8.202709257602691650e-02 -1.401328206062316895e+00 2.728568613529204767e-01 7.700000000000000000e+01
-8.311136811971664429e-02 -1.415616273880005105e+00 -7.431706041097640991e-02 9.600000000000000000e+01
-8.144798874855041504e-02 -1.383158206939697044e+00 3.198803961277008057e-01 4.900000000000000000e+01
-8.382539451122283936e-02 -1.419310212135314941e+00 -2.481732144951820027e-02 8.400000000000000000e+01
-8.510472625494003296e-02 -1.436711072921752930e+00 3.856403827667235773e-01 5.500000000000000000e+01
-4.372144490480422974e-02 -7.231238484382629395e-01 -1.941142827272414884e-01 7.000000000000000000e+00
-8.460233360528945923e-02 -1.395224452018738015e+00 2.439846470952033997e-02 8.000000000000000000e+01
-9.025432169437408447e-02 -1.484146952629088911e+00 -3.432753086090087891e-01 9.000000000000000000e+00
-8.498568832874298096e-02 -1.393494963645935059e+00 7.316567003726959229e-02 7.300000000000000000e+01
-9.058994054794311523e-02 -1.485386967658997026e+00 -2.892664372920989990e-01 5.100000000000000000e+01
-8.380476385354995728e-02 -1.370195865631103960e+00 1.201006099581718028e-01 6.700000000000000000e+01
-8.683346956968307495e-02 -1.415659904479980025e+00 -2.246398925781250000e-01 4.300000000000000000e+01
-8.555878698825836182e-02 -1.390905737876892090e+00 1.711045652627944946e-01 6.100000000000000000e+01
-8.800158649682998657e-02 -1.426554679870605025e+00 -1.754918545484543124e-01 7.600000000000000000e+01
-8.769250661134719849e-02 -1.421544313430785911e+00 2.255785018205642978e-01 7.300000000000000000e+01
-8.722174167633056641e-02 -1.409908771514893022e+00 -1.235868409276009022e-01 1.000000000000000000e+02
-8.740439265966415405e-02 -1.408871293067931907e+00 2.743833363056182861e-01 6.800000000000000000e+01
-8.681211620569229126e-02 -1.395383477210998979e+00 -7.327033579349517822e-02 9.400000000000000000e+01
-8.712502568960189819e-02 -1.396480202674865945e+00 3.230297267436981201e-01 4.700000000000000000e+01
-8.902892470359802246e-02 -1.423000574111938032e+00 -2.488713152706623077e-02 8.200000000000000000e+01
-9.191925823688507080e-02 -1.469198346138000044e+00 3.944402337074279785e-01 7.700000000000000000e+01
-4.649199545383452675e-02 -7.268226146697998047e-01 -1.951495558023453036e-01 7.000000000000000000e+00
-8.972805738449096680e-02 -1.398911833763123003e+00 2.446827292442322124e-02 8.000000000000000000e+01
-2.070038765668869019e-01 -3.218514919281005859e+00 -7.445880174636840820e-01 7.000000000000000000e+00
-8.933521062135696411e-02 -1.385217308998107910e+00 7.274697721004486084e-02 7.300000000000000000e+01
-9.602706134319305420e-02 -1.488980054855346902e+00 -2.900296747684478760e-01 5.100000000000000000e+01
-8.923000097274780273e-02 -1.379836082458496094e+00 1.209721714258193970e-01 6.700000000000000000e+01
-9.144378453493118286e-02 -1.406445980072021040e+00 1.730544716119765958e-01 6.100000000000000000e+01
-9.233495593070983887e-02 -1.416334390640259011e+00 -1.742731630802155096e-01 6.100000000000000000e+01
-9.354639798402786255e-02 -1.431069254875183105e+00 2.271428406238555908e-01 7.800000000000000000e+01
-9.240262955427169800e-02 -1.413571953773498979e+00 -1.239354684948921065e-01 1.000000000000000000e+02
-9.450459480285644531e-02 -1.441861510276793990e+00 2.808708548545836847e-01 7.700000000000000000e+01
-9.220628440380096436e-02 -1.403043866157531960e+00 -7.368902862071990967e-02 9.600000000000000000e+01
-9.263978153467178345e-02 -1.405890226364135964e+00 3.252792358398438055e-01 5.100000000000000000e+01
-9.399558603763580322e-02 -1.422681093215941939e+00 -2.488713152706623077e-02 8.400000000000000000e+01
-9.909125417470932007e-02 -1.495838284492492898e+00 4.016871452331542969e-01 1.000000000000000000e+02
-4.786426201462745667e-02 -7.112445235252380371e-01 -1.910084486007689875e-01 7.000000000000000000e+00
-9.517423063516616821e-02 -1.410577535629272017e+00 2.467770315706729889e-02 8.000000000000000000e+01
-2.182018160820007047e-01 -3.225587844848632812e+00 -7.463876008987426758e-01 8.000000000000000000e+00
-9.446886181831359863e-02 -1.392884254455565962e+00 7.316567003726959229e-02 7.000000000000000000e+01
-9.923715144395828247e-02 -1.463189601898192915e+00 -2.850686311721801758e-01 2.400000000000000000e+01
-9.367004781961441040e-02 -1.377544879913330078e+00 1.207978576421737948e-01 6.100000000000000000e+01
-3.364269733428955078e-01 -4.934888839721679688e+00 -7.834237813949584961e-01 7.000000000000000000e+00
-9.705476462841033936e-02 -1.419998288154602051e+00 1.747606396675109863e-01 6.500000000000000000e+01
-9.879538416862487793e-02 -1.441766262054442915e+00 -1.774417608976364136e-01 6.400000000000000000e+01
-9.804176539182662964e-02 -1.430768251419066939e+00 2.271428406238555908e-01 6.900000000000000000e+01
-9.654348343610763550e-02 -1.405306935310363992e+00 -1.232382208108901978e-01 1.000000000000000000e+02
-9.995995461940765381e-02 -1.451333165168761985e+00 2.827789187431334894e-01 8.100000000000000000e+01
-9.740877151489257812e-02 -1.410700440406799094e+00 -7.410771399736404419e-02 9.200000000000000000e+01
-1.001275554299354970e-01 -1.446401119232177956e+00 3.347271680831909180e-01 7.800000000000000000e+01
-9.829750657081604004e-02 -1.416376829147339089e+00 -2.478241734206676136e-02 8.000000000000000000e+01
-1.041913181543349942e-01 -1.501301288604736106e+00 4.032400846481323242e-01 9.600000000000000000e+01
-5.034667626023293235e-02 -7.110731005668640137e-01 -1.910084486007689875e-01 7.000000000000000000e+00
-9.953115880489349365e-02 -1.402257919311522993e+00 2.453808300197124134e-02 7.800000000000000000e+01
-2.284917086362839023e-01 -3.211199760437012163e+00 -7.432382702827453613e-01 6.000000000000000000e+00
-9.975667297840118408e-02 -1.398522615432739036e+00 7.347968220710754395e-02 6.600000000000000000e+01
-2.762951552867888849e-01 -3.873475551605225053e+00 -7.548403739929199219e-01 5.000000000000000000e+00
-9.890431165695190430e-02 -1.383171439170836958e+00 1.213207915425301014e-01 5.800000000000000000e+01
-3.543570637702941895e-01 -4.943536281585693359e+00 -7.849881649017333984e-01 9.000000000000000000e+00
-1.020108908414840976e-01 -1.419650793075561968e+00 1.747606396675109863e-01 5.800000000000000000e+01
-1.026865243911743025e-01 -1.425572872161865012e+00 -1.754918545484543124e-01 4.800000000000000000e+01
-1.038541942834853987e-01 -1.438280344009398970e+00 2.283943146467208862e-01 4.800000000000000000e+01
-1.013048365712165971e-01 -1.402974247932434082e+00 -1.230639070272445956e-01 1.000000000000000000e+02
-1.067262589931488037e-01 -1.474472999572753906e+00 2.873583436012268066e-01 1.000000000000000000e+02
-1.027660518884658952e-01 -1.416327834129333052e+00 -7.442172616720199585e-02 8.100000000000000000e+01
-1.081444993615150035e-01 -1.486858487129210982e+00 3.441751003265380859e-01 7.200000000000000000e+01
-1.038226261734962047e-01 -1.424002766609191895e+00 -2.492203563451766968e-02 7.400000000000000000e+01
-1.095523536205292026e-01 -1.498982667922974077e+00 4.027224481105803888e-01 7.600000000000000000e+01
-1.045211330056189936e-01 -1.399889588356018066e+00 2.450317889451980938e-02 7.300000000000000000e+01
-2.415687292814255038e-01 -3.227830648422241211e+00 -7.472873926162719727e-01 3.000000000000000000e+00
-1.057782694697380066e-01 -1.410097479820251021e+00 7.410771399736404419e-02 5.800000000000000000e+01
-2.900497317314147949e-01 -3.866563558578491211e+00 -7.536955475807189941e-01 8.000000000000000000e+00
-1.047201603651047030e-01 -1.392733573913573997e+00 1.221923530101775984e-01 5.500000000000000000e+01
-3.706921935081481934e-01 -4.918566703796386719e+00 -7.812337279319763184e-01 9.000000000000000000e+00
-1.085592582821846008e-01 -1.437082529067992942e+00 1.769542843103409091e-01 6.100000000000000000e+01
-1.100090891122817993e-01 -1.452898979187011941e+00 -1.789041906595230103e-01 1.000000000000000000e+01
-1.108129546046257019e-01 -1.463515639305114968e+00 2.324616163969039917e-01 1.300000000000000000e+01
-1.079540550708771030e-01 -1.422460198402405007e+00 -1.248070225119591037e-01 7.700000000000000000e+01
-1.106406450271606029e-01 -1.454495906829833984e+00 2.835421562194824219e-01 5.500000000000000000e+01
-1.079564616084098955e-01 -1.415941715240478960e+00 -7.442172616720199585e-02 6.400000000000000000e+01
-1.155237257480621060e-01 -1.511712193489074929e+00 3.500238358974456787e-01 4.000000000000000000e+01
-1.088884398341179033e-01 -1.421618819236754927e+00 -2.488713152706623077e-02 6.300000000000000000e+01
-1.144890338182449063e-01 -1.494738698005676047e+00 4.016871452331542969e-01 8.800000000000000000e+01
-1.101862788200378002e-01 -1.409484267234802024e+00 2.467770315706729889e-02 6.600000000000000000e+01
-2.532911598682404120e-01 -3.232795953750609907e+00 -7.486370801925659180e-01 2.000000000000000000e+00
-1.108561381697655002e-01 -1.411710858345031960e+00 7.421238720417022705e-02 5.200000000000000000e+01
-3.049280345439910889e-01 -3.883142709732056108e+00 -7.571300864219665527e-01 8.000000000000000000e+00
-1.103626787662505965e-01 -1.402290701866149902e+00 1.230639070272445956e-01 4.700000000000000000e+01
-3.891015648841857910e-01 -4.932996749877929688e+00 -7.837366461753845215e-01 9.000000000000000000e+00
-1.124798804521560947e-01 -1.422842383384705034e+00 1.752481162548064908e-01 5.300000000000000000e+01
-5.603485703468322754e-01 -7.072556972503662109e+00 -8.711220622062683105e-01 1.000000000000000000e+00
-1.142999306321143965e-01 -1.439469575881958008e+00 2.287071943283081055e-01 1.100000000000000000e+01
-1.154420301318169056e-01 -1.453852891921997070e+00 -1.275960057973861972e-01 2.300000000000000000e+01
-1.122632101178168973e-01 -1.407592415809630904e+00 -7.400304079055786133e-02 1.500000000000000000e+01
-1.198682636022568027e-01 -1.499644398689270020e+00 3.473244309425354004e-01 6.400000000000000000e+01
-1.160856410861015042e-01 -1.449136376380919966e+00 -2.537579834461212158e-02 4.700000000000000000e+01
-1.199667602777480940e-01 -1.494308948516845925e+00 4.016871452331542969e-01 9.700000000000000000e+01
-1.153470724821090976e-01 -1.415090441703795943e+00 2.478241734206676136e-02 3.800000000000000000e+01
-2.636927664279937744e-01 -3.228053808212279829e+00 -7.477372884750366211e-01 4.000000000000000000e+00
-1.160258054733275951e-01 -1.417307257652282937e+00 7.452639937400817871e-02 3.200000000000000000e+01
-3.165218532085419256e-01 -3.866456508636475053e+00 -7.540771365165710449e-01 8.000000000000000000e+00
-1.163154840469359935e-01 -1.417802810668945090e+00 1.244584023952483992e-01 4.100000000000000000e+01
-4.043248295783997137e-01 -4.917898178100585938e+00 -7.815465927124023438e-01 7.000000000000000000e+00
-1.168715730309485973e-01 -1.418504714965820090e+00 1.747606396675109863e-01 4.400000000000000000e+01
-5.841256380081176758e-01 -7.074616432189941406e+00 -8.716095685958862305e-01 1.000000000000000000e+00
-1.188215836882590970e-01 -1.439103364944458008e+00 2.287071943283081055e-01 5.400000000000000000e+01
-1.236208602786064009e-01 -1.490883469581604004e+00 2.907929122447968084e-01 1.200000000000000000e+01
-2.077787637710570845e+00 -2.500538825988769887e+01 -1.314993262290955034e+00 1.100000000000000000e+01
-1.220915243029594005e-01 -1.466224312782288042e+00 3.396760821342468262e-01 6.900000000000000000e+01
-1.241787299513816972e-01 -1.488149285316467063e+00 4.001342356204987127e-01 9.500000000000000000e+01
-2.749591767787932794e-01 -3.227113723754882812e+00 -7.477372884750366211e-01 6.000000000000000000e+00
-3.295153379440308172e-01 -3.859459638595581055e+00 -7.529323101043701172e-01 9.000000000000000000e+00
-1.224526986479758939e-01 -1.431284070014954057e+00 1.256785839796066007e-01 4.000000000000000000e+01
-4.240199923515319824e-01 -4.945979118347167969e+00 -7.862396240234375000e-01 9.000000000000000000e+00
-1.238612383604049960e-01 -1.441821813583374023e+00 1.776854991912842074e-01 4.800000000000000000e+01
-6.125625967979431152e-01 -7.116045475006104404e+00 -8.769717812538146973e-01 1.000000000000000000e+00
-1.224889308214188038e-01 -1.422935009002685991e+00 2.262042313814162930e-01 5.500000000000000000e+01
-1.288242638111115057e-01 -1.490442872047424094e+00 2.907929122447968084e-01 3.500000000000000000e+01
-2.166094064712523970e+00 -2.500992202758789062e+01 -1.315621256828308105e+00 1.100000000000000000e+01
-1.270403712987900058e-01 -1.463847756385803001e+00 3.392261862754821777e-01 7.100000000000000000e+01
-1.297073215246201117e-01 -1.491555929183959961e+00 4.011695086956024170e-01 9.200000000000000000e+01
-2.862676382064818781e-01 -3.220260858535767046e+00 -7.463876008987426758e-01 8.000000000000000000e+00
-3.452263772487639826e-01 -3.875825643539429155e+00 -7.563668489456176758e-01 9.000000000000000000e+00
-1.262808889150620062e-01 -1.414949655532836914e+00 1.242840886116027971e-01 3.500000000000000000e+01
-4.405615627765656073e-01 -4.926684379577636719e+00 -7.834237813949584961e-01 7.000000000000000000e+00
-1.287906318902969083e-01 -1.437403798103332964e+00 1.771980226039885919e-01 5.000000000000000000e+01
-6.386401057243347168e-01 -7.113752365112304688e+00 -8.769717812538146973e-01 1.000000000000000000e+00
-1.277747154235840121e-01 -1.420486807823180930e+00 2.258913666009902954e-01 5.800000000000000000e+01
-1.328763067722321112e-01 -1.474318027496337891e+00 2.877399623394011896e-01 5.700000000000000000e+01
-2.263852834701538086e+00 -2.506944656372069957e+01 -1.319180130958556907e+00 1.100000000000000000e+01
-1.320535838603973111e-01 -1.459490656852721946e+00 3.383263945579528809e-01 7.100000000000000000e+01
-1.336035132408142090e-01 -1.473754882812500000e+00 3.965107798576354980e-01 8.600000000000000000e+01
-2.975066900253295898e-01 -3.219242095947266069e+00 -7.463876008987426758e-01 8.000000000000000000e+00
-3.574863970279694159e-01 -3.860912561416625977e+00 -7.536955475807189941e-01 9.000000000000000000e+00
-1.317713409662246982e-01 -1.420451879501342995e+00 1.248070225119591037e-01 2.900000000000000000e+01
-4.566593766212462824e-01 -4.913314819335938388e+00 -7.815465927124023438e-01 7.000000000000000000e+00
-1.312305778264999112e-01 -1.409273982048034890e+00 1.737856864929198941e-01 1.800000000000000000e+01
-6.619926691055297852e-01 -7.095667839050292969e+00 -8.750218749046325684e-01 1.000000000000000000e+00
-1.332838833332062045e-01 -1.425932526588439941e+00 2.268299758434295932e-01 5.900000000000000000e+01
-1.363743543624877930e-01 -1.456252932548522949e+00 2.843053936958312988e-01 7.000000000000000000e+01
-2.353213310241699219e+00 -2.508127784729003906e+01 -1.320226788520812988e+00 1.100000000000000000e+01
-1.375121027231215876e-01 -1.462901234626770020e+00 3.392261862754821777e-01 7.400000000000000000e+01
-4.079098224639892578e+00 -4.331372070312500000e+01 -7.593891024589538574e-01 1.100000000000000000e+01
-1.393671333789824884e-01 -1.477101922035217063e+00 3.975460529327393133e-01 7.800000000000000000e+01
-3.074373900890349787e-01 -3.210478305816649947e+00 -7.445880174636840820e-01 9.000000000000000000e+00
-3.714126050472260077e-01 -3.871431589126586914e+00 -7.559852600097656250e-01 9.000000000000000000e+00
-1.380059272050858099e-01 -1.435873150825500044e+00 1.262015104293822965e-01 2.400000000000000000e+01
-4.727606773376464844e-01 -4.909807205200195312e+00 -7.812337279319763184e-01 9.000000000000000000e+00
-6.870467066764831543e-01 -7.109240531921386719e+00 -8.769717812538146973e-01 1.000000000000000000e+00
-1.387731581926346103e-01 -1.433347463607788086e+00 2.280814498662948886e-01 5.800000000000000000e+01
-1.402550488710402887e-01 -1.446022272109984907e+00 2.823973000049591064e-01 8.600000000000000000e+01
-2.434827566146851030e+00 -2.505743217468262074e+01 -1.319389462471008079e+00 1.100000000000000000e+01
-1.410408318042755127e-01 -1.448860168457031028e+00 3.360768854618073065e-01 8.000000000000000000e+01
-1.436318755149841031e-01 -1.472811341285706010e+00 3.965107798576354980e-01 7.800000000000000000e+01
-7.969104498624801636e-02 -8.055134415626525879e-01 -2.168903648853302002e-01 5.000000000000000000e+00
-3.186421990394591730e-01 -3.209385633468627930e+00 -7.445880174636840820e-01 8.000000000000000000e+00
-3.847298622131348211e-01 -3.868157863616942915e+00 -7.556036114692687988e-01 9.000000000000000000e+00
-1.420295238494873047e-01 -1.425469756126404031e+00 1.253299564123153964e-01 9.000000000000000000e+00
-4.889152348041533869e-01 -4.898299217224121094e+00 -7.796693444252014160e-01 7.000000000000000000e+00
-1.412150859832763949e-01 -1.412298560142517090e+00 1.742731630802155096e-01 6.000000000000000000e+00
-7.086928486824035645e-01 -7.075195789337158203e+00 -8.730719685554504395e-01 1.000000000000000000e+00
-1.435784101486206055e-01 -1.430888772010803001e+00 2.277685850858688077e-01 5.500000000000000000e+01
-1.441236287355422974e-01 -1.433803319931030051e+00 2.801076173782349188e-01 8.500000000000000000e+01
-2.523880481719971147e+00 -2.506467819213866832e+01 -1.320226788520812988e+00 1.100000000000000000e+01
-1.464885920286178866e-01 -1.452236771583556907e+00 3.369766771793364923e-01 8.100000000000000000e+01
-1.483836323022842130e-01 -1.468456864356995073e+00 3.954755067825316828e-01 8.000000000000000000e+01
-8.250232785940170288e-02 -8.052303791046142578e-01 -2.168903648853302002e-01 5.000000000000000000e+00
-3.304409980773925781e-01 -3.214069366455078125e+00 -7.459377050399780273e-01 9.000000000000000000e+00
-3.978276550769805908e-01 -3.862885713577270952e+00 -7.548403739929199219e-01 8.000000000000000000e+00
-1.498668789863585871e-01 -1.452711462974547896e+00 1.277703195810317993e-01 1.000000000000000000e+00
-5.080410838127136230e-01 -4.916211605072020596e+00 -7.827980518341064453e-01 9.000000000000000000e+00
-1.488012373447417935e-01 -1.437466025352478027e+00 1.774417608976364136e-01 2.900000000000000000e+01
-7.321571111679077148e-01 -7.060832023620604581e+00 -8.716095685958862305e-01 1.000000000000000000e+00
-1.468964368104934970e-01 -1.416650891304015891e+00 2.255785018205642978e-01 5.500000000000000000e+01
-1.503466814756392878e-01 -1.445007801055907981e+00 2.823973000049591064e-01 9.300000000000000000e+01
-2.610943078994750977e+00 -2.505174255371094105e+01 -1.320017457008362038e+00 1.100000000000000000e+01
-1.511522680521011075e-01 -1.447840213775634988e+00 3.360768854618073065e-01 8.300000000000000000e+01
-1.539104580879210871e-01 -1.471772670745850053e+00 3.965107798576354980e-01 8.400000000000000000e+01
-3.433067202568054199e-01 -3.228398799896239790e+00 -7.495369315147399902e-01 9.000000000000000000e+00
-4.111012518405913752e-01 -3.859521150588988814e+00 -7.544587850570678711e-01 9.000000000000000000e+00
-5.247789025306701660e-01 -4.910480022430419922e+00 -7.821723222732543945e-01 9.000000000000000000e+00
-1.536067277193068903e-01 -1.434964060783386008e+00 1.771980226039885919e-01 5.000000000000000000e+01
-7.648416161537170410e-01 -7.133236885070800781e+00 -8.808715939521789551e-01 1.000000000000000000e+00
-1.518767923116683960e-01 -1.414138913154602051e+00 2.252656370401381891e-01 5.500000000000000000e+01
-1.555997729301452914e-01 -1.446426153182982954e+00 2.827789187431334894e-01 1.000000000000000000e+02
-2.702653408050537109e+00 -2.508219146728515980e+01 -1.322110891342163086e+00 1.100000000000000000e+01
-1.568325757980346957e-01 -1.453116297721863015e+00 3.374265730381011963e-01 8.900000000000000000e+01
-1.578479558229446134e-01 -1.457754254341125044e+00 3.928873240947722834e-01 9.500000000000000000e+01
-3.538580834865570068e-01 -3.215496540069580078e+00 -7.468374967575073242e-01 9.000000000000000000e+00
-4.258896410465239923e-01 -3.863842725753784180e+00 -7.556036114692687988e-01 8.000000000000000000e+00
-5.427731871604919434e-01 -4.908523559570313388e+00 -7.821723222732543945e-01 9.000000000000000000e+00
-1.582095474004744928e-01 -1.428472280502318892e+00 1.764668077230452936e-01 5.700000000000000000e+01
-7.887924313545227051e-01 -7.110655784606933594e+00 -8.784342408180236816e-01 1.000000000000000000e+00
-1.574951261281966886e-01 -1.417499303817749023e+00 2.258913666009902954e-01 5.500000000000000000e+01
-1.589458882808685025e-01 -1.428285360336303933e+00 2.793443799018859863e-01 9.700000000000000000e+01
-2.792796134948730025e+00 -2.505623817443848012e+01 -1.321273565292357954e+00 2.300000000000000000e+01
-1.630223095417022983e-01 -1.460278511047363059e+00 3.392261862754821777e-01 9.200000000000000000e+01
-1.631501764059067050e-01 -1.459114313125609907e+00 3.934049606323242188e-01 8.800000000000000000e+01
-3.642003834247589111e-01 -3.206496715545653853e+00 -7.450379133224487305e-01 9.000000000000000000e+00
-4.395962953567504883e-01 -3.864283323287963867e+00 -7.559852600097656250e-01 9.000000000000000000e+00
-5.590080022811889648e-01 -4.898748397827148438e+00 -7.809208631515502930e-01 9.000000000000000000e+00
-1.609408110380173007e-01 -1.408188819885253906e+00 1.740294247865676880e-01 4.500000000000000000e+01
-8.113509416580200195e-01 -7.088136672973632812e+00 -8.759968280792236328e-01 1.000000000000000000e+00
-1.635671108961105069e-01 -1.426753520965575950e+00 2.274557054042815885e-01 5.200000000000000000e+01
-1.643784642219542902e-01 -1.431622624397278054e+00 2.801076173782349188e-01 9.300000000000000000e+01
-2.882979869842528853e+00 -2.507014656066894887e+01 -1.322529673576354980e+00 1.100000000000000000e+01
-1.670037955045700073e-01 -1.450020790100098100e+00 3.369766771793364923e-01 8.500000000000000000e+01
-1.686851829290390015e-01 -1.462374210357666016e+00 3.944402337074279785e-01 8.800000000000000000e+01
-3.743788003921508789e-01 -3.201400279998778853e+00 -7.441380620002746582e-01 9.000000000000000000e+00
-4.521799087524414062e-01 -3.860854387283325195e+00 -7.556036114692687988e-01 8.000000000000000000e+00
-5.757107138633728027e-01 -4.900791645050048828e+00 -7.815465927124023438e-01 7.000000000000000000e+00
-1.658415943384171087e-01 -1.409618854522705078e+00 1.742731630802155096e-01 4.000000000000000000e+01
-8.348515629768371582e-01 -7.085407257080078125e+00 -8.759968280792236328e-01 1.000000000000000000e+00
-1.701289564371109009e-01 -1.443888902664185014e+00 2.302715331315993985e-01 4.600000000000000000e+01
-1.705074906349182129e-01 -1.442767858505249023e+00 2.823973000049591064e-01 9.000000000000000000e+01
-2.970324993133544922e+00 -2.509614944458008168e+01 -1.324413657188415971e+00 1.100000000000000000e+01
-1.708937585353851041e-01 -1.441718339920043945e+00 3.351770639419556219e-01 8.100000000000000000e+01
-1.751572191715239923e-01 -1.473286509513854980e+00 3.975460529327393133e-01 8.400000000000000000e+01
-3.874163329601287842e-01 -3.215551853179932085e+00 -7.477372884750366211e-01 9.000000000000000000e+00
-4.642429947853087824e-01 -3.847557783126831055e+00 -7.533138990402221680e-01 8.000000000000000000e+00
-5.921021699905395508e-01 -4.892868995666503906e+00 -7.806079983711242676e-01 9.000000000000000000e+00
-1.762540787458420077e-01 -1.454356908798217995e+00 1.798791438341141025e-01 5.300000000000000000e+01
-8.619709014892578125e-01 -7.102156162261962891e+00 -8.784342408180236816e-01 1.000000000000000000e+00
-1.727981567382813055e-01 -1.421685218811034934e+00 2.268299758434295932e-01 3.800000000000000000e+01
-1.748309880495071134e-01 -1.436317205429076926e+00 2.812524735927581787e-01 8.300000000000000000e+01
-3.059358835220336914e+00 -2.509752464294433949e+01 -1.325041770935059038e+00 2.300000000000000000e+01
-1.773421019315719882e-01 -1.452719211578368919e+00 3.378764688968657892e-01 7.600000000000000000e+01
-1.793598234653472900e-01 -1.464995980262755904e+00 3.954755067825316828e-01 8.200000000000000000e+01
-3.981586098670958918e-01 -3.210312128067017046e+00 -7.468374967575073242e-01 9.000000000000000000e+00
-4.796064794063568115e-01 -3.861500024795531782e+00 -7.563668489456176758e-01 9.000000000000000000e+00
-6.094220280647277832e-01 -4.892732620239257812e+00 -7.809208631515502930e-01 7.000000000000000000e+00
-1.798554360866546908e-01 -1.441913843154907005e+00 1.784167140722275058e-01 4.300000000000000000e+01
-8.877409696578979492e-01 -7.106983184814453125e+00 -8.794091939926147461e-01 1.000000000000000000e+00
-1.787359118461608887e-01 -1.430905103683471902e+00 2.283943146467208862e-01 3.200000000000000000e+01
-1.813077330589293878e-01 -1.447386384010314941e+00 2.835421562194824219e-01 7.700000000000000000e+01
-3.143466711044311968e+00 -2.505894851684569957e+01 -1.323576331138611062e+00 1.100000000000000000e+01
-1.828977465629577914e-01 -1.455958485603332964e+00 3.387762904167174738e-01 7.400000000000000000e+01
-1.839895993471145907e-01 -1.460527539253235085e+00 3.944402337074279785e-01 7.100000000000000000e+01
-4.093622863292694092e-01 -3.208902597427368164e+00 -7.468374967575073242e-01 9.000000000000000000e+00
-4.930827319622039795e-01 -3.859802484512329102e+00 -7.563668489456176758e-01 8.000000000000000000e+00
-6.269991397857666016e-01 -4.894494056701660156e+00 -7.815465927124023438e-01 7.000000000000000000e+00
-1.856452971696853915e-01 -1.447184085845947044e+00 1.791479289531708041e-01 1.400000000000000000e+01
-9.115318655967712402e-01 -7.095965385437011719e+00 -8.784342408180236816e-01 1.000000000000000000e+00
-1.852397173643111905e-01 -1.442028164863585982e+00 2.302715331315993985e-01 2.100000000000000000e+01
-1.858573108911514005e-01 -1.442850351333617942e+00 2.827789187431334894e-01 6.700000000000000000e+01
-3.240118026733397993e+00 -2.511913299560546875e+01 -1.327344536781311035e+00 1.100000000000000000e+01
-1.882285177707672119e-01 -1.457243800163269043e+00 3.392261862754821777e-01 7.200000000000000000e+01
-5.626882553100585938e+00 -4.350292205810546875e+01 -7.656719684600830078e-01 1.100000000000000000e+01
-1.898311078548431119e-01 -1.465623974800110085e+00 3.959931433200836182e-01 6.600000000000000000e+01
-4.201059937477111816e-01 -3.199652194976807085e+00 -7.450379133224487305e-01 9.000000000000000000e+00
-5.072262883186340332e-01 -3.857969284057617188e+00 -7.563668489456176758e-01 8.000000000000000000e+00
-6.428686976432800293e-01 -4.876495838165283203e+00 -7.790436148643493652e-01 7.000000000000000000e+00
-1.940657645463942926e-01 -1.470110177993773970e+00 1.820728033781051913e-01 1.000000000000000000e+00
-9.375337362289428711e-01 -7.092576980590820312e+00 -8.784342408180236816e-01 1.000000000000000000e+00
-1.931124031543731967e-01 -1.460922956466675027e+00 2.334002256393432895e-01 9.000000000000000000e+00
-1.942398250102997104e-01 -1.465514302253722922e+00 2.873583436012268066e-01 6.700000000000000000e+01
-3.331111431121826172e+00 -2.509916877746582031e+01 -1.326925873756408913e+00 1.100000000000000000e+01
-1.927981525659560880e-01 -1.450748920440674050e+00 3.378764688968657892e-01 6.000000000000000000e+01
-5.791566371917724609e+00 -4.352165222167968750e+01 -7.663700580596923828e-01 1.100000000000000000e+01
-1.969845890998840054e-01 -1.480272173881530984e+00 4.001342356204987127e-01 5.900000000000000000e+01
-4.312722980976104736e-01 -3.198166131973267046e+00 -7.450379133224487305e-01 9.000000000000000000e+00
-5.191137790679931641e-01 -3.844501495361328125e+00 -7.540771365165710449e-01 8.000000000000000000e+00
-6.612120270729064941e-01 -4.884009838104248047e+00 -7.806079983711242676e-01 9.000000000000000000e+00
-9.622857570648193359e-01 -7.089261054992675781e+00 -8.784342408180236816e-01 1.000000000000000000e+00
-2.024619728326796930e-01 -1.491558790206908958e+00 2.384061217308043878e-01 1.000000000000000000e+00
-2.004132419824599942e-01 -1.472608566284179910e+00 2.888848185539246161e-01 6.400000000000000000e+01
-3.421939611434936968e+00 -2.511113548278808949e+01 -1.328181862831115945e+00 1.100000000000000000e+01
-1.978610306978225986e-01 -1.450067043304442915e+00 3.378764688968657892e-01 5.900000000000000000e+01
-2.039798200130462924e-01 -1.491024374961853027e+00 4.032400846481323242e-01 5.400000000000000000e+01
-4.424090981483458918e-01 -3.200579166412353960e+00 -7.459377050399780273e-01 9.000000000000000000e+00
-5.313214063644409180e-01 -3.838869571685791016e+00 -7.533138990402221680e-01 8.000000000000000000e+00
-6.784904003143310547e-01 -4.889616489410400391e+00 -7.818594574928283691e-01 7.000000000000000000e+00
-9.819599390029907227e-01 -7.058505058288574219e+00 -8.750218749046325684e-01 1.000000000000000000e+00
-2.050242871046066007e-01 -1.469991445541382058e+00 2.885031998157501221e-01 5.500000000000000000e+01
-3.503534793853760210e+00 -2.508778190612792969e+01 -1.327553868293761985e+00 1.100000000000000000e+01
-2.037480026483536044e-01 -1.457122802734375000e+00 3.396760821342468262e-01 5.500000000000000000e+01
-2.073237001895905096e-01 -1.480810284614562988e+00 4.006518721580504816e-01 4.700000000000000000e+01
-4.541256427764893133e-01 -3.202874183654785156e+00 -7.468374967575073242e-01 9.000000000000000000e+00
-5.474777817726135254e-01 -3.856429100036621094e+00 -7.571300864219665527e-01 9.000000000000000000e+00
-6.955541968345642090e-01 -4.887218475341796875e+00 -7.818594574928283691e-01 7.000000000000000000e+00
-1.010518193244934082e+00 -7.082546710968017578e+00 -8.784342408180236816e-01 1.000000000000000000e+00
-3.591086149215697798e+00 -2.507539939880371094e+01 -1.327553868293761985e+00 1.100000000000000000e+01
-2.110458761453629095e-01 -1.471834778785706010e+00 3.432753086090087891e-01 5.000000000000000000e+01
-2.135743647813796997e-01 -1.485777020454406960e+00 4.022047817707061768e-01 3.800000000000000000e+01
-4.647423923015593927e-01 -3.197412729263306108e+00 -7.459377050399780273e-01 9.000000000000000000e+00
-5.598049759864807129e-01 -3.846723556518555132e+00 -7.556036114692687988e-01 9.000000000000000000e+00
-7.108985781669616699e-01 -4.873032569885253906e+00 -7.799822688102722168e-01 6.000000000000000000e+00
-1.035234689712523970e+00 -7.078976154327392578e+00 -8.784342408180236816e-01 1.000000000000000000e+00
-3.678593873977661133e+00 -2.506271171569823863e+01 -1.327553868293761985e+00 1.100000000000000000e+01
-2.192988991737366000e-01 -1.492297530174254927e+00 3.482242226600646973e-01 3.600000000000000000e+01
-2.199062556028366089e-01 -1.494616985321044922e+00 4.047929942607880194e-01 9.000000000000000000e+00
-4.741784334182739258e-01 -3.184206008911132812e+00 -7.432382702827453613e-01 9.000000000000000000e+00
-5.726501345634460449e-01 -3.840862274169921875e+00 -7.548403739929199219e-01 8.000000000000000000e+00
-7.284882664680480957e-01 -4.874428749084472656e+00 -7.806079983711242676e-01 6.000000000000000000e+00
-1.059938669204711914e+00 -7.075319766998291016e+00 -8.784342408180236816e-01 1.000000000000000000e+00
-3.770807504653931108e+00 -2.508131980895996094e+01 -1.329228639602660911e+00 1.100000000000000000e+01
-2.230563461780548096e-01 -1.481887817382812944e+00 3.459747135639191229e-01 7.000000000000000000e+00
-2.331645786762238104e-01 -1.545377135276793990e+00 4.187692105770111084e-01 1.000000000000000000e+00
-4.870530366897583008e-01 -3.194090127944945845e+00 -7.459377050399780273e-01 9.000000000000000000e+00
-5.872389078140258789e-01 -3.846603155136107954e+00 -7.563668489456176758e-01 8.000000000000000000e+00
-7.475903630256652832e-01 -4.885524749755859375e+00 -7.827980518341064453e-01 9.000000000000000000e+00
-1.082823991775512917e+00 -7.059803962707520419e+00 -8.769717812538146973e-01 1.000000000000000000e+00
-3.869272708892821822e+00 -2.513906860351562855e+01 -1.332996845245361106e+00 1.100000000000000000e+01
-4.975985586643218994e-01 -3.188519716262816939e+00 -7.450379133224487305e-01 9.000000000000000000e+00
-5.988441109657287598e-01 -3.832891464233397993e+00 -7.540771365165710449e-01 9.000000000000000000e+00
-7.631114125251770020e-01 -4.873127460479736328e+00 -7.812337279319763184e-01 7.000000000000000000e+00
-1.106845021247863992e+00 -7.052058696746826172e+00 -8.764843344688415527e-01 1.000000000000000000e+00
-3.953893661499022993e+00 -2.510567855834960938e+01 -1.331950068473815918e+00 1.100000000000000000e+01
-5.099543333053588867e-01 -3.194460868835449219e+00 -7.468374967575073242e-01 9.000000000000000000e+00
-6.128394007682800293e-01 -3.834655046463013139e+00 -7.548403739929199219e-01 9.000000000000000000e+00
-7.819916605949401855e-01 -4.882137298583984375e+00 -7.831109166145324707e-01 7.000000000000000000e+00
-1.135230302810668945e+00 -7.071671962738037109e+00 -8.794091939926147461e-01 1.000000000000000000e+00
-4.038328647613525391e+00 -2.507200622558594105e+01 -1.330903410911560059e+00 1.100000000000000000e+01
-5.211020112037658691e-01 -3.192661285400391069e+00 -7.468374967575073242e-01 9.000000000000000000e+00
-6.268543004989624023e-01 -3.836367607116699219e+00 -7.556036114692687988e-01 8.000000000000000000e+00
-7.951980233192443848e-01 -4.855984687805175781e+00 -7.793564796447753906e-01 7.000000000000000000e+00
-1.159908175468445046e+00 -7.067666530609130859e+00 -8.794091939926147461e-01 1.000000000000000000e+00
-4.131013393402099609e+00 -2.508928871154785156e+01 -1.332578063011168990e+00 1.100000000000000000e+01
-5.309607982635498047e-01 -3.183134078979492188e+00 -7.450379133224487305e-01 9.000000000000000000e+00
-6.418586969375610352e-01 -3.843838453292847124e+00 -7.575117349624633789e-01 9.000000000000000000e+00
-8.127957582473754883e-01 -4.857076168060302734e+00 -7.799822688102722168e-01 7.000000000000000000e+00
-1.183258533477782981e+00 -7.055743694305419922e+00 -8.784342408180236816e-01 1.000000000000000000e+00
-4.214590072631835938e+00 -2.505108070373535156e+01 -1.331322073936461958e+00 1.100000000000000000e+01
-5.414140820503234863e-01 -3.177419185638428178e+00 -7.441380620002746582e-01 9.000000000000000000e+00
-6.559324860572814941e-01 -3.845445156097412109e+00 -7.582749724388122559e-01 9.000000000000000000e+00
-8.357360959053039551e-01 -4.889257431030273438e+00 -7.856138944625854492e-01 6.000000000000000000e+00
-7.688876628875732422e+00 -4.493455886840820312e+01 5.597458839416503906e+00 3.900000000000000000e+01
-1.207880496978759988e+00 -7.051570415496826172e+00 -8.784342408180236816e-01 1.000000000000000000e+00
-4.308773517608642578e+00 -2.507558441162109020e+01 -1.333415508270263894e+00 1.100000000000000000e+01
-5.538381934165954590e-01 -3.183189630508422852e+00 -7.459377050399780273e-01 9.000000000000000000e+00
-6.659829616546630859e-01 -3.823790550231934038e+00 -7.544587850570678711e-01 9.000000000000000000e+00
-8.551750779151916504e-01 -4.899932384490966797e+00 -7.878039479255676270e-01 1.000000000000000000e+00
-1.233171701431273970e+00 -7.051221847534179688e+00 -8.789216876029968262e-01 1.000000000000000000e+00
-4.401108741760253906e+00 -2.508793258666991832e+01 -1.334880948066710982e+00 1.100000000000000000e+01
-5.652869939804077148e-01 -3.183155775070189986e+00 -7.463876008987426758e-01 9.000000000000000000e+00
-6.782956123352050781e-01 -3.815643787384033203e+00 -7.533138990402221680e-01 9.000000000000000000e+00
-8.757379651069641113e-01 -4.916365146636962891e+00 -7.909326553344726562e-01 1.000000000000000000e+00
-1.251499056816101074e+00 -7.011698246002197266e+00 -8.745344281196594238e-01 1.000000000000000000e+00
-1.885991692543030007e+00 -1.055588054656982067e+01 -9.381443858146667480e-01 2.000000000000000000e+00
-4.474576473236083984e+00 -2.499377632141112926e+01 -1.330694079399109109e+00 1.100000000000000000e+01
-5.770896673202514648e-01 -3.184998035430908203e+00 -7.472873926162719727e-01 9.000000000000000000e+00
-6.937127113342285156e-01 -3.824843168258666992e+00 -7.556036114692687988e-01 6.000000000000000000e+00
-8.844171166419982910e-01 -4.866632938385009766e+00 -7.834237813949584961e-01 3.000000000000000000e+00
-8.389931678771972656e+00 -4.612105560302733664e+01 5.755888938903808594e+00 4.300000000000000000e+01
-1.278811812400818093e+00 -7.022911071777343750e+00 -8.764843344688415527e-01 1.000000000000000000e+00
-1.892101883888245073e+00 -1.038066482543944957e+01 -9.231536388397216797e-01 2.000000000000000000e+00
-4.576147079467773438e+00 -2.505659675598144887e+01 -1.334880948066710982e+00 2.300000000000000000e+01
-5.846626162528991699e-01 -3.163801431655883789e+00 -7.427883744239807129e-01 9.000000000000000000e+00
-7.299141287803649902e-01 -3.945950746536254883e+00 -7.800271511077880859e-01 1.000000000000000000e+00
-8.988795876502990723e-01 -4.849920272827148438e+00 -7.812337279319763184e-01 6.000000000000000000e+00
-1.303318619728087935e+00 -7.018404483795166016e+00 -8.764843344688415527e-01 1.000000000000000000e+00
-1.923228025436400923e+00 -1.034657287597656072e+01 -9.207132458686828613e-01 2.000000000000000000e+00
-4.663582801818847656e+00 -2.504047012329101918e+01 -1.334880948066710982e+00 1.100000000000000000e+01
-5.978676676750183105e-01 -3.173231601715087891e+00 -7.454878091812133789e-01 9.000000000000000000e+00
-9.150699377059936523e-01 -4.842870712280273438e+00 -7.806079983711242676e-01 7.000000000000000000e+00
-1.329286456108093040e+00 -7.021614074707031250e+00 -8.774592876434326172e-01 1.000000000000000000e+00
-1.940785408020019975e+00 -1.024191951751708984e+01 -9.119976758956909180e-01 4.000000000000000000e+00
-4.767353534698486328e+00 -2.511037445068359020e+01 -1.339486479759216087e+00 1.100000000000000000e+01
-6.082056760787963867e-01 -3.167297601699829102e+00 -7.445880174636840820e-01 3.000000000000000000e+00
-9.345839023590087891e-01 -4.853225231170654297e+00 -7.827980518341064453e-01 7.000000000000000000e+00
-1.348523616790771040e+00 -6.989643096923828125e+00 -8.740469217300415039e-01 1.000000000000000000e+00
-1.964057922363281028e+00 -1.017052650451659979e+01 -9.062454104423522949e-01 8.000000000000000000e+00
-4.841318607330322266e+00 -2.502298927307128906e+01 -1.335718274116515891e+00 1.100000000000000000e+01
-9.508430361747741699e-01 -4.842013835906982422e+00 -7.815465927124023438e-01 7.000000000000000000e+00
-1.376432061195373979e+00 -6.996340274810791016e+00 -8.755093812942504883e-01 1.000000000000000000e+00
-1.987078666687011941e+00 -1.009092998504639027e+01 -8.997958898544311523e-01 1.200000000000000000e+01
-4.945369720458984375e+00 -2.506777954101562855e+01 -1.339067816734313965e+00 1.100000000000000000e+01
-9.627027511596679688e-01 -4.813484191894531250e+00 -7.774792909622192383e-01 4.000000000000000000e+00
-1.403575301170348899e+00 -7.005117416381835938e+00 -8.772155046463012695e-01 1.000000000000000000e+00
-2.016022205352783203e+00 -1.005267620086669922e+01 -8.970069289207458496e-01 8.000000000000000000e+00
-5.036776542663574219e+00 -2.506994628906250000e+01 -1.340114474296570046e+00 1.100000000000000000e+01
-9.873237013816833496e-01 -4.852850914001464844e+00 -7.843624353408813477e-01 3.000000000000000000e+00
-1.425211668014525923e+00 -6.992644309997558594e+00 -8.762405514717102051e-01 1.000000000000000000e+00
-2.057311773300170898e+00 -1.008497905731200994e+01 -9.004931449890136719e-01 8.000000000000000000e+00
-5.114285469055175781e+00 -2.502571105957030895e+01 -1.338649034500122070e+00 1.100000000000000000e+01
-1.012268900871277078e+00 -4.888062000274658203e+00 -7.906197905540466309e-01 1.000000000000000000e+00
-1.449611902236938032e+00 -6.987626552581787109e+00 -8.762405514717102051e-01 1.000000000000000000e+00
-2.111539840698242188e+00 -1.016942310333251953e+01 -9.086858034133911133e-01 1.000000000000000000e+01
-5.195916175842285156e+00 -2.498032951354980113e+01 -1.337183713912964089e+00 1.100000000000000000e+01
-1.029325246810913086e+00 -4.884498596191406250e+00 -7.906197905540466309e-01 1.000000000000000000e+00
-1.468254208564758079e+00 -6.955332279205322266e+00 -8.728282451629638672e-01 1.000000000000000000e+00
-2.136728525161743164e+00 -1.011325645446776988e+01 -9.043279886245727539e-01 4.000000000000000000e+00
-5.294661521911621094e+00 -2.501675224304198863e+01 -1.340114474296570046e+00 1.100000000000000000e+01
-1.054650664329529031e+00 -4.919505596160888672e+00 -7.968771457672119141e-01 1.000000000000000000e+00
-1.495024681091309038e+00 -6.961809635162354404e+00 -8.742906451225280762e-01 3.000000000000000000e+00
-2.176203966140747070e+00 -1.012521553039550959e+01 -9.060711264610290527e-01 6.000000000000000000e+00
-5.372705936431884766e+00 -2.495516204833984020e+01 -1.337811708450316939e+00 1.100000000000000000e+01
-1.060033679008484109e+00 -4.861753463745117188e+00 -7.881168127059936523e-01 3.000000000000000000e+00
-1.524399518966675027e+00 -6.979821205139160156e+00 -8.772155046463012695e-01 1.000000000000000000e+00
-2.196643114089965820e+00 -1.004943180084229049e+01 -8.999701738357543945e-01 1.000000000000000000e+01
-5.472598552703857422e+00 -2.499478721618651988e+01 -1.340951919555664062e+00 1.100000000000000000e+01
-1.072294831275939941e+00 -4.836809158325195312e+00 -7.846753001213073730e-01 4.000000000000000000e+00
-1.544451117515563965e+00 -6.955078601837158203e+00 -8.747781515121459961e-01 1.000000000000000000e+00
-2.207070589065552202e+00 -9.930842399597167969e+00 -8.900344371795654297e-01 5.000000000000000000e+00
-5.573700904846191406e+00 -2.503791809082030895e+01 -1.344301342964171919e+00 1.100000000000000000e+01
-1.088303327560425027e+00 -4.829182624816895419e+00 -7.840495109558105469e-01 6.000000000000000000e+00
-1.565222740173340066e+00 -6.934154033660888672e+00 -8.728282451629638672e-01 1.000000000000000000e+00
-2.254893302917480025e+00 -9.981379508972167969e+00 -8.952637910842895508e-01 6.000000000000000000e+00
-5.661065578460693359e+00 -2.501830863952637074e+01 -1.344301342964171919e+00 1.100000000000000000e+01
-1.105153679847717063e+00 -4.825354576110839844e+00 -7.840495109558105469e-01 7.000000000000000000e+00
-1.593856334686279075e+00 -6.947996616363525391e+00 -8.752655982971191406e-01 1.000000000000000000e+00
-2.297745943069458008e+00 -1.000840187072754084e+01 -8.984013795852661133e-01 2.000000000000000000e+00
-5.753732204437255859e+00 -2.502175331115723012e+01 -1.345557451248168945e+00 2.300000000000000000e+01
-1.116617918014525923e+00 -4.798379898071289062e+00 -7.802951335906982422e-01 7.000000000000000000e+00
-1.614494919776916948e+00 -6.926924228668212891e+00 -8.733156919479370117e-01 1.000000000000000000e+00
-2.291934251785277876e+00 -9.825693130493164062e+00 -8.827133774757385254e-01 3.000000000000000000e+00
-5.847400665283203125e+00 -2.502874565124512074e+01 -1.347022891044616921e+00 2.300000000000000000e+01
-1.130633950233459029e+00 -4.782918453216552734e+00 -7.784178853034973145e-01 9.000000000000000000e+00
-1.640493869781493919e+00 -6.928973197937011719e+00 -8.742906451225280762e-01 3.000000000000000000e+00
-2.294062852859497070e+00 -9.681922912597656250e+00 -8.705115318298339844e-01 3.000000000000000000e+00
-5.930119991302490234e+00 -2.498874855041503906e+01 -1.345976114273071067e+00 1.100000000000000000e+01
-1.147035837173461914e+00 -4.785105705261229581e+00 -7.793564796447753906e-01 9.000000000000000000e+00
-1.658546566963196023e+00 -6.908343315124511719e+00 -8.723407387733459473e-01 1.000000000000000000e+00
-2.347740888595581055e+00 -9.771531105041503906e+00 -8.792271614074707031e-01 5.000000000000000000e+00
-6.010464191436767578e+00 -2.497776222229003906e+01 -1.346394777297974077e+00 1.100000000000000000e+01
-1.166535019874572976e+00 -4.792588710784912109e+00 -7.812337279319763184e-01 9.000000000000000000e+00
-1.677949547767638938e+00 -6.883225917816162109e+00 -8.699033856391906738e-01 1.000000000000000000e+00
-2.413001537322998047e+00 -9.891027450561523438e+00 -8.907316923141479492e-01 7.000000000000000000e+00
-6.103304862976074219e+00 -2.497991180419921875e+01 -1.347650885581969993e+00 1.100000000000000000e+01
-1.181361675262450950e+00 -4.780816555023193359e+00 -7.799822688102722168e-01 9.000000000000000000e+00
-1.702920079231261985e+00 -6.881180763244628906e+00 -8.703908324241638184e-01 3.000000000000000000e+00
-2.393868923187255859e+00 -9.665940284729003906e+00 -8.712087869644165039e-01 3.000000000000000000e+00
-6.211619377136229581e+00 -2.504375076293944957e+01 -1.352256417274475098e+00 1.200000000000000000e+01
-1.198042631149291992e+00 -4.776663780212402344e+00 -7.799822688102722168e-01 9.000000000000000000e+00
-1.144316673278808949e+01 -4.559083175659179688e+01 5.771488189697265625e+00 4.400000000000000000e+01
-1.728863835334778054e+00 -6.882895469665527344e+00 -8.713657855987548828e-01 1.000000000000000000e+00
-2.371251821517943892e+00 -9.433381080627441406e+00 -8.509886860847473145e-01 3.000000000000000000e+00
-6.271696090698242188e+00 -2.491345214843750000e+01 -1.346394777297974077e+00 1.100000000000000000e+01
-1.212759971618651900e+00 -4.764795303344726562e+00 -7.787307500839233398e-01 9.000000000000000000e+00
-1.751898527145385964e+00 -6.872971534729003906e+00 -8.708783388137817383e-01 3.000000000000000000e+00
-2.374618768692017046e+00 -9.309211730957031250e+00 -8.405299782752990723e-01 4.000000000000000000e+00
-6.392237186431884766e+00 -2.502299690246582031e+01 -1.353512525558471902e+00 1.200000000000000000e+01
-1.225433468818664995e+00 -4.745232105255126953e+00 -7.762278318405151367e-01 9.000000000000000000e+00
-1.777867078781127930e+00 -6.874501705169677734e+00 -8.718532919883728027e-01 3.000000000000000000e+00
-2.412091493606566939e+00 -9.320155143737792969e+00 -8.422731161117553711e-01 9.000000000000000000e+00
-6.478542327880859375e+00 -2.499666404724121094e+01 -1.353303194046020952e+00 1.200000000000000000e+01
-1.244647264480591042e+00 -4.744313240051270419e+00 -7.768535614013671875e-01 9.000000000000000000e+00
-1.794666409492492898e+00 -6.831145763397216797e+00 -8.672222495079040527e-01 1.000000000000000000e+00
-2.445327520370482954e+00 -9.301189422607421875e+00 -8.414015173912048340e-01 9.000000000000000000e+00
-6.571423530578613281e+00 -2.496001625061035156e+01 -1.352675080299376997e+00 1.200000000000000000e+01
-1.266279816627501997e+00 -4.759029388427734375e+00 -7.799822688102722168e-01 9.000000000000000000e+00
-1.820545077323914018e+00 -6.832512378692626953e+00 -8.681972026824951172e-01 3.000000000000000000e+00
-2.471106767654418945e+00 -9.267570495605468750e+00 -8.391354680061340332e-01 3.000000000000000000e+00
-6.660571575164794922e+00 -2.494464302062987926e+01 -1.353093862533568892e+00 1.200000000000000000e+01
-1.278767466545104980e+00 -4.739322662353515625e+00 -7.774792909622192383e-01 9.000000000000000000e+00
-1.842830538749695046e+00 -6.820366859436035156e+00 -8.674659729003906250e-01 3.000000000000000000e+00
-2.486800432205200195e+00 -9.197341918945312500e+00 -8.335575461387634277e-01 1.000000000000000000e+00
-6.762219429016113281e+00 -2.497522163391112926e+01 -1.356024622917175071e+00 1.200000000000000000e+01
-1.294260501861572044e+00 -4.731019496917724609e+00 -7.768535614013671875e-01 9.000000000000000000e+00
-1.858235120773314986e+00 -6.783259868621826172e+00 -8.635661602020263672e-01 9.000000000000000000e+00
-2.518889904022216797e+00 -9.188605308532714844e+00 -8.335575461387634277e-01 1.000000000000000000e+00
-6.845128059387207031e+00 -2.493605613708496094e+01 -1.355187296867371050e+00 1.200000000000000000e+01
-1.312878489494323953e+00 -4.734086990356445312e+00 -7.781050205230712891e-01 9.000000000000000000e+00
-1.871809720993041992e+00 -6.740390300750732422e+00 -8.589351177215576172e-01 1.100000000000000000e+01
-6.933200359344482422e+00 -2.491585922241210938e+01 -1.355396628379821999e+00 1.200000000000000000e+01
-1.342355251312256037e+01 -4.820767211914063211e+01 1.155303668975830078e+01 1.500000000000000000e+01
-1.327257394790648970e+00 -4.721868515014648438e+00 -7.768535614013671875e-01 9.000000000000000000e+00
-1.886183500289916992e+00 -6.701331138610839844e+00 -8.547915816307067871e-01 1.100000000000000000e+01
-7.014709472656250000e+00 -2.487228393554687855e+01 -1.354349851608275923e+00 1.200000000000000000e+01
-1.346409082412719949e+00 -4.732875347137451172e+00 -7.793564796447753906e-01 9.000000000000000000e+00
-1.903964042663573997e+00 -6.683917522430419922e+00 -8.533291220664978027e-01 1.100000000000000000e+01
-3.212559461593627930e+00 -1.127031135559082031e+01 -1.025300145149230957e+00 2.000000000000000000e+00
-7.113643646240234375e+00 -2.492310523986816051e+01 -1.358327388763427956e+00 1.200000000000000000e+01
-1.360185980796813965e+00 -4.718656539916992188e+00 -7.777921557426452637e-01 9.000000000000000000e+00
-1.922879695892333984e+00 -6.661972999572753906e+00 -8.513792157173156738e-01 8.000000000000000000e+00
-7.208366394042968750e+00 -2.492498207092285156e+01 -1.359792828559875044e+00 1.200000000000000000e+01
-1.362049579620360973e+01 -4.706596374511718750e+01 1.131188869476318004e+01 1.400000000000000000e+01
-1.374987602233886941e+00 -4.708190917968750000e+00 -7.768535614013671875e-01 9.000000000000000000e+00
-1.934422492980957031e+00 -6.615209102630615234e+00 -8.462607264518737793e-01 6.000000000000000000e+00
-3.291162014007567915e+00 -1.124760913848876953e+01 -1.025300145149230957e+00 2.000000000000000000e+00
-7.297573089599609375e+00 -2.490733528137207031e+01 -1.360211491584778054e+00 1.200000000000000000e+01
-1.374961566925049006e+01 -4.689845275878906250e+01 1.128309535980224965e+01 1.400000000000000000e+01
-1.390293121337891069e+00 -4.699574470520020419e+00 -7.762278318405151367e-01 9.000000000000000000e+00
-1.944534778594970925e+00 -6.564639091491699219e+00 -8.406547307968139648e-01 4.000000000000000000e+00
-3.330403566360474077e+00 -1.123605251312256037e+01 -1.025300145149230957e+00 2.000000000000000000e+00
-7.403792381286621094e+00 -2.494680976867676137e+01 -1.363770365715027078e+00 1.200000000000000000e+01
-1.388549900054931996e+01 -4.675676727294921875e+01 1.126060009002686080e+01 1.400000000000000000e+01
-1.405555248260498047e+00 -4.690908432006835938e+00 -7.756021022796630859e-01 9.000000000000000000e+00
-1.944620251655579057e+00 -6.481756687164306641e+00 -8.309051990509033203e-01 4.000000000000000000e+00
-7.491977691650390625e+00 -2.492464065551758168e+01 -1.363979697227478027e+00 1.200000000000000000e+01
-1.163875699043273926e+00 -3.840403079986571822e+00 -7.800271511077880859e-01 1.000000000000000000e+00
-1.426509737968445046e+00 -4.701095581054688388e+00 -7.781050205230712891e-01 9.000000000000000000e+00
-1.940688729286194070e+00 -6.387558937072753906e+00 -8.196932077407836914e-01 1.000000000000000000e+01
-7.580098628997802734e+00 -2.490215682983398082e+01 -1.364189028739928977e+00 1.200000000000000000e+01
-1.421318244934082031e+01 -4.663473892211914062e+01 -8.509793281555175781e-01 1.300000000000000000e+01
-1.148475766181946023e+00 -3.742473602294921875e+00 -7.609462738037109375e-01 1.000000000000000000e+00
-1.440590143203734907e+00 -4.688534259796142578e+00 -7.768535614013671875e-01 9.000000000000000000e+00
-1.940209388732909934e+00 -6.306749343872070312e+00 -8.101873993873596191e-01 1.000000000000000000e+01
-7.677566051483154297e+00 -2.490990257263183949e+01 -1.366073131561279075e+00 1.200000000000000000e+01
-1.438885307312012074e+01 -4.662688064575195312e+01 -8.517472147941589355e-01 1.300000000000000000e+01
-1.165027499198914018e+00 -3.749690771102904829e+00 -7.632359862327575684e-01 1.000000000000000000e+00
-1.454600334167480025e+00 -4.675932407379150391e+00 -7.756021022796630859e-01 9.000000000000000000e+00
-1.950405955314636008e+00 -6.262032508850097656e+00 -8.053126335144042969e-01 1.000000000000000000e+01
-3.452575206756591797e+00 -1.107813262939452947e+01 -1.015190124511718972e+00 2.000000000000000000e+00
-7.757331848144531250e+00 -2.486007118225098012e+01 -1.364817023277282937e+00 1.200000000000000000e+01
-1.173396825790405051e+00 -3.730618953704833984e+00 -7.601830363273620605e-01 3.000000000000000000e+00
-1.474473714828490989e+00 -4.682131290435791016e+00 -7.774792909622192383e-01 9.000000000000000000e+00
-1.949569344520569070e+00 -6.183244228363037109e+00 -7.960505485534667969e-01 1.000000000000000000e+01
-3.509207725524901900e+00 -1.112301540374756037e+01 -1.020419478416443093e+00 2.000000000000000000e+00
-7.840453147888183594e+00 -2.482141494750976918e+01 -1.364189028739928977e+00 1.200000000000000000e+01
-1.187603235244750977e+00 -3.730241775512694868e+00 -7.609462738037109375e-01 4.000000000000000000e+00
-1.492008209228516069e+00 -4.680719852447509766e+00 -7.781050205230712891e-01 1.000000000000000000e+01
-1.945189118385314941e+00 -6.095082759857177734e+00 -7.855697870254516602e-01 1.200000000000000000e+01
-7.918532848358154297e+00 -2.476726150512694957e+01 -1.362723588943481001e+00 1.200000000000000000e+01
-1.191585183143615945e+00 -3.698043823242187944e+00 -7.552220225334167480e-01 6.000000000000000000e+00
-1.504698991775512917e+00 -4.664203643798828125e+00 -7.762278318405151367e-01 9.000000000000000000e+00
-1.391262245178223012e+01 -4.310002517700195312e+01 5.560898303985595703e+00 3.800000000000000000e+01
-1.953030109405518022e+00 -6.046697616577148438e+00 -7.802075147628784180e-01 1.200000000000000000e+01
-3.581873178482056108e+00 -1.108307838439941051e+01 -1.019024968147278054e+00 2.000000000000000000e+00
-8.044289588928222656e+00 -2.486108589172362926e+01 -1.369422674179076926e+00 1.200000000000000000e+01
-1.207529664039612038e+00 -3.703194618225098100e+00 -7.571300864219665527e-01 6.000000000000000000e+00
-1.522197008132935014e+00 -4.662678718566895419e+00 -7.768535614013671875e-01 9.000000000000000000e+00
-1.953156590461730957e+00 -5.975690364837645596e+00 -7.719204425811767578e-01 1.300000000000000000e+01
-3.603197574615478960e+00 -1.101748466491699041e+01 -1.014144182205199973e+00 2.000000000000000000e+00
-8.159610748291015625e+00 -2.492016792297362926e+01 -1.374237537384032981e+00 1.200000000000000000e+01
-1.219833731651305930e+00 -3.697092533111571822e+00 -7.567484974861145020e-01 7.000000000000000000e+00
-1.535985112190247026e+00 -4.649833679199218750e+00 -7.756021022796630859e-01 9.000000000000000000e+00
-1.421317577362061080e+01 -4.300184631347656250e+01 5.560898303985595703e+00 3.800000000000000000e+01
-1.954058051109313965e+00 -5.908525943756104404e+00 -7.641207575798034668e-01 1.300000000000000000e+01
-1.448911857604979936e+01 -4.381104660034179688e+01 7.308618068695068359e+00 1.500000000000000000e+01
-3.635374546051024947e+00 -1.098592472076416016e+01 -1.012401103973388894e+00 2.000000000000000000e+00
-8.267905235290527344e+00 -2.495599555969237926e+01 -1.377796411514282005e+00 1.200000000000000000e+01
-9.337424278259277344e+00 -2.815133094787598012e+01 -5.177081823348999023e-01 4.000000000000000000e+00
-9.512565612792968750e+00 -2.852931213378905895e+01 5.249334573745727539e-01 2.000000000000000000e+01
-1.235218167304992898e+00 -3.700260877609252930e+00 -7.582749724388122559e-01 7.000000000000000000e+00
-1.547197580337523970e+00 -4.629456043243408203e+00 -7.730991244316101074e-01 9.000000000000000000e+00
-1.958293914794922097e+00 -5.852723598480224609e+00 -7.577835917472839355e-01 1.300000000000000000e+01
-3.688881158828734907e+00 -1.101851177215575994e+01 -1.016584634780884011e+00 2.000000000000000000e+00
-8.358776092529296875e+00 -2.493834495544433949e+01 -1.378424406051635964e+00 1.200000000000000000e+01
-9.462352752685546875e+00 -2.819818878173828125e+01 -5.191741585731506348e-01 4.000000000000000000e+00
-1.247481942176819070e+00 -3.696144580841064009e+00 -7.582749724388122559e-01 7.000000000000000000e+00
-1.568864345550537109e+00 -4.643013954162597656e+00 -7.762278318405151367e-01 9.000000000000000000e+00
-1.960516333580017090e+00 -5.795426368713378906e+00 -7.512026429176330566e-01 1.100000000000000000e+01
-3.693460226058959961e+00 -1.091185855865479049e+01 -1.007869005203247070e+00 2.000000000000000000e+00
-8.455530166625976562e+00 -2.495210456848144887e+01 -1.380727171897887962e+00 1.200000000000000000e+01
-9.487709045410156250e+00 -2.796592521667480113e+01 -5.154742598533630371e-01 4.000000000000000000e+00
-9.560086250305175781e+00 -2.800244522094726918e+01 1.550714373588562012e+00 1.500000000000000000e+01
-1.254667401313781960e+00 -3.675045728683472124e+00 -7.548403739929199219e-01 8.000000000000000000e+00
-1.587617516517638938e+00 -4.644986152648925781e+00 -7.774792909622192383e-01 9.000000000000000000e+00
-1.963381886482238992e+00 -5.737836837768554688e+00 -7.446216940879821777e-01 9.000000000000000000e+00
-3.537916421890258789e+00 -1.033340835571289062e+01 -9.555755853652954102e-01 2.000000000000000000e+00
-8.542577743530273438e+00 -2.492243766784667969e+01 -1.380727171897887962e+00 1.200000000000000000e+01
-9.621618270874023438e+00 -2.803855705261230113e+01 -5.174289345741271973e-01 4.000000000000000000e+00
-1.269410490989685059e+00 -3.676210880279541016e+00 -7.559852600097656250e-01 9.000000000000000000e+00
-1.603821873664855957e+00 -4.639416217803955078e+00 -7.774792909622192383e-01 9.000000000000000000e+00
-1.975607872009276900e+00 -5.708436965942382812e+00 -7.416968345642089844e-01 7.000000000000000000e+00
-8.629521369934082031e+00 -2.489246559143066051e+01 -1.380727171897887962e+00 1.200000000000000000e+01
-9.723365783691406250e+00 -2.801613426208496094e+01 -5.176383852958679199e-01 8.000000000000000000e+00
-1.284824252128601074e+00 -3.679171562194824219e+00 -7.575117349624633789e-01 9.000000000000000000e+00
-1.617398977279663086e+00 -4.626330375671386719e+00 -7.762278318405151367e-01 9.000000000000000000e+00
-2.001424074172974077e+00 -5.718369007110595703e+00 -7.438904643058776855e-01 5.000000000000000000e+00
-2.506301879882812944e+00 -7.156874656677246094e+00 -6.634294986724853516e-01 2.000000000000000000e+00
-8.732218742370605469e+00 -2.490742683410644887e+01 -1.383239269256592019e+00 1.200000000000000000e+01
-9.802558898925781250e+00 -2.792919158935546875e+01 -5.166610479354858398e-01 4.000000000000000000e+00
-1.296351552009582964e+00 -3.670961856842041016e+00 -7.567484974861145020e-01 9.000000000000000000e+00
-1.632221221923827903e+00 -4.616931915283203125e+00 -7.756021022796630859e-01 1.000000000000000000e+01
-2.011437892913817915e+00 -5.683277606964111328e+00 -7.402343750000000000e-01 5.000000000000000000e+00
-2.521292686462401900e+00 -7.119910717010498047e+00 -6.608148217201232910e-01 6.000000000000000000e+00
-8.825781822204589844e+00 -2.489561843872069957e+01 -1.384286046028136985e+00 1.200000000000000000e+01
-1.094487309455872026e+00 -3.066900491714477983e+00 -7.517864108085632324e-01 1.000000000000000000e+00
-1.307837367057800071e+00 -3.662716388702393022e+00 -7.559852600097656250e-01 9.000000000000000000e+00
-1.650987029075623003e+00 -4.618646621704101562e+00 -7.768535614013671875e-01 9.000000000000000000e+00
-2.020562648773192915e+00 -5.646317481994628906e+00 -7.363345623016357422e-01 9.000000000000000000e+00
-2.522623538970946822e+00 -7.045414447784423828e+00 -6.547139286994934082e-01 6.000000000000000000e+00
-8.919369697570800781e+00 -2.488346099853515980e+01 -1.385332703590393066e+00 1.200000000000000000e+01
-9.347218871116638184e-01 -2.593449115753173828e+00 -7.386695742607116699e-01 1.000000000000000000e+00
-1.105186104774475098e+00 -3.063061237335205078e+00 -7.517864108085632324e-01 4.000000000000000000e+00
-1.319281339645385964e+00 -3.654435634613037109e+00 -7.552220225334167480e-01 9.000000000000000000e+00
-1.671127557754517046e+00 -4.624001979827880859e+00 -7.787307500839233398e-01 1.000000000000000000e+01
-2.044987201690673828e+00 -5.652297019958496094e+00 -7.380407452583312988e-01 1.100000000000000000e+01
-2.551270246505736861e+00 -7.047806262969970703e+00 -6.557598114013671875e-01 1.000000000000000000e+00
-9.021144866943359375e+00 -2.489348602294921875e+01 -1.387635588645935059e+00 1.200000000000000000e+01
-9.384781122207641602e-01 -2.575649499893188032e+00 -7.345284223556518555e-01 2.000000000000000000e+00
-1.108525872230530007e+00 -3.039046525955200195e+00 -7.468374967575073242e-01 6.000000000000000000e+00
-1.332702755928039995e+00 -3.651652574539185014e+00 -7.556036114692687988e-01 9.000000000000000000e+00
-1.687258124351501021e+00 -4.618140697479248047e+00 -7.787307500839233398e-01 1.000000000000000000e+01
-2.056522369384766069e+00 -5.622752189636229581e+00 -7.351158857345581055e-01 1.500000000000000000e+01
-3.890487670898437944e+00 -1.063125705718993963e+01 -9.904378652572631836e-01 2.000000000000000000e+00
-9.107984542846679688e+00 -2.486184310913085938e+01 -1.387635588645935059e+00 1.200000000000000000e+01
-9.501338601112365723e-01 -2.579609155654906782e+00 -7.365990281105041504e-01 4.000000000000000000e+00
-1.117779016494750977e+00 -3.031501770019530806e+00 -7.459377050399780273e-01 8.000000000000000000e+00
-1.345441341400146040e+00 -3.646978378295897993e+00 -7.556036114692687988e-01 9.000000000000000000e+00
-1.693787097930907981e+00 -4.586280345916748047e+00 -7.743505835533142090e-01 9.000000000000000000e+00
-2.085085868835449219e+00 -5.639744281768798828e+00 -7.382844686508178711e-01 1.800000000000000000e+01
-3.902689695358275923e+00 -1.055034160614014027e+01 -9.841626286506652832e-01 2.000000000000000000e+00
-9.203036308288574219e+00 -2.485237503051758168e+01 -1.388891577720642090e+00 1.200000000000000000e+01
-9.591326117515563965e-01 -2.576276779174805132e+00 -7.365990281105041504e-01 7.000000000000000000e+00
-1.129034638404845969e+00 -3.029407501220703125e+00 -7.463876008987426758e-01 9.000000000000000000e+00
-1.359535336494446023e+00 -3.645938634872436968e+00 -7.563668489456176758e-01 9.000000000000000000e+00
-1.716694116592407005e+00 -4.598846435546875000e+00 -7.774792909622192383e-01 9.000000000000000000e+00
-2.074880123138428178e+00 -5.552473068237304688e+00 -7.278037071228027344e-01 2.000000000000000000e+01
-9.312134742736816406e+00 -2.487995529174805043e+01 -1.392241120338439941e+00 1.200000000000000000e+01
-9.681196212768554688e-01 -2.572913169860839844e+00 -7.365990281105041504e-01 9.000000000000000000e+00
-1.139602422714232954e+00 -3.025448083877563032e+00 -7.463876008987426758e-01 9.000000000000000000e+00
-1.369484305381774902e+00 -3.633822202682495117e+00 -7.548403739929199219e-01 9.000000000000000000e+00
-1.735525727272033913e+00 -4.600218772888183594e+00 -7.787307500839233398e-01 1.000000000000000000e+01
-2.092145204544066939e+00 -5.539625644683837891e+00 -7.270724773406982422e-01 1.600000000000000000e+01
-9.425777435302734375e+00 -2.491828536987305043e+01 -1.396218657493591087e+00 1.200000000000000000e+01
-9.784681797027587891e-01 -2.573129653930664062e+00 -7.376343011856079102e-01 1.100000000000000000e+01
-1.152236104011536089e+00 -3.026915311813354048e+00 -7.477372884750366211e-01 1.000000000000000000e+01
-1.380762815475464089e+00 -3.625350475311278853e+00 -7.540771365165710449e-01 1.000000000000000000e+01
-1.751572966575623003e+00 -4.594132423400878906e+00 -7.787307500839233398e-01 9.000000000000000000e+00
-2.107222318649291992e+00 -5.521161079406738281e+00 -7.256100773811340332e-01 1.800000000000000000e+01
-2.689519643783568892e+00 -7.043155670166015625e+00 -6.595946550369262695e-01 1.000000000000000000e+00
-9.515553474426269531e+00 -2.489269447326660156e+01 -1.396637320518494096e+00 1.200000000000000000e+01
-9.825934767723083496e-01 -2.557075262069702148e+00 -7.340108156204223633e-01 1.200000000000000000e+01
-1.166992783546447976e+00 -3.033787727355957031e+00 -7.504367232322692871e-01 1.100000000000000000e+01
-1.395524740219115989e+00 -3.626005172729492188e+00 -7.552220225334167480e-01 9.000000000000000000e+00
-1.767598748207092063e+00 -4.587990283966063565e+00 -7.787307500839233398e-01 1.000000000000000000e+01
-2.122196197509766069e+00 -5.502659320831298828e+00 -7.241476178169250488e-01 1.800000000000000000e+01
-3.977889776229857954e+00 -1.030894184112549006e+01 -9.667314887046813965e-01 2.000000000000000000e+00
-9.585115432739257812e+00 -2.481461334228515980e+01 -1.394125223159790039e+00 1.200000000000000000e+01
-9.936110973358154297e-01 -2.559032440185546875e+00 -7.355637550354003906e-01 1.200000000000000000e+01
-1.174751639366149902e+00 -3.022430419921875000e+00 -7.486370801925659180e-01 1.100000000000000000e+01
-1.406750321388245073e+00 -3.617452383041381836e+00 -7.544587850570678711e-01 9.000000000000000000e+00
-1.780736684799193892e+00 -4.574429035186767578e+00 -7.774792909622192383e-01 9.000000000000000000e+00
-2.114001989364624023e+00 -5.424932479858398438e+00 -7.148855924606323242e-01 1.600000000000000000e+01
-9.692008018493652344e+00 -2.483309936523437855e+01 -1.397055983543395996e+00 1.200000000000000000e+01
-1.002537727355957031e+00 -2.555548429489136186e+00 -7.355637550354003906e-01 1.100000000000000000e+01
-1.181020855903625044e+00 -3.007427930831909180e+00 -7.459377050399780273e-01 1.100000000000000000e+01
-1.420086979866028054e+00 -3.614347219467163086e+00 -7.548403739929199219e-01 8.000000000000000000e+00
-1.798862695693969949e+00 -4.573700428009033203e+00 -7.784178853034973145e-01 1.000000000000000000e+01
-2.145288467407227007e+00 -5.448920726776123047e+00 -7.190291285514831543e-01 1.500000000000000000e+01
-4.003028392791748047e+00 -1.016228008270264027e+01 -9.555755853652954102e-01 2.000000000000000000e+00
-9.806473731994628906e+00 -2.486972236633301137e+01 -1.401033520698546919e+00 1.200000000000000000e+01
-1.013587474822998047e+00 -2.557421207427978960e+00 -7.371166348457336426e-01 1.100000000000000000e+01
-1.193667411804198997e+00 -3.008721351623535156e+00 -7.472873926162719727e-01 1.200000000000000000e+01
-1.433418989181518999e+00 -3.611192941665648970e+00 -7.552220225334167480e-01 9.000000000000000000e+00
-1.819193482398987038e+00 -4.578407764434813565e+00 -7.802951335906982422e-01 1.000000000000000000e+01
-2.180436134338378906e+00 -5.481978893280029297e+00 -7.243914008140563965e-01 1.500000000000000000e+01
-9.930181503295898438e+00 -2.492811203002930043e+01 -1.406267166137695090e+00 1.200000000000000000e+01
-1.020627140998840110e+00 -2.550458908081055132e+00 -7.360813617706298828e-01 1.000000000000000000e+01
-1.202913522720336914e+00 -3.002937316894530806e+00 -7.468374967575073242e-01 1.000000000000000000e+01
-1.444655895233154075e+00 -3.604597330093383789e+00 -7.548403739929199219e-01 8.000000000000000000e+00
-1.832159519195557085e+00 -4.566850185394287109e+00 -7.793564796447753906e-01 1.000000000000000000e+01
-2.193424701690673828e+00 -5.461823463439941406e+00 -7.226852178573608398e-01 1.600000000000000000e+01
-2.736527681350708008e+00 -6.810760974884033203e+00 -6.421635150909423828e-01 1.000000000000000000e+00
-1.003813076019286932e+01 -2.495804786682128906e+01 -1.409826040267943892e+00 1.200000000000000000e+01
-1.029523730278014915e+00 -2.546880722045897993e+00 -7.360813617706298828e-01 1.000000000000000000e+01
-1.213388442993164062e+00 -2.998720169067382812e+00 -7.468374967575073242e-01 1.100000000000000000e+01
-1.455019354820251021e+00 -3.594073057174683061e+00 -7.536955475807189941e-01 9.000000000000000000e+00
-1.846605777740478960e+00 -4.556765079498291016e+00 -7.787307500839233398e-01 9.000000000000000000e+00
-2.222177028656005859e+00 -5.478047370910645419e+00 -7.258538007736206055e-01 1.500000000000000000e+01
-4.107460021972656250e+00 -1.012052059173583984e+01 -9.555755853652954102e-01 2.000000000000000000e+00
-1.016277694702148082e+01 -2.501537513732910156e+01 -1.415059566497802956e+00 1.200000000000000000e+01
-1.039582133293152078e+00 -2.544878482818603960e+00 -7.365990281105041504e-01 1.100000000000000000e+01
-1.227321386337280051e+00 -3.001467704772949219e+00 -7.486370801925659180e-01 1.400000000000000000e+01
-1.471899390220642090e+00 -3.597801446914672852e+00 -7.556036114692687988e-01 8.000000000000000000e+00
-1.861048936843872070e+00 -4.544482231140136719e+00 -7.777921557426452637e-01 1.000000000000000000e+01
-2.238475561141968218e+00 -5.460681915283203125e+00 -7.246351242065429688e-01 2.000000000000000000e+01
-1.026349639892577947e+01 -2.500012969970703125e+01 -1.416315674781799094e+00 1.200000000000000000e+01
-1.050669431686400923e+00 -2.546591758728026900e+00 -7.381519079208374023e-01 1.100000000000000000e+01
-1.231840014457703081e+00 -2.982755899429320845e+00 -7.450379133224487305e-01 1.100000000000000000e+01
-1.485948562622070090e+00 -3.596270561218262163e+00 -7.563668489456176758e-01 8.000000000000000000e+00
-1.876900792121886985e+00 -4.537958621978759766e+00 -7.777921557426452637e-01 1.000000000000000000e+01
-2.256763935089110884e+00 -5.451000690460205078e+00 -7.243914008140563965e-01 2.000000000000000000e+01
-4.130978107452392578e+00 -9.973063468933105469e+00 -9.444196224212646484e-01 2.000000000000000000e+00
-1.035988044738770064e+01 -2.498629188537598012e+01 -1.417571663856505904e+00 1.200000000000000000e+01
-1.059851169586182085e+00 -2.544877052307128906e+00 -7.386695742607116699e-01 1.100000000000000000e+01
-1.238725185394287109e+00 -2.971459627151488814e+00 -7.432382702827453613e-01 1.100000000000000000e+01
-1.495598912239074929e+00 -3.585887193679810014e+00 -7.552220225334167480e-01 9.000000000000000000e+00
-1.894983053207397017e+00 -4.539000988006591797e+00 -7.790436148643493652e-01 1.000000000000000000e+01
-2.250334262847899947e+00 -5.384876251220703125e+00 -7.165917158126831055e-01 2.400000000000000000e+01
-4.136359214782714844e+00 -9.893135070800781250e+00 -9.381443858146667480e-01 2.000000000000000000e+00
-1.045193386077881037e+01 -2.497390937805176137e+01 -1.418827772140502930e+00 1.300000000000000000e+01
-1.070225834846497026e+00 -2.544723510742187944e+00 -7.397048473358154297e-01 1.100000000000000000e+01
-1.253626585006714089e+00 -2.977894067764281782e+00 -7.459377050399780273e-01 1.100000000000000000e+01
-1.506582736968993919e+00 -3.577026128768920898e+00 -7.544587850570678711e-01 9.000000000000000000e+00
-1.909280776977539062e+00 -4.528717994689941406e+00 -7.784178853034973145e-01 1.300000000000000000e+01
-2.275291681289672852e+00 -5.391619682312011719e+00 -7.185416221618652344e-01 1.500000000000000000e+01
-4.170867443084716797e+00 -9.878635406494140625e+00 -9.381443858146667480e-01 2.000000000000000000e+00
-1.056859111785889027e+01 -2.500718116760253906e+01 -1.422805309295654075e+00 1.300000000000000000e+01
-1.070040345191956010e+00 -2.519634485244750977e+00 -7.334931492805480957e-01 1.200000000000000000e+01
-1.268587946891784890e+00 -2.984260559082030806e+00 -7.486370801925659180e-01 1.300000000000000000e+01
-1.517522931098937988e+00 -3.568132162094116211e+00 -7.536955475807189941e-01 9.000000000000000000e+00
-1.923529863357543945e+00 -4.518391132354736328e+00 -7.777921557426452637e-01 2.200000000000000000e+01
-2.297989130020142046e+00 -5.392775535583496094e+00 -7.197603583335876465e-01 2.200000000000000000e+01
-4.205325126647949219e+00 -9.864016532897949219e+00 -9.381443858146667480e-01 2.000000000000000000e+00
-1.067619991302490057e+01 -2.501789855957030895e+01 -1.425526738166809082e+00 1.300000000000000000e+01
-1.084158420562743919e+00 -2.528312444686890093e+00 -7.371166348457336426e-01 1.300000000000000000e+01
-1.275154113769531028e+00 -2.970860481262207031e+00 -7.463876008987426758e-01 1.300000000000000000e+01
-1.536940813064574973e+00 -3.579048871994018999e+00 -7.571300864219665527e-01 9.000000000000000000e+00
-1.940850377082824929e+00 -4.515278816223145419e+00 -7.784178853034973145e-01 1.000000000000000000e+01
-2.305031061172484907e+00 -5.357368946075438565e+00 -7.161042690277099609e-01 2.800000000000000000e+01
-4.219249248504638672e+00 -9.801695823669433594e+00 -9.336122870445251465e-01 2.000000000000000000e+00
-1.077452754974365057e+01 -2.500615882873535156e+01 -1.426992177963257058e+00 1.300000000000000000e+01
-1.096814990043639915e+00 -2.533376693725585938e+00 -7.397048473358154297e-01 1.200000000000000000e+01
-1.280092477798461914e+00 -2.953874826431273970e+00 -7.432382702827453613e-01 1.100000000000000000e+01
-1.548643708229064941e+00 -3.571860790252685991e+00 -7.567484974861145020e-01 9.000000000000000000e+00
-1.947162866592407005e+00 -4.486731052398681641e+00 -7.746634483337402344e-01 2.800000000000000000e+01
-2.318181276321411133e+00 -5.336545467376708984e+00 -7.143980860710144043e-01 2.800000000000000000e+01
-4.205789089202880859e+00 -9.677271842956542969e+00 -9.231536388397216797e-01 2.000000000000000000e+00
-1.086653041839599965e+01 -2.497938537597655895e+01 -1.427620172500609907e+00 1.300000000000000000e+01
-1.103330254554748979e+00 -2.524222373962401900e+00 -7.381519079208374023e-01 1.300000000000000000e+01
-1.291957855224608931e+00 -2.952959060668944868e+00 -7.441380620002746582e-01 1.100000000000000000e+01
-1.557953476905822976e+00 -3.559239387512207031e+00 -7.552220225334167480e-01 9.000000000000000000e+00
-1.962019920349121094e+00 -4.478097915649414062e+00 -7.743505835533142090e-01 2.200000000000000000e+01
-2.335200548171997070e+00 -5.324784755706787109e+00 -7.139106392860412598e-01 2.800000000000000000e+01
-4.247549057006835938e+00 -9.680776596069335938e+00 -9.248967170715332031e-01 2.000000000000000000e+00
-1.096650791168213068e+01 -2.497056007385253906e+01 -1.429294943809509055e+00 1.300000000000000000e+01
-1.111694812774657981e+00 -2.520549535751343218e+00 -7.381519079208374023e-01 1.500000000000000000e+01
-1.303317189216613992e+00 -2.952224016189575195e+00 -7.450379133224487305e-01 1.100000000000000000e+01
-1.571334123611449973e+00 -3.557645082473754883e+00 -7.559852600097656250e-01 9.000000000000000000e+00
-1.978456497192383035e+00 -4.475180149078369141e+00 -7.749763131141662598e-01 2.400000000000000000e+01
-2.357665061950684038e+00 -5.327903747558593750e+00 -7.153730392456054688e-01 2.200000000000000000e+01
-4.289307117462158203e+00 -9.688500404357910156e+00 -9.269884824752807617e-01 2.000000000000000000e+00
-1.104439830780028942e+01 -2.492310142517089844e+01 -1.428666949272155984e+00 1.300000000000000000e+01
-1.114986181259155051e+00 -2.504299879074097124e+00 -7.345284223556518555e-01 1.100000000000000000e+01
-1.316787362098694070e+00 -2.954776525497436968e+00 -7.468374967575073242e-01 1.200000000000000000e+01
-1.582144141197205034e+00 -3.548552274703979048e+00 -7.552220225334167480e-01 9.000000000000000000e+00
-1.999700903892517090e+00 -4.480874061584472656e+00 -7.771664261817932129e-01 2.100000000000000000e+01
-2.374629497528076172e+00 -5.316016197204589844e+00 -7.148855924606323242e-01 2.000000000000000000e+01
-4.293834686279296875e+00 -9.607984542846679688e+00 -9.207132458686828613e-01 2.000000000000000000e+00
-9.965104103088378906e+00 -2.227726936340332031e+01 -1.278986096382140891e+00 1.000000000000000000e+01
-1.123365163803101030e+00 -2.498434543609619141e+00 -7.340108156204223633e-01 1.300000000000000000e+01
-1.326008796691894975e+00 -2.946376323699951172e+00 -7.459377050399780273e-01 1.100000000000000000e+01
-1.595139622688293013e+00 -3.542729616165161133e+00 -7.552220225334167480e-01 9.000000000000000000e+00
-2.009617567062377930e+00 -4.459107398986816406e+00 -7.746634483337402344e-01 1.500000000000000000e+01
-2.031677007675170898e+00 -4.503857135772705078e+00 -6.066656112670898438e-01 1.000000000000000000e+00
-4.292959690093994141e+00 -9.512277603149414062e+00 -9.130435585975646973e-01 2.000000000000000000e+00
-1.135272979736327903e+00 -2.501534700393677202e+00 -7.360813617706298828e-01 1.300000000000000000e+01
-1.331449747085571067e+00 -2.931084156036376953e+00 -7.432382702827453613e-01 1.200000000000000000e+01
-1.609120845794677956e+00 -3.540714740753173828e+00 -7.559852600097656250e-01 1.000000000000000000e+01
-2.025170564651488814e+00 -4.452064990997313565e+00 -7.746634483337402344e-01 1.800000000000000000e+01
-2.421657085418701172e+00 -5.318760871887207031e+00 -7.175666689872741699e-01 1.800000000000000000e+01
-4.309618949890136719e+00 -9.460971832275390625e+00 -9.095573425292968750e-01 2.000000000000000000e+00
-1.145606994628906028e+00 -2.501069307327270952e+00 -7.371166348457336426e-01 1.200000000000000000e+01
-1.343297243118285911e+00 -2.929961681365966797e+00 -7.441380620002746582e-01 1.100000000000000000e+01
-1.622288942337035911e+00 -3.536860704421997070e+00 -7.563668489456176758e-01 1.100000000000000000e+01
-2.041522979736328125e+00 -4.446763992309570312e+00 -7.749763131141662598e-01 1.300000000000000000e+01
-2.407053470611571822e+00 -5.238124847412109375e+00 -7.078171372413635254e-01 1.600000000000000000e+01
-4.062985897064208984e+00 -8.837627410888671875e+00 -8.509886860847473145e-01 1.000000000000000000e+00
-1.151087880134582964e+00 -2.490041017532349077e+00 -7.350460886955261230e-01 1.200000000000000000e+01
-1.355153203010559082e+00 -2.928791999816894975e+00 -7.450379133224487305e-01 1.100000000000000000e+01
-1.628851890563965066e+00 -3.518704891204833984e+00 -7.536955475807189941e-01 1.000000000000000000e+01
-1.369722557067870916e+01 -2.957570266723633168e+01 2.851561546325684038e+00 3.400000000000000000e+01
-2.065337181091309038e+00 -4.457534313201904297e+00 -7.781050205230712891e-01 1.600000000000000000e+01
-1.376253604888916016e+01 -2.968954277038573863e+01 4.018032073974609375e+00 1.600000000000000000e+01
-2.428663730621337891e+00 -5.236894130706787109e+00 -7.087920904159545898e-01 2.000000000000000000e+01
-4.093810081481933594e+00 -8.823390960693359375e+00 -8.509886860847473145e-01 1.000000000000000000e+00
-1.158572554588318093e+00 -2.482304096221923828e+00 -7.340108156204223633e-01 1.200000000000000000e+01
-1.368353128433227983e+00 -2.929102182388306108e+00 -7.463876008987426758e-01 1.300000000000000000e+01
-1.645062685012816939e+00 -3.519825696945189986e+00 -7.552220225334167480e-01 1.100000000000000000e+01
-2.076638936996459961e+00 -4.439198493957520419e+00 -7.762278318405151367e-01 2.100000000000000000e+01
-1.396886920928955078e+01 -2.984745979309082031e+01 4.046306133270263672e+00 1.700000000000000000e+01
-2.447841644287108931e+00 -5.227957725524902344e+00 -7.087920904159545898e-01 1.800000000000000000e+01
-4.357698917388916016e+00 -9.302690505981445312e+00 -8.987500071525573730e-01 2.000000000000000000e+00
-1.172169208526611106e+00 -2.488731145858765093e+00 -7.371166348457336426e-01 1.500000000000000000e+01
-1.377738237380981001e+00 -2.922545194625854048e+00 -7.459377050399780273e-01 1.200000000000000000e+01
-1.658176660537719949e+00 -3.515837430953979048e+00 -7.556036114692687988e-01 9.000000000000000000e+00
-2.090435504913330078e+00 -4.428349971771240234e+00 -7.756021022796630859e-01 1.300000000000000000e+01
-2.456747531890869141e+00 -5.199637889862061435e+00 -7.061109542846679688e-01 1.800000000000000000e+01
-4.378224372863770419e+00 -9.262205123901367188e+00 -8.963096737861633301e-01 2.000000000000000000e+00
-1.178757786750793013e+00 -2.481340408325194868e+00 -7.360813617706298828e-01 1.500000000000000000e+01
-1.382401347160338911e+00 -2.907400846481322798e+00 -7.432382702827453613e-01 1.100000000000000000e+01
-1.669826388359070046e+00 -3.510319471359252930e+00 -7.556036114692687988e-01 1.000000000000000000e+01
-2.112751483917235884e+00 -4.437445640563964844e+00 -7.784178853034973145e-01 1.500000000000000000e+01
-1.411365985870360973e+01 -2.962981986999512074e+01 4.029731750488281250e+00 1.600000000000000000e+01
-2.470560550689696822e+00 -5.184294700622558594e+00 -7.051360011100769043e-01 1.600000000000000000e+01
-4.443212032318115234e+00 -9.319573402404785156e+00 -9.032821059226989746e-01 2.000000000000000000e+00
-1.205853843688965021e+01 -2.526989936828612926e+01 -1.467395544052124023e+00 1.300000000000000000e+01
-1.193257331848144975e+00 -2.489405155181885210e+00 -7.397048473358154297e-01 1.500000000000000000e+01
-1.392541646957397017e+00 -2.902557611465454102e+00 -7.432382702827453613e-01 1.100000000000000000e+01
-1.420473957061767933e+01 -2.960778427124023082e+01 1.721015572547913042e+00 1.700000000000000000e+01
-1.682919144630431907e+00 -3.506239175796508789e+00 -7.559852600097656250e-01 1.000000000000000000e+01
-2.125662088394165039e+00 -4.424701690673828125e+00 -7.774792909622192383e-01 1.300000000000000000e+01
-1.408629417419433949e+01 -2.930842018127441051e+01 3.992683410644530806e+00 1.600000000000000000e+01
-2.464555740356444868e+00 -5.125546455383300781e+00 -6.983113288879394531e-01 1.900000000000000000e+01
-1.206002902984618963e+01 -2.504770088195801137e+01 -1.456928372383117898e+00 1.300000000000000000e+01
-1.199416399002074973e+00 -2.480007171630858931e+00 -7.381519079208374023e-01 1.500000000000000000e+01
-1.404363155364990012e+00 -2.901187181472777876e+00 -7.441380620002746582e-01 1.300000000000000000e+01
-1.690013647079467995e+00 -3.489741563796997070e+00 -7.536955475807189941e-01 1.000000000000000000e+01
-2.145402193069458008e+00 -4.426142692565917969e+00 -7.790436148643493652e-01 1.200000000000000000e+01
-1.416945838928223012e+01 -2.921977424621582031e+01 3.987321138381958008e+00 1.600000000000000000e+01
-2.508426189422606978e+00 -5.170492649078369141e+00 -7.056235074996948242e-01 2.000000000000000000e+01
-4.476847171783447266e+00 -9.223799705505371094e+00 -8.970069289207458496e-01 2.000000000000000000e+00
-1.215437030792235973e+01 -2.501982307434082031e+01 -1.457765698432921919e+00 1.300000000000000000e+01
-1.202982902526855025e+00 -2.465388298034667969e+00 -7.350460886955261230e-01 1.400000000000000000e+01
-1.417902350425719993e+00 -2.903271675109862837e+00 -7.459377050399780273e-01 1.200000000000000000e+01
-1.701323032379149947e+00 -3.482057094573975053e+00 -7.533138990402221680e-01 1.100000000000000000e+01
-2.158235788345336914e+00 -4.413303375244140625e+00 -7.781050205230712891e-01 1.300000000000000000e+01
-2.514241695404053178e+00 -5.136743545532226562e+00 -7.022111415863037109e-01 2.000000000000000000e+01
-1.436194324493408025e+01 -2.932932853698730113e+01 5.172348976135253906e+00 1.300000000000000000e+01
-4.496749877929688388e+00 -9.183065414428710938e+00 -8.945665359497070312e-01 2.000000000000000000e+00
-1.220471382141112926e+01 -2.490191841125487926e+01 -1.453369498252869096e+00 1.300000000000000000e+01
-1.214994311332703081e+00 -2.468106985092163086e+00 -7.371166348457336426e-01 1.400000000000000000e+01
-1.428028106689452903e+00 -2.898304462432860884e+00 -7.459377050399780273e-01 1.100000000000000000e+01
-1.466407299041748047e+01 -2.976198387145996094e+01 1.738809823989867942e+00 1.700000000000000000e+01
-1.717807412147521973e+00 -3.484901905059814009e+00 -7.552220225334167480e-01 1.200000000000000000e+01
-2.173627853393555132e+00 -4.405742645263671875e+00 -7.781050205230712891e-01 1.300000000000000000e+01
-2.571708202362060991e+00 -5.208032131195068359e+00 -7.131794095039367676e-01 2.200000000000000000e+01
-1.437516021728515980e+01 -2.911150550842285156e+01 5.142313957214354581e+00 1.200000000000000000e+01
-4.484654426574707031e+00 -9.077997207641601562e+00 -8.858509659767150879e-01 1.000000000000000000e+00
-1.227031803131104049e+01 -2.481619644165039062e+01 -1.450857400894165039e+00 1.300000000000000000e+01
-1.451487064361572088e+01 -2.932993507385253906e+01 -5.712172389030456543e-01 1.700000000000000000e+01
-1.225320696830749956e+00 -2.467311143875122070e+00 -7.381519079208374023e-01 1.100000000000000000e+01
-1.458049869537354049e+01 -2.934649848937987926e+01 5.719851851463317871e-01 2.400000000000000000e+01
-1.433799386024475098e+00 -2.884576797485352007e+00 -7.436881661415100098e-01 1.200000000000000000e+01
-1.458296298980713068e+01 -2.933860588073730113e+01 1.717038035392761008e+00 1.700000000000000000e+01
-1.729087352752685991e+00 -3.477126598358153853e+00 -7.548403739929199219e-01 1.100000000000000000e+01
-2.183712482452393022e+00 -4.387517929077148438e+00 -7.762278318405151367e-01 1.300000000000000000e+01
-1.454191017150879084e+01 -2.920484542846680043e+01 4.005845546722412109e+00 1.600000000000000000e+01
-2.555351972579956055e+00 -5.129726886749267578e+00 -7.036736011505126953e-01 2.400000000000000000e+01
-1.456476974487305043e+01 -2.923796272277832031e+01 5.173600673675537109e+00 1.300000000000000000e+01
-4.516315460205078125e+00 -9.062287330627441406e+00 -8.858509659767150879e-01 1.000000000000000000e+00
-1.236934852600098012e+01 -2.479823493957519887e+01 -1.452322840690613015e+00 1.300000000000000000e+01
-1.237387061119080034e+00 -2.469928026199340820e+00 -7.402224540710449219e-01 1.100000000000000000e+01
-1.446480154991149902e+00 -2.884780406951903853e+00 -7.450379133224487305e-01 1.100000000000000000e+01
-1.741214275360106978e+00 -3.471069812774658203e+00 -7.548403739929199219e-01 1.200000000000000000e+01
-1.430846691131591975e+01 -2.851117515563964844e+01 2.790901184082030806e+00 3.200000000000000000e+01
-2.200787305831909180e+00 -4.383399486541748047e+00 -7.768535614013671875e-01 1.300000000000000000e+01
-1.400936603546142933e+01 -2.789089584350585938e+01 3.832303285598754883e+00 1.500000000000000000e+01
-2.583047151565552202e+00 -5.140286445617675781e+00 -7.063547372817993164e-01 2.600000000000000000e+01
-1.473769760131835938e+01 -2.932814979553223012e+01 5.198630332946777344e+00 1.300000000000000000e+01
-4.547921180725097656e+00 -9.046467781066894531e+00 -8.858509659767150879e-01 1.000000000000000000e+00
-1.476857852935791016e+01 -2.936404991149901988e+01 6.389048576354979581e+00 5.700000000000000000e+01
-1.250610733032226918e+01 -2.485481834411621094e+01 -1.458184361457824929e+00 1.300000000000000000e+01
-1.244258522987365945e+00 -2.462145328521728960e+00 -7.391871809959411621e-01 1.200000000000000000e+01
-1.452143311500549094e+00 -2.871018886566162109e+00 -7.427883744239807129e-01 1.200000000000000000e+01
-1.465942192077637074e+01 -2.898300361633301137e+01 1.702174663543700950e+00 1.700000000000000000e+01
-1.747115015983581987e+00 -3.452708244323730025e+00 -7.521690726280212402e-01 1.100000000000000000e+01
-1.447269344329833984e+01 -2.858904266357421875e+01 2.803451538085937944e+00 3.300000000000000000e+01
-2.219644784927368164e+00 -4.382739543914794922e+00 -7.781050205230712891e-01 1.200000000000000000e+01
-1.418379688262938920e+01 -2.799411010742187855e+01 3.853264808654785156e+00 1.600000000000000000e+01
-2.598281860351562944e+00 -5.125926971435546875e+00 -7.056235074996948242e-01 2.400000000000000000e+01
-1.483462333679199041e+01 -2.926595497131348012e+01 5.196753025054931641e+00 1.300000000000000000e+01
-4.588482856750488281e+00 -9.048307418823242188e+00 -8.875941038131713867e-01 1.000000000000000000e+00
-1.260544586181640980e+01 -2.483594703674316051e+01 -1.459649801254272017e+00 1.300000000000000000e+01
-1.248458623886107954e+00 -2.449181318283081055e+00 -7.365990281105041504e-01 1.300000000000000000e+01
-1.468355536460876021e+00 -2.878083467483520952e+00 -7.459377050399780273e-01 1.100000000000000000e+01
-1.476555156707764027e+01 -2.892908096313476918e+01 1.702174663543700950e+00 1.700000000000000000e+01
-1.760049104690551980e+00 -3.448337316513061968e+00 -7.525506615638732910e-01 9.000000000000000000e+00
-2.234031200408935991e+00 -4.373205661773681641e+00 -7.777921557426452637e-01 1.300000000000000000e+01
-2.630617618560791016e+00 -5.145105361938476562e+00 -7.095233201980590820e-01 2.400000000000000000e+01
-1.485935401916504084e+01 -2.906273460388183949e+01 5.169846057891845703e+00 1.300000000000000000e+01
-4.592819690704345703e+00 -8.979021072387695312e+00 -8.823647499084472656e-01 1.000000000000000000e+00
-1.270662498474120916e+01 -2.482024002075194957e+01 -1.461324572563170943e+00 1.300000000000000000e+01
-1.256116986274719016e+00 -2.443090438842772993e+00 -7.360813617706298828e-01 1.100000000000000000e+01
-1.474826216697693093e+00 -2.866009473800659180e+00 -7.441380620002746582e-01 1.100000000000000000e+01
-1.486644268035889027e+01 -2.887736320495605113e+01 1.702174663543700950e+00 1.700000000000000000e+01
-1.777467012405395952e+00 -3.452645778656005859e+00 -7.548403739929199219e-01 9.000000000000000000e+00
-2.242044687271118164e+00 -4.351333141326904297e+00 -7.752892374992370605e-01 1.300000000000000000e+01
-2.666758298873900923e+00 -5.171177864074707031e+00 -7.143980860710144043e-01 2.400000000000000000e+01
-1.488788414001465021e+01 -2.885710334777832031e+01 5.142939567565917969e+00 1.200000000000000000e+01
-4.642404556274414062e+00 -8.998347282409667969e+00 -8.858509659767150879e-01 1.000000000000000000e+00
-1.282067680358887074e+01 -2.482897377014160156e+01 -1.464464783668518066e+00 1.300000000000000000e+01
-1.266878724098206010e+00 -2.444056749343872070e+00 -7.376343011856079102e-01 1.200000000000000000e+01
-1.480732560157776101e+00 -2.854183673858643022e+00 -7.423384785652160645e-01 1.200000000000000000e+01
-1.787097811698914018e+00 -3.443247318267821822e+00 -7.540771365165710449e-01 9.000000000000000000e+00
-2.261925458908081055e+00 -4.354392051696777344e+00 -7.771664261817932129e-01 1.300000000000000000e+01
-2.677482128143310991e+00 -5.149977207183837891e+00 -7.126919031143188477e-01 1.800000000000000000e+01
-1.504407501220702947e+01 -2.893638229370116832e+01 5.165465831756591797e+00 1.300000000000000000e+01
-4.672218322753906250e+00 -8.982902526855468750e+00 -8.858509659767150879e-01 1.000000000000000000e+00
-1.291216468811034979e+01 -2.480403709411621094e+01 -1.465511441230773926e+00 1.300000000000000000e+01
-1.278982400894165039e+00 -2.446467876434326172e+00 -7.397048473358154297e-01 1.300000000000000000e+01
-1.488879561424254927e+00 -2.845544338226317915e+00 -7.414386868476867676e-01 1.200000000000000000e+01
-1.509600353240966975e+01 -2.883920288085937855e+01 1.705942869186400923e+00 1.700000000000000000e+01
-1.799106121063231978e+00 -3.436988353729248047e+00 -7.540771365165710449e-01 1.000000000000000000e+01
-2.277111291885375977e+00 -4.346469879150390625e+00 -7.771664261817932129e-01 1.600000000000000000e+01
-1.514529800415039062e+01 -2.889653968811035156e+01 4.005845546722412109e+00 1.600000000000000000e+01
-2.639210700988769975e+00 -5.033357143402099609e+00 -6.978238821029663086e-01 2.600000000000000000e+01
-1.529318141937256037e+01 -2.915394020080566051e+01 5.214273452758789062e+00 1.300000000000000000e+01
-4.703546047210693359e+00 -8.966538429260253906e+00 -8.858509659767150879e-01 1.000000000000000000e+00
-1.303580474853515980e+01 -2.482954978942871094e+01 -1.469698309898376021e+00 1.300000000000000000e+01
-1.286138057708740012e+00 -2.438346147537231001e+00 -7.386695742607116699e-01 1.400000000000000000e+01
-1.508396744728087935e+00 -2.857301473617554155e+00 -7.459377050399780273e-01 1.400000000000000000e+01
-1.521466159820556996e+01 -2.880840492248535156e+01 1.707408189773560014e+00 1.700000000000000000e+01
-1.805273294448852983e+00 -3.418219089508057085e+00 -7.514058351516723633e-01 1.000000000000000000e+01
-2.291180372238159180e+00 -4.334601879119873047e+00 -7.765406966209411621e-01 1.800000000000000000e+01
-1.519171810150145951e+01 -2.872852516174316051e+01 3.990246057510375977e+00 1.600000000000000000e+01
-2.660425901412963867e+00 -5.028914451599121094e+00 -6.985550522804260254e-01 2.600000000000000000e+01
-1.312859153747558949e+01 -2.478513336181640980e+01 -1.469907641410828081e+00 1.300000000000000000e+01
-1.291919827461242898e+00 -2.428725242614746094e+00 -7.371166348457336426e-01 1.400000000000000000e+01
-1.513782501220702903e+00 -2.843418121337891069e+00 -7.436881661415100098e-01 1.200000000000000000e+01
-1.820885777473449929e+00 -3.418827772140502930e+00 -7.529323101043701172e-01 1.000000000000000000e+01
-2.311872243881226030e+00 -4.337036609649658203e+00 -7.784178853034973145e-01 1.600000000000000000e+01
-1.524520206451416016e+01 -2.858774185180664062e+01 3.978059053421020952e+00 1.600000000000000000e+01
-2.694782972335814986e+00 -5.051122665405273438e+00 -7.029423713684082031e-01 3.000000000000000000e+01
-4.767588615417479581e+00 -8.932651519775390625e+00 -8.858509659767150879e-01 1.000000000000000000e+00
-1.322067451477050959e+01 -2.474972534179687855e+01 -1.470535755157470925e+00 1.300000000000000000e+01
-1.303618311882019043e+00 -2.431237936019897017e+00 -7.391871809959411621e-01 1.600000000000000000e+01
-1.523203253746032937e+00 -2.838382482528686968e+00 -7.436881661415100098e-01 1.300000000000000000e+01
-1.836856245994568093e+00 -3.421419382095336914e+00 -7.548403739929199219e-01 1.100000000000000000e+01
-2.318761825561522993e+00 -4.315425872802734375e+00 -7.759149670600891113e-01 1.600000000000000000e+01
-1.562188529968262074e+01 -2.906157684326171875e+01 4.051180839538574219e+00 1.700000000000000000e+01
-2.705877065658568892e+00 -5.031668663024902344e+00 -7.014799118041992188e-01 2.600000000000000000e+01
-4.749986171722412109e+00 -8.829063415527343750e+00 -8.771353960037231445e-01 1.000000000000000000e+00
-1.332161235809325994e+01 -2.474091911315917969e+01 -1.472629189491271973e+00 1.300000000000000000e+01
-2.120604515075683949e+01 -3.935098648071289062e+01 -7.802621722221374512e-01 1.100000000000000000e+01
-1.315772294998168945e+00 -2.433470010757445845e+00 -7.412577271461486816e-01 1.700000000000000000e+01
-1.526609539985656960e+00 -2.821051120758057085e+00 -7.405388951301574707e-01 1.100000000000000000e+01
-1.846918582916259988e+00 -3.411533832550048828e+00 -7.540771365165710449e-01 1.100000000000000000e+01
-1.556971168518066051e+01 -2.874759101867676137e+01 2.860277175903319868e+00 3.400000000000000000e+01
-2.339457750320435014e+00 -4.317726135253906250e+00 -7.777921557426452637e-01 1.600000000000000000e+01
-2.742350101470946822e+00 -5.057093620300292969e+00 -7.063547372817993164e-01 2.600000000000000000e+01
-3.310060501098632812e+00 -6.101451396942138672e+00 -6.073012351989746094e-01 1.000000000000000000e+00
-1.341361141204833984e+01 -2.470479774475098012e+01 -1.473257184028625044e+00 1.300000000000000000e+01
-1.319634914398192915e+00 -2.420381546020507812e+00 -7.386695742607116699e-01 1.500000000000000000e+01
-1.542981624603271040e+00 -2.827679634094237837e+00 -7.436881661415100098e-01 1.200000000000000000e+01
-1.855053067207335982e+00 -3.398173332214355025e+00 -7.525506615638732910e-01 1.100000000000000000e+01
-2.350726604461669922e+00 -4.302599906921386719e+00 -7.765406966209411621e-01 1.600000000000000000e+01
-2.758081197738647017e+00 -5.044006824493408203e+00 -7.058672308921813965e-01 2.200000000000000000e+01
-4.801946640014648438e+00 -8.778207778930664062e+00 -8.753922581672668457e-01 1.000000000000000000e+00
-1.350935649871825994e+01 -2.467534446716308949e+01 -1.474303841590880904e+00 1.300000000000000000e+01
-1.328075528144835982e+00 -2.415760517120360884e+00 -7.386695742607116699e-01 1.600000000000000000e+01
-1.559418559074402078e+00 -2.834227800369263139e+00 -7.468374967575073242e-01 1.300000000000000000e+01
-1.866903543472290039e+00 -3.391677141189575195e+00 -7.525506615638732910e-01 1.100000000000000000e+01
-2.363824844360352007e+00 -4.290907382965087891e+00 -7.759149670600891113e-01 1.600000000000000000e+01
-2.769920587539672852e+00 -5.023918151855468750e+00 -7.044048309326171875e-01 1.800000000000000000e+01
-4.794067859649658203e+00 -8.691608428955078125e+00 -8.684198260307312012e-01 1.000000000000000000e+00
-1.362629508972167969e+01 -2.468399047851562855e+01 -1.477653384208678977e+00 1.300000000000000000e+01
-1.334110260009766069e+00 -2.405808210372924805e+00 -7.371166348457336426e-01 1.600000000000000000e+01
-1.566013336181641069e+00 -2.821677684783935991e+00 -7.450379133224487305e-01 1.200000000000000000e+01
-1.881228208541869895e+00 -3.388244867324829102e+00 -7.533138990402221680e-01 1.100000000000000000e+01
-2.380495548248291016e+00 -4.283941745758056641e+00 -7.762278318405151367e-01 1.800000000000000000e+01
-2.816295385360718218e+00 -5.064043045043945312e+00 -7.114732265472412109e-01 2.200000000000000000e+01
-3.374830961227416992e+00 -6.065865516662597656e+00 -6.073012351989746094e-01 1.000000000000000000e+00
-1.371667480468750000e+01 -2.463388252258301137e+01 -1.477653384208678977e+00 1.300000000000000000e+01
-1.342499971389770952e+00 -2.401136636734008789e+00 -7.371166348457336426e-01 1.500000000000000000e+01
-1.571095347404479980e+00 -2.807691097259521040e+00 -7.427883744239807129e-01 1.300000000000000000e+01
-1.893043875694274902e+00 -3.381657361984252930e+00 -7.533138990402221680e-01 1.100000000000000000e+01
-2.393503665924071822e+00 -4.272159099578857422e+00 -7.756021022796630859e-01 1.900000000000000000e+01
-2.845605373382567915e+00 -5.074959278106688565e+00 -7.143980860710144043e-01 2.400000000000000000e+01
-3.395984172821044922e+00 -6.054048061370849609e+00 -6.073012351989746094e-01 2.000000000000000000e+00
-1.383191108703612926e+01 -2.463809967041015980e+01 -1.480793595314026101e+00 1.300000000000000000e+01
-1.357513785362244096e+00 -2.408215999603271040e+00 -7.407401204109191895e-01 1.700000000000000000e+01
-1.581843972206115945e+00 -2.803887128829956055e+00 -7.432382702827453613e-01 1.300000000000000000e+01
-1.910626292228698953e+00 -3.385287284851074219e+00 -7.556036114692687988e-01 1.200000000000000000e+01
-2.411316394805908203e+00 -4.268938064575195312e+00 -7.765406966209411621e-01 1.800000000000000000e+01
-2.873071908950806108e+00 -5.082275867462158203e+00 -7.168354988098144531e-01 3.100000000000000000e+01
-3.425923347473144975e+00 -6.057765483856201172e+00 -6.088700294494628906e-01 6.000000000000000000e+00
-1.388831615447998047e+01 -2.453752136230469105e+01 -1.477653384208678977e+00 1.300000000000000000e+01
-1.365911722183227983e+00 -2.403462648391724077e+00 -7.407401204109191895e-01 1.700000000000000000e+01
-1.590658307075500044e+00 -2.796654462814331055e+00 -7.427883744239807129e-01 1.300000000000000000e+01
-1.918547868728637917e+00 -3.371771812438964844e+00 -7.540771365165710449e-01 1.100000000000000000e+01
-2.428158044815063032e+00 -4.263928413391113281e+00 -7.771664261817932129e-01 1.300000000000000000e+01
-2.873102188110352007e+00 -5.041172027587890625e+00 -7.124481797218322754e-01 2.400000000000000000e+01
-3.449021577835083008e+00 -6.049231529235839844e+00 -6.092186570167541504e-01 8.000000000000000000e+00
-1.397388362884520951e+01 -2.448889350891112926e+01 -1.477653384208678977e+00 1.300000000000000000e+01
-1.370034098625183105e+00 -2.392214298248291016e+00 -7.386695742607116699e-01 1.800000000000000000e+01
-1.602830767631530984e+00 -2.796436309814453125e+00 -7.441380620002746582e-01 1.300000000000000000e+01
-1.927765369415282981e+00 -3.361984968185424805e+00 -7.533138990402221680e-01 1.100000000000000000e+01
-2.443267583847045898e+00 -4.257565975189208984e+00 -7.774792909622192383e-01 1.200000000000000000e+01
-2.890792131423950195e+00 -5.033338546752929688e+00 -7.126919031143188477e-01 1.800000000000000000e+01
-3.492884635925292969e+00 -6.079221725463867188e+00 -6.134021282196044922e-01 8.000000000000000000e+00
-1.410479450225830078e+01 -2.452898979187012074e+01 -1.482887029647826926e+00 1.300000000000000000e+01
-1.373546481132507102e+00 -2.379052400588988814e+00 -7.360813617706298828e-01 1.600000000000000000e+01
-1.616482257843018022e+00 -2.797573566436768022e+00 -7.459377050399780273e-01 1.300000000000000000e+01
-1.937524080276489036e+00 -3.351835966110229048e+00 -7.525506615638732910e-01 1.100000000000000000e+01
-2.455146789550780806e+00 -4.243882179260253906e+00 -7.765406966209411621e-01 1.000000000000000000e+01
-2.920279979705810991e+00 -5.043832302093505859e+00 -7.156167626380920410e-01 2.200000000000000000e+01
-3.508092164993286133e+00 -6.056648254394531250e+00 -6.123562455177307129e-01 7.000000000000000000e+00
-1.424041366577148082e+01 -2.456600189208984020e+01 -1.488120555877685991e+00 1.400000000000000000e+01
-1.377955555915832964e+00 -2.367564678192139116e+00 -7.340108156204223633e-01 1.600000000000000000e+01
-1.624276041984558105e+00 -2.788546323776245117e+00 -7.450379133224487305e-01 1.300000000000000000e+01
-1.952177762985229048e+00 -3.350141048431396040e+00 -7.536955475807189941e-01 1.100000000000000000e+01
-2.462979793548583984e+00 -4.223341464996337891e+00 -7.743505835533142090e-01 1.000000000000000000e+01
-2.956880331039429155e+00 -5.066182136535645419e+00 -7.202478051185607910e-01 1.600000000000000000e+01
-3.534235477447510210e+00 -6.052968502044677734e+00 -6.132277846336364746e-01 7.000000000000000000e+00
-1.437646198272705078e+01 -2.460236549377441051e+01 -1.493354201316833052e+00 1.400000000000000000e+01
-1.395009756088257058e+00 -2.377736568450928178e+00 -7.386695742607116699e-01 1.600000000000000000e+01
-1.627092957496643066e+00 -2.771096229553223100e+00 -7.418885827064514160e-01 1.200000000000000000e+01
-1.966843008995055930e+00 -3.348384618759154829e+00 -7.548403739929199219e-01 1.100000000000000000e+01
-2.481711387634276900e+00 -4.221529960632324219e+00 -7.756021022796630859e-01 9.000000000000000000e+00
-2.972533464431763139e+00 -5.052407741546630859e+00 -7.197603583335876465e-01 2.400000000000000000e+01
-3.563427686691284180e+00 -6.054331302642822266e+00 -6.146222949028015137e-01 1.000000000000000000e+01
-1.451293659210205078e+01 -2.463807678222655895e+01 -1.498587727546691895e+00 1.400000000000000000e+01
-1.742638397216796875e+01 -2.956052780151366832e+01 -5.989665985107421875e-01 6.000000000000000000e+00
-1.403301119804382102e+00 -2.372852563858031782e+00 -7.386695742607116699e-01 1.500000000000000000e+01
-1.634770870208740012e+00 -2.762045621871947798e+00 -7.409887909889221191e-01 1.200000000000000000e+01
-1.975518345832824929e+00 -3.336430788040161133e+00 -7.536955475807189941e-01 1.200000000000000000e+01
-2.494418144226074219e+00 -4.209442615509033203e+00 -7.749763131141662598e-01 9.000000000000000000e+00
-2.984076023101807085e+00 -5.031756401062011719e+00 -7.182978987693786621e-01 3.300000000000000000e+01
-3.502194643020629883e+00 -5.903060913085938388e+00 -6.005030870437622070e-01 5.000000000000000000e+00
-1.462740230560302912e+01 -2.463535308837890980e+01 -1.501518607139586958e+00 1.400000000000000000e+01
-1.405640244483947976e+00 -2.357983350753784180e+00 -7.355637550354003906e-01 1.600000000000000000e+01
-1.650392770767211914e+00 -2.766363620758057085e+00 -7.436881661415100098e-01 1.300000000000000000e+01
-1.981115698814392090e+00 -3.319399595260620117e+00 -7.514058351516723633e-01 1.500000000000000000e+01
-2.513148546218872070e+00 -4.207493305206298828e+00 -7.762278318405151367e-01 9.000000000000000000e+00
-2.995510816574097124e+00 -5.011086463928222656e+00 -7.168354988098144531e-01 4.100000000000000000e+01
-3.595381975173950195e+00 -6.012207031250000000e+00 -6.128791570663452148e-01 7.000000000000000000e+00
-1.475228214263916016e+01 -2.464926719665526988e+01 -1.505496144294738992e+00 1.400000000000000000e+01
-1.787482452392578125e+01 -2.984300994873046875e+01 -6.072041392326354980e-01 6.000000000000000000e+00
-1.411872625350951926e+00 -2.349750518798828125e+00 -7.345284223556518555e-01 1.600000000000000000e+01
-1.664056181907654031e+00 -2.767266035079956055e+00 -7.454878091812133789e-01 1.300000000000000000e+01
-1.993702530860901101e+00 -3.314146280288695845e+00 -7.517874240875244141e-01 1.700000000000000000e+01
-2.522725582122803178e+00 -4.190233230590820312e+00 -7.746634483337402344e-01 1.000000000000000000e+01
-3.010935544967650923e+00 -4.997199058532714844e+00 -7.163479924201965332e-01 3.900000000000000000e+01
-3.577261924743651900e+00 -5.934777736663818359e+00 -6.062553524971008301e-01 2.000000000000000000e+00
-1.487331104278563920e+01 -2.465576934814453125e+01 -1.509055018424988015e+00 1.400000000000000000e+01
-1.814838218688964844e+01 -3.006118583679198863e+01 -6.129285097122192383e-01 7.000000000000000000e+00
-9.697685241699218750e-01 -1.605702161788939986e+00 5.026265978813171387e-01 6.000000000000000000e+00
-1.422067642211914062e+00 -2.348112821578979048e+00 -7.355637550354003906e-01 1.500000000000000000e+01
-1.671685457229614036e+00 -2.758107423782349077e+00 -7.445880174636840820e-01 1.300000000000000000e+01
-2.013401985168457031e+00 -3.320596933364868164e+00 -7.548403739929199219e-01 1.600000000000000000e+01
-2.530163526535034180e+00 -4.169580459594726562e+00 -7.724733948707580566e-01 9.000000000000000000e+00
-3.032482385635375977e+00 -4.993445396423339844e+00 -7.173229455947875977e-01 4.100000000000000000e+01
-3.643473863601685014e+00 -5.997176647186279297e+00 -6.139250397682189941e-01 8.000000000000000000e+00
-1.498833751678466975e+01 -2.465148544311523082e+01 -1.511985778808593972e+00 1.400000000000000000e+01
-9.623091220855712891e-01 -1.580855131149291992e+00 4.958972930908203125e-01 1.500000000000000000e+01
-1.438307523727416992e+00 -2.356326103210449219e+00 -7.397048473358154297e-01 1.500000000000000000e+01
-1.673175692558289018e+00 -2.738951444625854048e+00 -7.409887909889221191e-01 1.300000000000000000e+01
-2.022933483123778853e+00 -3.310198307037353960e+00 -7.540771365165710449e-01 1.600000000000000000e+01
-2.546763896942139116e+00 -4.164093494415283203e+00 -7.730991244316101074e-01 1.000000000000000000e+01
-3.058184862136840820e+00 -4.996374130249023438e+00 -7.192728519439697266e-01 2.400000000000000000e+01
-3.641496419906616211e+00 -5.947040557861328125e+00 -6.100901961326599121e-01 7.000000000000000000e+00
-1.506594753265381037e+01 -2.458539199829101918e+01 -1.511148452758789062e+00 1.400000000000000000e+01
-9.675461053848266602e-01 -1.577655315399169922e+00 4.958972930908203125e-01 1.700000000000000000e+01
-1.446523904800415039e+00 -2.351290941238402876e+00 -7.397048473358154297e-01 1.500000000000000000e+01
-1.687834620475769043e+00 -2.741391420364379883e+00 -7.432382702827453613e-01 1.300000000000000000e+01
-2.030357360839844194e+00 -3.296430110931396040e+00 -7.525506615638732910e-01 1.600000000000000000e+01
-2.561283826828002930e+00 -4.155178070068359375e+00 -7.730991244316101074e-01 1.000000000000000000e+01
-3.067268848419189009e+00 -4.972153186798095703e+00 -7.173229455947875977e-01 2.000000000000000000e+01
-3.678974866867064986e+00 -5.961421489715576172e+00 -6.128791570663452148e-01 8.000000000000000000e+00
-1.523563575744629084e+01 -2.466859626770019887e+01 -1.519522190093993919e+00 1.400000000000000000e+01
-9.773859977722167969e-01 -1.580670952796936035e+00 4.979678392410277765e-01 1.700000000000000000e+01
-1.448614597320557085e+00 -2.336376190185546875e+00 -7.365990281105041504e-01 1.600000000000000000e+01
-1.698421120643615945e+00 -2.737138986587523970e+00 -7.436881661415100098e-01 1.500000000000000000e+01
-2.041851758956909180e+00 -3.289322853088378906e+00 -7.525506615638732910e-01 1.700000000000000000e+01
-2.580984592437744141e+00 -4.154602050781250000e+00 -7.746634483337402344e-01 1.000000000000000000e+01
-3.069932699203491211e+00 -4.937814235687255859e+00 -7.139106392860412598e-01 3.100000000000000000e+01
-3.713441133499145952e+00 -5.970537185668945312e+00 -6.151452064514160156e-01 1.200000000000000000e+01
-1.532165241241455078e+01 -2.461526298522948863e+01 -1.519522190093993919e+00 1.400000000000000000e+01
-9.775151014328002930e-01 -1.569222450256348100e+00 4.953796565532683771e-01 1.900000000000000000e+01
-1.451642632484436035e+00 -2.323113918304442915e+00 -7.340108156204223633e-01 1.500000000000000000e+01
-1.708998441696166992e+00 -2.732846021652222124e+00 -7.441380620002746582e-01 1.400000000000000000e+01
-2.053321123123168945e+00 -3.282175540924071822e+00 -7.525506615638732910e-01 1.700000000000000000e+01
-2.591278076171875000e+00 -4.138870239257813388e+00 -7.734119892120361328e-01 1.000000000000000000e+01
-3.076610326766968218e+00 -4.910246372222900391e+00 -7.114732265472412109e-01 3.300000000000000000e+01
-3.744841337203979048e+00 -5.974420070648193359e+00 -6.168883442878723145e-01 1.200000000000000000e+01
-1.863410758972167969e+01 -2.968229293823241832e+01 -6.117417216300964355e-01 7.000000000000000000e+00
-9.709307551383972168e-01 -1.545997500419616921e+00 4.891679883003234863e-01 2.200000000000000000e+01
-1.465919613838196023e+00 -2.327840805053710938e+00 -7.371166348457336426e-01 1.400000000000000000e+01
-1.714371323585510032e+00 -2.720269203186035156e+00 -7.423384785652160645e-01 1.300000000000000000e+01
-2.064765691757202148e+00 -3.274987936019897017e+00 -7.525506615638732910e-01 1.700000000000000000e+01
-2.601493358612060991e+00 -4.123117446899414062e+00 -7.721605300903320312e-01 1.000000000000000000e+01
-3.114928722381591797e+00 -4.933046817779541016e+00 -7.163479924201965332e-01 3.900000000000000000e+01
-3.759288787841796875e+00 -5.951205253601074219e+00 -6.158424615859985352e-01 1.100000000000000000e+01
-1.878892326354980113e+01 -2.969818115234375000e+01 -6.134172081947326660e-01 7.000000000000000000e+00
-9.791507124900817871e-01 -1.547666907310486062e+00 4.907208979129791260e-01 2.400000000000000000e+01
-1.477141737937927024e+00 -2.327602863311768022e+00 -7.386695742607116699e-01 1.500000000000000000e+01
-1.720722079277039018e+00 -2.709333419799805132e+00 -7.409887909889221191e-01 1.500000000000000000e+01
-2.080396175384521040e+00 -3.274389028549193892e+00 -7.540771365165710449e-01 1.600000000000000000e+01
-2.617989540100098100e+00 -4.117345333099365234e+00 -7.727862596511840820e-01 1.000000000000000000e+01
-3.134260654449462891e+00 -4.925492763519287109e+00 -7.168354988098144531e-01 3.700000000000000000e+01
-3.762920618057250977e+00 -5.911154747009277344e+00 -6.130535006523132324e-01 1.300000000000000000e+01
-1.875057220458984020e+01 -2.940984344482421875e+01 -6.088097691535949707e-01 6.000000000000000000e+00
-9.848166108131408691e-01 -1.544067740440369096e+00 4.907208979129791260e-01 2.800000000000000000e+01
-1.485257625579833984e+00 -2.322432518005371094e+00 -7.386695742607116699e-01 1.500000000000000000e+01
-1.728067994117737038e+00 -2.700027704238892046e+00 -7.400889396667480469e-01 1.300000000000000000e+01
-2.085461616516112837e+00 -3.257186651229857954e+00 -7.517874240875244141e-01 1.600000000000000000e+01
-2.634477376937866211e+00 -4.111507892608642578e+00 -7.734119892120361328e-01 1.000000000000000000e+01
-3.155720949172974077e+00 -4.921206474304199219e+00 -7.178104519844055176e-01 3.300000000000000000e+01
-3.798592567443848100e+00 -5.921461582183837891e+00 -6.154938340187072754e-01 1.100000000000000000e+01
-1.902606201171875000e+01 -2.961339378356933949e+01 -6.143945455551147461e-01 7.000000000000000000e+00
-9.930642247200012207e-01 -1.545669436454772949e+00 4.922738373279572088e-01 4.100000000000000000e+01
-1.491262316703795943e+00 -2.313986301422119141e+00 -7.376343011856079102e-01 1.500000000000000000e+01
-1.746988296508789062e+00 -2.708718299865723100e+00 -7.441380620002746582e-01 1.400000000000000000e+01
-2.095754146575928178e+00 -3.248237609863280806e+00 -7.514058351516723633e-01 1.400000000000000000e+01
-2.653099298477172852e+00 -4.108924865722656250e+00 -7.746634483337402344e-01 1.000000000000000000e+01
-3.130862236022949219e+00 -4.845136642456054688e+00 -7.083046436309814453e-01 2.200000000000000000e+01
-3.812749385833739790e+00 -5.898126602172851562e+00 -6.144480109214782715e-01 1.100000000000000000e+01
-1.903367996215819957e+01 -2.939908218383789062e+01 -6.113228797912597656e-01 1.400000000000000000e+01
-9.966223239898681641e-01 -1.538776278495789018e+00 4.912385344505310059e-01 4.600000000000000000e+01
-1.494069814682007058e+00 -2.300665616989136186e+00 -7.350460886955261230e-01 1.400000000000000000e+01
-1.756432890892029031e+00 -2.702603578567504883e+00 -7.441380620002746582e-01 1.400000000000000000e+01
-2.111360549926757812e+00 -3.247486114501953125e+00 -7.529323101043701172e-01 1.300000000000000000e+01
-2.660962104797362837e+00 -4.089704513549804688e+00 -7.727862596511840820e-01 1.200000000000000000e+01
-3.161837339401245117e+00 -4.855804443359375000e+00 -7.114732265472412109e-01 2.400000000000000000e+01
-3.865938425064086914e+00 -5.934864997863770419e+00 -6.196773052215576172e-01 1.200000000000000000e+01
-1.918644714355469105e+01 -2.940950393676758168e+01 -6.129285097122192383e-01 7.000000000000000000e+00
-9.922196269035339355e-01 -1.520901083946228027e+00 4.865798056125640869e-01 4.400000000000000000e+01
-1.505264878273010032e+00 -2.300285816192626953e+00 -7.365990281105041504e-01 1.200000000000000000e+01
-1.766923666000365989e+00 -2.698086261749268022e+00 -7.445880174636840820e-01 1.500000000000000000e+01
-2.123759269714355025e+00 -3.241738557815552202e+00 -7.533138990402221680e-01 1.200000000000000000e+01
-2.668723106384276900e+00 -4.070478916168212891e+00 -7.709090709686279297e-01 1.000000000000000000e+01
-3.171144962310791016e+00 -4.833119869232177734e+00 -7.097670435905456543e-01 2.200000000000000000e+01
-3.895377635955810991e+00 -5.934659004211425781e+00 -6.210718154907226562e-01 1.200000000000000000e+01
-1.537240505218506037e+01 -2.340225028991698863e+01 -1.467395544052124023e+00 1.300000000000000000e+01
-1.920111083984375000e+01 -2.920867347717285156e+01 -6.101361513137817383e-01 7.000000000000000000e+00
-1.004156231880187988e+00 -1.526938796043395996e+00 4.896856248378754217e-01 4.800000000000000000e+01
-1.513285279273987038e+00 -2.295017480850220171e+00 -7.365990281105041504e-01 3.000000000000000000e+00
-1.768817782402039018e+00 -2.680516481399536133e+00 -7.414386868476867676e-01 1.300000000000000000e+01
-2.135062217712401900e+00 -3.234305381774901900e+00 -7.533138990402221680e-01 1.100000000000000000e+01
-2.682915449142456055e+00 -4.061138629913330078e+00 -7.709090709686279297e-01 1.000000000000000000e+01
-3.201133728027344194e+00 -4.841891765594482422e+00 -7.126919031143188477e-01 2.800000000000000000e+01
-3.913871526718140093e+00 -5.917701721191406250e+00 -6.207231879234313965e-01 1.200000000000000000e+01
-1.928086662292480113e+01 -2.910812950134276988e+01 -6.094380617141723633e-01 7.000000000000000000e+00
-1.011347889900207964e+00 -1.526821732521056907e+00 4.907208979129791260e-01 4.900000000000000000e+01
-9.290221333503723145e-01 -1.398290753364562988e+00 -4.498274922370911200e-01 1.000000000000000000e+00
-1.777084708213805930e+00 -2.672703027725220171e+00 -7.409887909889221191e-01 9.000000000000000000e+00
-2.140902519226074219e+00 -3.218659639358520952e+00 -7.514058351516723633e-01 1.300000000000000000e+01
-2.704737186431885210e+00 -4.063259601593017578e+00 -7.730991244316101074e-01 1.200000000000000000e+01
-3.183898448944091797e+00 -4.779473781585693359e+00 -7.051360011100769043e-01 2.800000000000000000e+01
-3.921245574951171875e+00 -5.884108543395996094e+00 -6.186314821243286133e-01 1.100000000000000000e+01
-1.941121673583984020e+01 -2.908389472961426137e+01 -6.103455424308776855e-01 7.000000000000000000e+00
-1.015598893165587935e+00 -1.521675348281859907e+00 4.902032613754271906e-01 4.600000000000000000e+01
-9.280398488044738770e-01 -1.387336730957031028e+00 -4.472393095493317206e-01 1.200000000000000000e+01
-2.152096033096313032e+00 -3.213549137115478960e+00 -7.517874240875244141e-01 1.300000000000000000e+01
-2.724087476730347124e+00 -4.064588069915770596e+00 -7.749763131141662598e-01 1.200000000000000000e+01
-3.209955215454102007e+00 -4.785933971405029297e+00 -7.075734138488769531e-01 3.000000000000000000e+01
-3.957473278045653853e+00 -5.898231983184813565e+00 -6.214204430580139160e-01 1.500000000000000000e+01
-1.571762466430664062e+01 -2.340793800354003906e+01 -1.477653384208678977e+00 1.300000000000000000e+01
-1.961848449707030895e+01 -2.919538497924805043e+01 -6.139756441116333008e-01 7.000000000000000000e+00
-1.022529244422913042e+00 -1.521684169769287109e+00 4.912385344505310059e-01 4.500000000000000000e+01
-9.199202656745910645e-01 -1.364865303039551003e+00 -4.410276412963867188e-01 2.400000000000000000e+01
-9.491475820541381836e-01 -1.407169103622436968e+00 -3.918647468090056818e-01 1.000000000000000000e+00
-2.168790817260742188e+00 -3.214154481887816939e+00 -7.536955475807189941e-01 2.000000000000000000e+00
-2.731626033782958984e+00 -4.045231819152832031e+00 -7.730991244316101074e-01 9.000000000000000000e+00
-3.234422206878662109e+00 -4.786212921142578125e+00 -7.092795968055725098e-01 3.100000000000000000e+01
-4.002586841583251953e+00 -5.920695304870604581e+00 -6.252552866935729980e-01 1.800000000000000000e+01
-1.572984886169433949e+01 -2.325036811828612926e+01 -1.471163749694823997e+00 1.300000000000000000e+01
-1.995346641540526988e+01 -2.947114562988280895e+01 -6.212358474731445312e-01 7.000000000000000000e+00
-1.019432902336121050e+00 -1.505130171775818093e+00 4.870974421501160223e-01 4.300000000000000000e+01
-9.127405881881713867e-01 -1.344065904617310014e+00 -4.353336393833159845e-01 3.100000000000000000e+01
-9.157162904739379883e-01 -1.347435593605041948e+00 -3.761181533336638849e-01 8.000000000000000000e+00
-3.257812738418579102e+00 -4.784739017486572266e+00 -7.107419967651367188e-01 1.600000000000000000e+01
-4.014256477355957031e+00 -5.893514156341552734e+00 -6.238608360290527344e-01 1.300000000000000000e+01
-2.007875633239746094e+01 -2.943435478210448863e+01 -6.219339370727539062e-01 7.000000000000000000e+00
-1.020063877105712891e+00 -1.495357751846313032e+00 4.850268959999083918e-01 3.900000000000000000e+01
-9.119722843170166016e-01 -1.332899808883666992e+00 -4.327454566955565851e-01 4.600000000000000000e+01
-9.149093031883239746e-01 -1.336191296577454057e+00 -3.738686442375183105e-01 3.000000000000000000e+01
-9.496948719024658203e-01 -1.386475205421447976e+00 -3.266650140285491943e-01 1.000000000000000000e+00
-3.267757177352904829e+00 -4.763515949249267578e+00 -7.092795968055725098e-01 1.100000000000000000e+01
-4.081025600433349609e+00 -5.946819305419921875e+00 -6.310075521469116211e-01 1.500000000000000000e+01
-1.556840705871582031e+01 -2.266912078857421875e+01 -1.441227555274962935e+00 1.300000000000000000e+01
-2.015872573852539062e+01 -2.933112716674805043e+01 -6.212358474731445312e-01 7.000000000000000000e+00
-1.031842708587646040e+00 -1.501340389251708984e+00 4.881327152252197266e-01 2.400000000000000000e+01
-9.148895740509033203e-01 -1.326207876205443892e+00 -4.317101538181304932e-01 4.800000000000000000e+01
-9.167116880416870117e-01 -1.327857375144958052e+00 -3.725189566612244207e-01 4.200000000000000000e+01
-9.193102121353149414e-01 -1.331124305725098100e+00 -3.144532144069672186e-01 1.100000000000000000e+01
-3.335709095001221147e+00 -4.822769165039063388e+00 -7.200040817260742188e-01 1.000000000000000000e+00
-4.055082798004150391e+00 -5.860652923583984375e+00 -6.235122084617614746e-01 1.000000000000000000e+01
-1.571218490600585938e+01 -2.269127655029296875e+01 -1.446461200714111106e+00 1.300000000000000000e+01
-2.005707550048828125e+01 -2.894450378417969105e+01 -6.146737337112426758e-01 7.000000000000000000e+00
-1.067308425903320090e+00 -1.540240049362183061e+00 5.021089315414428711e-01 1.000000000000000000e+01
-9.117955565452575684e-01 -1.311901926994323953e+00 -4.280866980552672785e-01 4.100000000000000000e+01
-9.180030226707458496e-01 -1.319849967956542969e+00 -3.711692392826079767e-01 5.000000000000000000e+01
-9.161019921302795410e-01 -1.316626429557800071e+00 -3.117819130420684814e-01 2.900000000000000000e+01
-9.335088133811950684e-01 -1.340645194053649902e+00 -2.587426006793975830e-01 6.000000000000000000e+00
-4.125647544860839844e+00 -5.918378829956054688e+00 -6.311818957328796387e-01 1.000000000000000000e+01
-2.031595611572265980e+01 -2.910058784484862926e+01 -6.194906234741210938e-01 1.400000000000000000e+01
-1.071840405464171919e+00 -1.534734010696410911e+00 5.015913248062133789e-01 1.100000000000000000e+01
-9.075049161911010742e-01 -1.296051263809204102e+00 -4.239456057548522949e-01 4.900000000000000000e+01
-9.170130491256713867e-01 -1.308657884597778098e+00 -3.689197301864624023e-01 4.800000000000000000e+01
-9.184384346008300781e-01 -1.310205459594727007e+00 -3.110186755657196045e-01 3.900000000000000000e+01
-9.279728531837463379e-01 -1.322824239730834961e+00 -2.559267878532410223e-01 2.300000000000000000e+01
-4.106204032897949219e+00 -5.846874713897705078e+00 -6.250810027122497559e-01 6.000000000000000000e+00
-2.037369728088378906e+01 -2.896733856201171875e+01 -6.181642413139343262e-01 7.000000000000000000e+00
-1.075812458992003950e+00 -1.529591083526611106e+00 5.010736584663391113e-01 9.000000000000000000e+00
-9.031147956848144531e-01 -1.280246853828429954e+00 -4.198044836521149237e-01 4.900000000000000000e+01
-9.148322939872741699e-01 -1.295896887779236062e+00 -3.662203252315521240e-01 5.000000000000000000e+01
-9.184762239456176758e-01 -1.300576806068419966e+00 -3.094922006130219061e-01 4.600000000000000000e+01
-9.211839437484741211e-01 -1.303445100784301980e+00 -2.527981102466583252e-01 3.300000000000000000e+01
-9.422193765640258789e-01 -1.332222700119018999e+00 -2.003532052040100098e-01 1.000000000000000000e+00
-1.068859457969665971e+00 -1.508487462997436968e+00 4.953796565532683771e-01 1.000000000000000000e+00
-9.160805940628051758e-01 -1.290004014968872070e+00 -4.239456057548522949e-01 5.100000000000000000e+01
-9.064813852310180664e-01 -1.275543212890625000e+00 -3.612713813781737726e-01 5.500000000000000000e+01
-9.191449284553527832e-01 -1.292884588241576926e+00 -3.083473443984984796e-01 5.000000000000000000e+01
-9.218388795852661133e-01 -1.295715928077697976e+00 -2.518594861030579168e-01 4.500000000000000000e+01
-9.360379576683044434e-01 -1.314702153205872026e+00 -1.981595456600188931e-01 1.000000000000000000e+01
-9.284461736679077148e-01 -1.297796726226807085e+00 -4.275690615177155096e-01 5.400000000000000000e+01
-9.154659509658813477e-01 -1.278709292411803977e+00 -3.630709946155548096e-01 5.600000000000000000e+01
-9.145072698593139648e-01 -1.276899337768554910e+00 -3.052943944931030273e-01 5.400000000000000000e+01
-9.194516539573669434e-01 -1.282856822013854980e+00 -2.499822825193404874e-01 5.100000000000000000e+01
-9.371505379676818848e-01 -1.306587576866149902e+00 -1.974283307790755948e-01 2.200000000000000000e+01
-9.261936545372009277e-01 -1.285144448280334029e+00 -4.244632422924041748e-01 5.900000000000000000e+01
-9.210638403892517090e-01 -1.277086496353148970e+00 -3.635208904743195135e-01 6.000000000000000000e+01
-9.120666980743408203e-01 -1.264146566390990989e+00 -3.030046820640563965e-01 5.500000000000000000e+01
-9.308621287345886230e-01 -1.289248824119568093e+00 -2.518594861030579168e-01 5.700000000000000000e+01
-1.089092612266540971e+00 -1.507844328880310059e+00 2.283831536769866943e-01 1.000000000000000000e+00
-9.277544617652893066e-01 -1.284000039100646973e+00 -1.945034712553024014e-01 3.800000000000000000e+01
-9.329464435577392578e-01 -1.289762616157531960e+00 -8.342351764440536499e-02 7.000000000000000000e+00
-9.181893467903137207e-01 -1.264707326889038086e+00 -4.187692105770111084e-01 5.200000000000000000e+01
-9.266615509986877441e-01 -1.275440216064452903e+00 -3.639708161354064941e-01 6.300000000000000000e+01
-9.153195619583129883e-01 -1.259366989135741965e+00 -3.026230633258820135e-01 5.600000000000000000e+01
-1.042777061462401900e+00 -1.434206485748291016e+00 1.551372259855270108e-01 2.000000000000000000e+00
-9.260613322257995605e-01 -1.273211598396301047e+00 -2.493565380573272983e-01 6.000000000000000000e+01
-1.013762235641479048e+00 -1.393277525901793990e+00 2.115651816129683893e-01 7.000000000000000000e+00
-9.357354044914245605e-01 -1.285568594932555930e+00 -1.952346861362456998e-01 4.800000000000000000e+01
-9.218085408210754395e-01 -1.265970587730407937e+00 -1.370088309049606046e-01 2.000000000000000000e+00
-9.492049813270568848e-01 -1.302639842033386008e+00 -8.447023481130599976e-02 3.500000000000000000e+01
-9.567091464996337891e-01 -1.311975717544556108e+00 -2.834270894527434956e-02 1.000000000000000000e+00
-9.285219907760620117e-01 -1.269129157066344993e+00 -4.213573932647705078e-01 5.200000000000000000e+01
-9.301788210868835449e-01 -1.270462870597838911e+00 -3.635208904743195135e-01 5.800000000000000000e+01
-9.210892915725708008e-01 -1.257587671279907005e+00 -3.030046820640563965e-01 5.900000000000000000e+01
-1.052736997604369895e+00 -1.436803579330443892e+00 1.558344662189483920e-01 2.700000000000000000e+01
-9.213793873786926270e-01 -1.257063031196594016e+00 -2.468535900115967074e-01 5.800000000000000000e+01
-1.010645389556884988e+00 -1.378346443176269975e+00 2.098590135574341098e-01 1.800000000000000000e+01
-9.322223663330078125e-01 -1.270925641059875044e+00 -1.935285180807113925e-01 4.800000000000000000e+01
-9.370505213737487793e-01 -1.277040600776671919e+00 -1.385776251554489136e-01 2.500000000000000000e+01
-9.468803405761718750e-01 -1.289492964744568093e+00 -8.384220302104949951e-02 5.000000000000000000e+01
-9.674320220947265625e-01 -1.316517472267151101e+00 -2.851723134517670025e-02 1.500000000000000000e+01
-9.340925812721252441e-01 -1.267435431480407937e+00 -4.218750298023223877e-01 5.200000000000000000e+01
-1.012218475341797097e+00 -1.372939705848694070e+00 2.977380529046059002e-02 1.000000000000000000e+00
-9.276677370071411133e-01 -1.257798194885253906e+00 -3.608214855194091797e-01 5.900000000000000000e+01
-9.243078827857971191e-01 -1.252784967422484907e+00 -3.026230633258820135e-01 6.000000000000000000e+01
-1.064844965934752974e+00 -1.442738294601439986e+00 1.568803340196608942e-01 5.000000000000000000e+01
-9.257617592811584473e-01 -1.253839135169982910e+00 -2.468535900115967074e-01 5.700000000000000000e+01
-1.000118613243103027e+00 -1.354052424430846946e+00 2.066904008388519010e-01 2.600000000000000000e+01
-9.331140518188476562e-01 -1.262874245643615945e+00 -1.927973031997680942e-01 4.600000000000000000e+01
-1.023632287979125977e+00 -1.385381340980530007e+00 2.728216946125031073e-01 3.000000000000000000e+00
-9.308439493179321289e-01 -1.259341955184936968e+00 -1.370088309049606046e-01 5.500000000000000000e+01
-9.359351396560668945e-01 -1.265305519104003906e+00 -8.248146623373031616e-02 5.300000000000000000e+01
-9.732113480567932129e-01 -1.314739704132080078e+00 -2.855213731527328144e-02 5.100000000000000000e+01
-9.419656991958618164e-01 -1.268820524215698020e+00 -4.234279692173004150e-01 5.000000000000000000e+01
-9.716985225677490234e-01 -1.308393120765686035e+00 2.844742313027381897e-02 1.100000000000000000e+01
-9.367012381553649902e-01 -1.260809540748595969e+00 -3.626210987567902166e-01 5.800000000000000000e+01
-9.239909648895263672e-01 -1.243247985839843972e+00 -3.010965883731842041e-01 5.900000000000000000e+01
-1.073440790176392046e+00 -1.443809270858765093e+00 1.574032753705978116e-01 4.900000000000000000e+01
-9.313117265701293945e-01 -1.252184987068176047e+00 -2.471664547920227051e-01 5.500000000000000000e+01
-1.003654122352600098e+00 -1.348960399627685991e+00 2.064466625452041904e-01 3.800000000000000000e+01
-9.268496036529541016e-01 -1.245277523994446023e+00 -1.906036585569381991e-01 4.700000000000000000e+01
-1.010770440101623979e+00 -1.358030200004578081e+00 2.681286633014678955e-01 9.000000000000000000e+00
-9.399936795234680176e-01 -1.262477278709412065e+00 -1.377060711383820135e-01 5.800000000000000000e+01
-1.034357309341431108e+00 -1.388708114624022993e+00 3.365870714187622070e-01 1.000000000000000000e+00
-9.439262151718139648e-01 -1.266835570335387962e+00 -8.279548585414886475e-02 5.400000000000000000e+01
-9.682319164276123047e-01 -1.298509716987610085e+00 -2.827289886772632946e-02 5.200000000000000000e+01
-9.487028717994689941e-01 -1.268618822097778098e+00 -4.244632422924041748e-01 5.000000000000000000e+01
-9.738640189170837402e-01 -1.301790952682494895e+00 2.837761305272578846e-02 4.000000000000000000e+01
-9.434318542480468750e-01 -1.260652542114258035e+00 -3.635208904743195135e-01 5.800000000000000000e+01
-9.851009249687194824e-01 -1.315853714942931907e+00 8.614498376846313477e-02 5.000000000000000000e+00
-9.259719252586364746e-01 -1.236871838569640891e+00 -3.003333508968353271e-01 5.900000000000000000e+01
-1.067725181579590066e+00 -1.425700783729553001e+00 1.558344662189483920e-01 4.300000000000000000e+01
-9.344925880432128906e-01 -1.247345566749572976e+00 -2.468535900115967074e-01 5.600000000000000000e+01
-1.002404212951659934e+00 -1.337506413459778054e+00 2.052279710769653043e-01 3.900000000000000000e+01
-9.311907887458801270e-01 -1.242034673690795898e+00 -1.906036585569381991e-01 4.800000000000000000e+01
-1.005074024200439009e+00 -1.340093731880187988e+00 2.653128504753112793e-01 2.100000000000000000e+01
-9.372221827507019043e-01 -1.249624967575073020e+00 -1.366602033376694003e-01 6.100000000000000000e+01
-1.016812086105346902e+00 -1.355251550674438032e+00 3.293363153934478760e-01 1.200000000000000000e+01
-9.507403373718261719e-01 -1.266727685928344949e+00 -8.300482481718063354e-02 5.400000000000000000e+01
-9.607493281364440918e-01 -1.279132962226867898e+00 -2.792385034263134003e-02 4.700000000000000000e+01
-9.542877674102783203e-01 -1.266842603683471902e+00 -4.249808788299561102e-01 4.400000000000000000e+01
-9.687746167182922363e-01 -1.285607337951659934e+00 2.809837460517882954e-02 4.300000000000000000e+01
-9.560379385948181152e-01 -1.268244624137877974e+00 -3.666702210903167725e-01 5.600000000000000000e+01
-9.788653254508972168e-01 -1.298055171966552956e+00 8.520293980836868286e-02 2.500000000000000000e+01
-9.373761415481567383e-01 -1.243037104606627974e+00 -3.026230633258820135e-01 5.500000000000000000e+01
-1.005501866340636985e+00 -1.332893371582031028e+00 1.460730284452438077e-01 2.500000000000000000e+01
-9.376510381698608398e-01 -1.242499232292175071e+00 -2.465407103300094882e-01 5.500000000000000000e+01
-1.007066845893860085e+00 -1.333999156951904075e+00 2.052279710769653043e-01 3.700000000000000000e+01
-9.367169141769409180e-01 -1.240360736846924050e+00 -1.908473968505859097e-01 4.900000000000000000e+01
-1.003560066223144975e+00 -1.328871607780456987e+00 2.637484967708588202e-01 4.200000000000000000e+01
-9.247645735740661621e-01 -1.224089622497559038e+00 -1.342198401689528864e-01 6.700000000000000000e+01
-1.025087714195251021e+00 -1.356392741203308105e+00 3.304811716079711914e-01 4.000000000000000000e+01
-9.539517760276794434e-01 -1.261808037757873979e+00 -8.290015161037445068e-02 5.300000000000000000e+01
-1.084982395172118919e+00 -1.434603929519653098e+00 4.152596592903137207e-01 1.000000000000000000e+00
-9.603824019432067871e-01 -1.269392609596251997e+00 -2.778423018753528942e-02 4.800000000000000000e+01
-1.068834304809570090e+00 -1.412739753723144975e+00 4.746741354465485174e-01 1.000000000000000000e+00
-9.598717689514160156e-01 -1.265042781829833984e+00 -4.254985153675078791e-01 4.600000000000000000e+01
-9.660022258758544922e-01 -1.272660970687865989e+00 2.788894623517990112e-02 5.000000000000000000e+01
-9.592806696891784668e-01 -1.263347625732422097e+00 -3.662203252315521240e-01 5.500000000000000000e+01
-9.713094234466552734e-01 -1.278725862503051980e+00 8.415621519088745117e-02 4.200000000000000000e+01
-9.476470351219177246e-01 -1.247574329376220925e+00 -3.045311570167542059e-01 5.400000000000000000e+01
-9.944778084754943848e-01 -1.308752655982970969e+00 1.438069790601730069e-01 3.500000000000000000e+01
-9.324191808700561523e-01 -1.226637721061706987e+00 -2.440377622842788974e-01 5.200000000000000000e+01
-1.010515689849853960e+00 -1.328895568847656028e+00 2.049842327833175937e-01 4.600000000000000000e+01
-9.410408735275268555e-01 -1.237083435058593972e+00 -1.908473968505859097e-01 5.100000000000000000e+01
-1.008423924446105957e+00 -1.325184464454651101e+00 2.637484967708588202e-01 4.500000000000000000e+01
-9.326514601707458496e-01 -1.225610733032227007e+00 -1.347427815198898038e-01 7.500000000000000000e+01
-1.025059461593627930e+00 -1.346557736396789995e+00 3.289546966552733820e-01 5.700000000000000000e+01
-9.510902762413024902e-01 -1.248936533927917036e+00 -8.227211982011795044e-02 5.300000000000000000e+01
-1.061641573905945046e+00 -1.393603801727294922e+00 4.044620096683502197e-01 8.000000000000000000e+00
-9.635955095291137695e-01 -1.264442086219788042e+00 -2.774932608008385052e-02 4.900000000000000000e+01
-1.062292933464050071e+00 -1.393449544906615989e+00 4.694977402687072754e-01 3.000000000000000000e+00
-9.748395681381225586e-01 -1.275498509407043013e+00 -4.301572442054749090e-01 4.100000000000000000e+01
-9.667950868606567383e-01 -1.264515399932861106e+00 2.778423018753528942e-02 4.700000000000000000e+01
-9.565813541412353516e-01 -1.250704050064086914e+00 -3.635208904743195135e-01 5.100000000000000000e+01
-9.733397960662841797e-01 -1.272155046463012917e+00 8.394687622785568237e-02 4.900000000000000000e+01
-9.579610228538513184e-01 -1.252054929733275923e+00 -3.064392507076262873e-01 5.600000000000000000e+01
-9.881415367126464844e-01 -1.291033983230591042e+00 1.422381699085235873e-01 4.000000000000000000e+01
-9.354943633079528809e-01 -1.221807003021240012e+00 -2.437248975038527887e-01 5.700000000000000000e+01
-9.994562864303588867e-01 -1.304872989654541016e+00 2.018156349658966064e-01 4.600000000000000000e+01
-9.393166303634643555e-01 -1.225912451744080034e+00 -1.896287053823471069e-01 5.400000000000000000e+01
-1.012812852859497070e+00 -1.321833133697509988e+00 2.637484967708588202e-01 4.700000000000000000e+01
-9.344998002052307129e-01 -1.219185113906859907e+00 -1.343941539525985995e-01 7.600000000000000000e+01
-1.029753565788269043e+00 -1.342971444129944070e+00 3.289546966552733820e-01 5.600000000000000000e+01
-9.457194805145263672e-01 -1.232931137084960938e+00 -8.143474906682968140e-02 5.200000000000000000e+01
-1.057009220123291016e+00 -1.377521157264709029e+00 4.008627831935883123e-01 2.400000000000000000e+01
-9.716562032699584961e-01 -1.265829563140868919e+00 -2.785404026508330952e-02 5.000000000000000000e+01
-1.068084239959717019e+00 -1.391451597213744895e+00 4.700153768062592108e-01 2.500000000000000000e+01
-9.875350594520568848e-01 -1.282803535461426003e+00 -4.337807297706604004e-01 3.900000000000000000e+01
-9.626623988151550293e-01 -1.250042676925658958e+00 2.753989771008491863e-02 5.000000000000000000e+01
-9.621306061744689941e-01 -1.248901128768920898e+00 -3.639708161354064941e-01 4.900000000000000000e+01
-9.692403674125671387e-01 -1.257675886154175027e+00 8.321417123079299927e-02 5.400000000000000000e+01
-9.647225141525268555e-01 -1.251813530921936035e+00 -3.072024881839752197e-01 5.600000000000000000e+01
-9.938585162162780762e-01 -1.289154767990112083e+00 1.424124836921691895e-01 4.500000000000000000e+01
-9.397535324096679688e-01 -1.218534111976623979e+00 -2.437248975038527887e-01 5.700000000000000000e+01
-1.012493014335632102e+00 -1.312378287315369096e+00 2.035218030214309970e-01 5.000000000000000000e+01
-9.375259280204772949e-01 -1.214768648147583008e+00 -1.884099990129471103e-01 5.200000000000000000e+01
-1.014029264450073020e+00 -1.313421368598937988e+00 2.628099024295806885e-01 4.900000000000000000e+01
-9.411849975585937500e-01 -1.219069838523864968e+00 -1.347427815198898038e-01 8.100000000000000000e+01
-1.026034951210021973e+00 -1.328492164611815962e+00 3.262833952903748114e-01 5.200000000000000000e+01
-9.500174522399902344e-01 -1.229622364044189009e+00 -8.143474906682968140e-02 5.800000000000000000e+01
-1.054660916328429954e+00 -1.364571809768676980e+00 3.981633782386779785e-01 3.800000000000000000e+01
-9.687299728393554688e-01 -1.252938151359558105e+00 -2.764461189508438110e-02 5.100000000000000000e+01
-1.076722741127013938e+00 -1.392111897468566895e+00 4.715682864189147949e-01 3.500000000000000000e+01
-1.005985736846924050e+00 -1.297844171524048074e+00 -4.399923682212830145e-01 3.200000000000000000e+01
-9.741545319557189941e-01 -1.256325125694274902e+00 2.774932608008385052e-02 5.600000000000000000e+01
-9.829883575439453125e-01 -1.267261028289794922e+00 -3.702694475650786798e-01 4.800000000000000000e+01
-9.721812009811401367e-01 -1.252876877784729004e+00 8.310949802398681641e-02 5.600000000000000000e+01
-9.688683748245239258e-01 -1.248607516288757102e+00 -3.072024881839752197e-01 5.200000000000000000e+01
-9.944629669189453125e-01 -1.281130313873291016e+00 1.418895423412322998e-01 5.000000000000000000e+01
-9.450007081031799316e-01 -1.216971278190613015e+00 -2.440377622842788974e-01 5.500000000000000000e+01
-1.019275069236754927e+00 -1.312148928642272949e+00 2.040092796087265015e-01 5.000000000000000000e+01
-9.427671432495117188e-01 -1.213220477104187012e+00 -1.886537373065947931e-01 5.400000000000000000e+01
-1.010877966880797896e+00 -1.300870418548583984e+00 2.609326839447020929e-01 5.100000000000000000e+01
-9.403312206268310547e-01 -1.209649920463562012e+00 -1.340455263853073120e-01 8.300000000000000000e+01
-1.032845139503479004e+00 -1.328182101249695046e+00 3.270466327667235773e-01 5.600000000000000000e+01
-9.565424323081970215e-01 -1.229618191719054954e+00 -8.164408802986145020e-02 5.600000000000000000e+01
-1.056786656379699929e+00 -1.357991099357604980e+00 3.972635567188262939e-01 4.300000000000000000e+01
-9.630525112152099609e-01 -1.237095355987549050e+00 -2.736537344753741871e-02 5.600000000000000000e+01
-1.066850423812865989e+00 -1.370429635047913042e+00 4.653566479682921808e-01 3.600000000000000000e+01
-1.020020604133605957e+00 -1.306506633758544922e+00 -4.441334903240203857e-01 3.500000000000000000e+01
-9.674562215805053711e-01 -1.238733053207397017e+00 2.743518352508544922e-02 5.900000000000000000e+01
-9.922050237655639648e-01 -1.269964456558227983e+00 -3.720690310001372736e-01 4.300000000000000000e+01
-9.826982021331787109e-01 -1.257343888282776101e+00 8.363285660743713379e-02 5.300000000000000000e+01
-9.780567884445190430e-01 -1.251405358314513938e+00 -3.087289631366729736e-01 5.200000000000000000e+01
-9.866570234298706055e-01 -1.261955142021178977e+00 1.401464343070983887e-01 5.600000000000000000e+01
-9.468090534210205078e-01 -1.210553288459778054e+00 -2.434120327234267911e-01 4.400000000000000000e+01
-1.020179390907288042e+00 -1.303892731666564941e+00 2.032780647277832031e-01 4.500000000000000000e+01
-9.506668448448181152e-01 -1.214611768722533958e+00 -1.893849670886993131e-01 5.900000000000000000e+01
-1.011985778808593972e+00 -1.292490601539612038e+00 2.599940896034240723e-01 6.600000000000000000e+01
-9.408631324768066406e-01 -1.201653957366942915e+00 -1.335225999355315885e-01 8.700000000000000000e+01
-1.032632708549499956e+00 -1.318386316299438032e+00 3.255201578140258789e-01 5.800000000000000000e+01
-9.608287811279296875e-01 -1.226271748542786089e+00 -8.164408802986145020e-02 5.800000000000000000e+01
-1.055509567260741965e+00 -1.346625208854675071e+00 3.950140476226807196e-01 4.600000000000000000e+01
-9.648971557617187500e-01 -1.230578899383544922e+00 -2.729556336998939861e-02 5.600000000000000000e+01
-1.057558655738831010e+00 -1.348269820213318093e+00 4.591449797153472900e-01 4.100000000000000000e+01
-1.034128069877624956e+00 -1.315086722373961958e+00 -4.482745826244354248e-01 9.000000000000000000e+00
-9.693016409873962402e-01 -1.232205152511596902e+00 2.736537344753741871e-02 6.000000000000000000e+01
-1.005067825317383035e+00 -1.277213335037231001e+00 -3.752183616161345880e-01 3.600000000000000000e+01
-9.870811700820922852e-01 -1.253906011581420898e+00 8.363285660743713379e-02 5.400000000000000000e+01
-9.982057809829711914e-01 -1.268037796020508035e+00 -3.136899769306182861e-01 5.500000000000000000e+01
-9.922887086868286133e-01 -1.260068774223328081e+00 1.403207480907439908e-01 6.100000000000000000e+01
-9.534736871719360352e-01 -1.210344314575195090e+00 -2.440377622842788974e-01 3.800000000000000000e+01
-1.028410673141479048e+00 -1.305001020431518999e+00 2.040092796087265015e-01 4.800000000000000000e+01
-9.585877060890197754e-01 -1.215962767601012962e+00 -1.901161819696426114e-01 5.700000000000000000e+01
-1.023603916168212891e+00 -1.298435330390929954e+00 2.618713080883026123e-01 5.800000000000000000e+01
-9.475194215774536133e-01 -1.201491355895996094e+00 -1.338712275028229037e-01 8.700000000000000000e+01
-1.036012411117553933e+00 -1.313232302665710005e+00 3.251385390758513849e-01 6.200000000000000000e+01
-9.613915085792541504e-01 -1.218206763267517090e+00 -8.133007586002349854e-02 6.400000000000000000e+01
-1.060203790664673074e+00 -1.342932581901550071e+00 3.950140476226807196e-01 4.800000000000000000e+01
-9.729048609733581543e-01 -1.231911301612854004e+00 -2.740027755498886108e-02 5.800000000000000000e+01
-1.058431863784790039e+00 -1.340207219123840110e+00 4.575920701026917059e-01 4.400000000000000000e+01
-1.704399704933166948e+00 -2.151959896087646040e+00 -7.355637550354003906e-01 1.600000000000000000e+01
-9.711132645606994629e-01 -1.225679397583008035e+00 2.729556336998939861e-02 6.100000000000000000e+01
-1.009519934654236062e+00 -1.273697257041930930e+00 -3.752183616161345880e-01 2.400000000000000000e+01
-9.864886403083801270e-01 -1.244192719459533913e+00 8.321417123079299927e-02 5.300000000000000000e+01
-1.012383818626404031e+00 -1.276852726936340110e+00 -3.167429268360137939e-01 5.400000000000000000e+01
-9.991573691368103027e-01 -1.259719252586364968e+00 1.406693756580353061e-01 6.100000000000000000e+01
-9.613761901855468750e-01 -1.211651086807250977e+00 -2.449763715267181119e-01 3.600000000000000000e+01
-1.016916036605834961e+00 -1.281190395355225053e+00 2.008406817913054865e-01 5.400000000000000000e+01
-9.566544294357299805e-01 -1.204836130142211914e+00 -1.888974756002425870e-01 5.500000000000000000e+01
-1.023216605186461958e+00 -1.288666367530822976e+00 2.606198191642761230e-01 6.000000000000000000e+01
-9.529468417167663574e-01 -1.199736714363097922e+00 -1.340455263853073120e-01 8.300000000000000000e+01
-1.040590167045593040e+00 -1.309607982635498047e+00 3.251385390758513849e-01 7.000000000000000000e+01
-9.569385051727294922e-01 -1.203898906707763894e+00 -8.059737086296081543e-02 6.300000000000000000e+01
-1.058820724487304910e+00 -1.331597089767456055e+00 3.927645385265349787e-01 5.100000000000000000e+01
-9.859129786491394043e-01 -1.239462494850158913e+00 -2.764461189508438110e-02 6.100000000000000000e+01
-1.060698390007019043e+00 -1.333480715751647949e+00 4.565567970275878906e-01 4.800000000000000000e+01
-1.715515255928039995e+00 -2.150527954101562944e+00 -7.371166348457336426e-01 1.700000000000000000e+01
-9.803749322891235352e-01 -1.228534221649169922e+00 2.743518352508544922e-02 6.000000000000000000e+01
-1.018823027610779031e+00 -1.276257514953613059e+00 -3.770179748535156250e-01 1.000000000000000000e+00
-9.895793199539184570e-01 -1.239181041717529075e+00 8.310949802398681641e-02 5.600000000000000000e+01
-1.016834735870361106e+00 -1.273311018943787065e+00 -3.167429268360137939e-01 4.800000000000000000e+01
-1.006035685539246050e+00 -1.259337186813354048e+00 1.410179883241652887e-01 6.100000000000000000e+01
-9.766986370086669922e-01 -1.222176194190979004e+00 -2.477921992540358942e-01 3.800000000000000000e+01
-1.023861169815063032e+00 -1.280733942985534890e+00 2.013281583786011020e-01 5.900000000000000000e+01
-9.534153938293457031e-01 -1.192187547683716042e+00 -1.874350458383559903e-01 5.200000000000000000e+01
-1.022996902465820090e+00 -1.278737425804137962e+00 2.593683302402495783e-01 6.800000000000000000e+01
-9.670860767364501953e-01 -1.208849310874938965e+00 -1.354400217533112127e-01 8.300000000000000000e+01
-1.032888054847717063e+00 -1.290639400482177956e+00 3.213223516941071112e-01 7.100000000000000000e+01
-9.586386084556579590e-01 -1.197432994842529075e+00 -8.038803189992904663e-02 5.700000000000000000e+01
-1.053717017173767090e+00 -1.315724372863769975e+00 3.891653120517731268e-01 5.000000000000000000e+01
-9.802311658859252930e-01 -1.223528504371643066e+00 -2.736537344753741871e-02 5.900000000000000000e+01
-1.060515165328979048e+00 -1.323739290237426980e+00 4.544862508773804266e-01 5.300000000000000000e+01
-1.719381570816040039e+00 -2.140008687973022017e+00 -7.355637550354003906e-01 1.600000000000000000e+01
-9.921738505363464355e-01 -1.234456539154052956e+00 2.764461189508438110e-02 6.000000000000000000e+01
-2.018458366394042969e+00 -2.510456085205078125e+00 -7.436881661415100098e-01 2.400000000000000000e+01
-9.901435971260070801e-01 -1.231050252914428933e+00 8.279548585414886475e-02 5.300000000000000000e+01
-1.011429667472838911e+00 -1.257515311241149902e+00 -3.136899769306182861e-01 2.700000000000000000e+01
-1.005429506301880105e+00 -1.249608635902405007e+00 1.403207480907439908e-01 6.100000000000000000e+01
-9.908675551414489746e-01 -1.231070160865783913e+00 -2.502951323986052912e-01 3.700000000000000000e+01
-1.037040114402770996e+00 -1.287975430488585982e+00 2.030343264341354093e-01 6.300000000000000000e+01
-9.737588763236999512e-01 -1.208949923515320046e+00 -1.906036585569381991e-01 4.300000000000000000e+01
-1.026214957237244096e+00 -1.273620486259460005e+00 2.590554654598236084e-01 6.900000000000000000e+01
-9.637994766235351562e-01 -1.196157574653625044e+00 -1.343941539525985995e-01 7.500000000000000000e+01
-1.043547272682189941e+00 -1.294668793678283913e+00 3.232304453849791925e-01 7.000000000000000000e+01
-9.740955829620361328e-01 -1.208072543144226074e+00 -8.133007586002349854e-02 5.200000000000000000e+01
-1.057079911231995073e+00 -1.310521483421325906e+00 3.887154161930084229e-01 5.300000000000000000e+01
-9.819846153259277344e-01 -1.216986894607543945e+00 -2.729556336998939861e-02 6.100000000000000000e+01
-1.060506224632262962e+00 -1.313830494880676047e+00 4.524157047271729071e-01 5.300000000000000000e+01
-1.723195433616637962e+00 -2.129488468170166016e+00 -7.340108156204223633e-01 1.600000000000000000e+01
-9.864113926887512207e-01 -1.218551397323607954e+00 2.736537344753741871e-02 6.100000000000000000e+01
-2.027209281921387163e+00 -2.503395080566405806e+00 -7.436881661415100098e-01 2.500000000000000000e+01
-1.000720620155334029e+00 -1.235346198081969993e+00 8.331884443759918213e-02 5.600000000000000000e+01
-2.420897483825684038e+00 -2.988492727279663086e+00 -7.475896477699279785e-01 1.200000000000000000e+01
-1.001004576683043990e+00 -1.235255837440490945e+00 1.391005665063858032e-01 5.600000000000000000e+01
-9.939148426055908203e-01 -1.226069450378417969e+00 -2.499822825193404874e-01 3.000000000000000000e+01
-1.036528348922729048e+00 -1.278180360794066939e+00 2.020593732595444003e-01 6.300000000000000000e+01
-9.879778623580932617e-01 -1.217876434326172097e+00 -1.925535649061203003e-01 4.500000000000000000e+01
-1.031899213790893999e+00 -1.271564483642577903e+00 2.593683302402495783e-01 7.200000000000000000e+01
-9.692243933677673340e-01 -1.194333076477051003e+00 -1.345684677362442017e-01 6.800000000000000000e+01
-1.038161039352416992e+00 -1.278824448585510032e+00 3.201774954795836847e-01 6.800000000000000000e+01
-9.908974170684814453e-01 -1.220168948173522949e+00 -8.237679302692413330e-02 5.500000000000000000e+01
-1.062876820564270020e+00 -1.308336019515990989e+00 3.891653120517731268e-01 5.500000000000000000e+01
-9.900102019309997559e-01 -1.218207240104675071e+00 -2.740027755498886108e-02 5.700000000000000000e+01
-1.069730758666991965e+00 -1.316303372383117898e+00 4.544862508773804266e-01 5.500000000000000000e+01
-1.728177309036255105e+00 -2.120465517044066939e+00 -7.329755425453186035e-01 1.700000000000000000e+01
-9.893953800201416016e-01 -1.213550925254821999e+00 2.733046934008597981e-02 6.300000000000000000e+01
-2.033472061157227007e+00 -2.493283033370972124e+00 -7.427883744239807129e-01 2.500000000000000000e+01
-1.002501487731934038e+00 -1.228750348091125044e+00 8.310949802398681641e-02 5.700000000000000000e+01
-2.436278820037841797e+00 -2.986108779907227007e+00 -7.491161227226257324e-01 1.400000000000000000e+01
-1.007829904556273970e+00 -1.234841227531433105e+00 1.394491940736770907e-01 5.600000000000000000e+01
-9.969392418861389160e-01 -1.221062421798706055e+00 -2.496694028377532959e-01 1.500000000000000000e+01
-1.039728045463562012e+00 -1.273016929626465066e+00 2.018156349658966064e-01 6.100000000000000000e+01
-1.001014828681946023e+00 -1.225180983543395996e+00 -1.942597329616546908e-01 4.400000000000000000e+01
-1.038831710815429910e+00 -1.271013736724853960e+00 2.599940896034240723e-01 7.700000000000000000e+01
-9.796918630599975586e-01 -1.198655843734740989e+00 -1.354400217533112127e-01 6.300000000000000000e+01
-1.040133357048034890e+00 -1.272153019905090110e+00 3.194142580032349188e-01 7.000000000000000000e+01
-9.888281226158142090e-01 -1.208972692489624023e+00 -8.185343444347381592e-02 5.300000000000000000e+01
-1.074841499328613059e+00 -1.313667297363281028e+00 3.918647468090056818e-01 5.500000000000000000e+01
-9.967896342277526855e-01 -1.217839002609252930e+00 -2.747008763253689159e-02 5.500000000000000000e+01
-1.062083005905150923e+00 -1.297611832618712935e+00 4.493098556995391846e-01 4.900000000000000000e+01
-1.745745182037353960e+00 -2.126061439514160156e+00 -7.371166348457336426e-01 1.800000000000000000e+01
-9.951058626174926758e-01 -1.211461663246155007e+00 2.736537344753741871e-02 6.100000000000000000e+01
-2.037647962570189986e+00 -2.479790687561035156e+00 -7.409887909889221191e-01 2.800000000000000000e+01
-1.006784558296204057e+00 -1.225243568420409934e+00 8.310949802398681641e-02 5.700000000000000000e+01
-2.450947284698485884e+00 -2.981709241867064986e+00 -7.502609491348266602e-01 1.600000000000000000e+01
-1.013614416122436968e+00 -1.232677936553955078e+00 1.396234929561614990e-01 5.300000000000000000e+01
-3.071988344192504883e+00 -3.734580993652344194e+00 -7.659031152725219727e-01 1.000000000000000000e+01
-1.040602803230286089e+00 -1.264599084854125977e+00 2.010844200849533081e-01 6.300000000000000000e+01
-1.005498647689818892e+00 -1.221503853797913042e+00 -1.942597329616546908e-01 4.400000000000000000e+01
-1.050794601440429910e+00 -1.276530504226685014e+00 2.618713080883026123e-01 6.900000000000000000e+01
-9.904111027717590332e-01 -1.202747225761414018e+00 -1.363115757703781128e-01 6.200000000000000000e+01
-1.042292475700377974e+00 -1.265301465988158958e+00 3.186510205268859863e-01 6.800000000000000000e+01
-9.932525753974914551e-01 -1.205340266227721946e+00 -8.185343444347381592e-02 5.300000000000000000e+01
-1.062295317649841087e+00 -1.288667321205138938e+00 3.855661153793334961e-01 5.200000000000000000e+01
-1.008879899978637917e+00 -1.223434090614319070e+00 -2.767951600253582001e-02 5.600000000000000000e+01
-1.065602779388427956e+00 -1.292219877243041992e+00 4.487922191619873047e-01 5.000000000000000000e+01
-1.753155827522278054e+00 -2.119954586029053178e+00 -7.371166348457336426e-01 1.900000000000000000e+01
-1.006976485252379927e+00 -1.217225551605225053e+00 2.757480181753635060e-02 6.100000000000000000e+01
-2.046291589736938032e+00 -2.472662925720214844e+00 -7.409887909889221191e-01 2.800000000000000000e+01
-1.002353072166443093e+00 -1.210775971412658913e+00 8.237679302692413330e-02 5.300000000000000000e+01
-2.455080509185791016e+00 -2.965574264526367188e+00 -7.483528852462768555e-01 1.500000000000000000e+01
-1.021723508834839089e+00 -1.233735799789428933e+00 1.401464343070983887e-01 5.000000000000000000e+01
-3.081225156784058061e+00 -3.719271659851074219e+00 -7.649645209312438965e-01 1.200000000000000000e+01
-1.036144018173217995e+00 -1.250259876251220925e+00 1.993782520294188898e-01 5.700000000000000000e+01
-1.014824151992798074e+00 -1.224099397659301980e+00 -1.952346861362456998e-01 4.200000000000000000e+01
-1.046639204025268999e+00 -1.262026906013488992e+00 2.596812248229979914e-01 8.300000000000000000e+01
-1.004778385162353960e+00 -1.211551666259766069e+00 -1.377060711383820135e-01 6.200000000000000000e+01
-1.042942285537719949e+00 -1.257122635841370073e+00 3.175061643123627264e-01 6.600000000000000000e+01
-1.001280546188354048e+00 -1.206476569175719993e+00 -8.216745406389236450e-02 5.400000000000000000e+01
-1.064297556877136008e+00 -1.281952619552612083e+00 3.846662938594818115e-01 5.200000000000000000e+01
-1.015699625015259011e+00 -1.222981691360474077e+00 -2.774932608008385052e-02 5.600000000000000000e+01
-1.072800874710083008e+00 -1.291277527809143066e+00 4.498274922370911200e-01 5.200000000000000000e+01
-1.757704138755797896e+00 -2.111160039901732954e+00 -7.360813617706298828e-01 1.800000000000000000e+01
-1.017406225204467995e+00 -1.221562385559082031e+00 2.774932608008385052e-02 5.700000000000000000e+01
-2.053232669830321822e+00 -2.464366436004639116e+00 -7.405388951301574707e-01 2.300000000000000000e+01
-1.011265754699707031e+00 -1.213758826255797896e+00 8.279548585414886475e-02 5.400000000000000000e+01
-2.462387323379517046e+00 -2.954400539398192915e+00 -7.475896477699279785e-01 1.500000000000000000e+01
-1.020705580711364968e+00 -1.224219679832458052e+00 1.394491940736770907e-01 5.200000000000000000e+01
-3.093541622161864790e+00 -3.709033489227294922e+00 -7.649645209312438965e-01 1.300000000000000000e+01
-1.046643018722533958e+00 -1.254438161849976030e+00 2.005969434976578036e-01 5.800000000000000000e+01
-1.027781844139098899e+00 -1.231395483016967995e+00 -1.969408541917800903e-01 4.100000000000000000e+01
-1.047020316123961958e+00 -1.254000306129456010e+00 2.587426006793975830e-01 7.700000000000000000e+01
-1.016452193260193093e+00 -1.217389345169066939e+00 -1.387519389390944879e-01 6.200000000000000000e+01
-1.060949206352234109e+00 -1.270231962203979048e+00 3.217039704322814941e-01 6.700000000000000000e+01
-1.016801238059998003e+00 -1.216943740844727007e+00 -8.310949802398681641e-02 5.300000000000000000e+01
-1.066043257713318093e+00 -1.275425791740417036e+00 3.837665021419525146e-01 5.200000000000000000e+01
-1.017184138298034890e+00 -1.216538667678833008e+00 -2.767951600253582001e-02 5.500000000000000000e+01
-1.063221216201782005e+00 -1.271598219871520996e+00 4.441334903240203857e-01 5.300000000000000000e+01
-1.757615208625793013e+00 -2.096129655838013139e+00 -7.329755425453186035e-01 1.700000000000000000e+01
-1.016523599624634011e+00 -1.211875200271606001e+00 2.760970778763293873e-02 5.700000000000000000e+01
-2.066833019256591797e+00 -2.463155508041381836e+00 -7.423384785652160645e-01 2.300000000000000000e+01
-1.019347786903380904e+00 -1.214811444282531960e+00 8.310949802398681641e-02 5.200000000000000000e+01
-2.472685098648070845e+00 -2.945787191390991211e+00 -7.475896477699279785e-01 1.500000000000000000e+01
-1.022410273551940918e+00 -1.217597723007201926e+00 1.391005665063858032e-01 5.100000000000000000e+01
-3.102658271789550781e+00 -3.693674564361571822e+00 -7.640259265899658203e-01 1.200000000000000000e+01
-1.057400703430176003e+00 -1.258376002311706987e+00 2.018156349658966064e-01 5.700000000000000000e+01
-1.045034527778625044e+00 -1.242778420448303001e+00 2.571782469749451239e-01 8.300000000000000000e+01
-1.018131017684936968e+00 -1.210783958435059038e+00 -1.384033262729645053e-01 5.800000000000000000e+01
-1.054002523422240989e+00 -1.252999305725098100e+00 3.182694017887114923e-01 6.000000000000000000e+01
-1.023614883422852007e+00 -1.216443419456481934e+00 -8.331884443759918213e-02 5.200000000000000000e+01
-1.076763749122620073e+00 -1.279151082038878950e+00 3.860160112380980890e-01 5.800000000000000000e+01
-1.024000644683837891e+00 -1.216039776802062988e+00 -2.774932608008385052e-02 5.500000000000000000e+01
-1.065164685249329057e+00 -1.264923810958862083e+00 4.430982172489166260e-01 6.400000000000000000e+01
-1.771153330802917036e+00 -2.097361564636230025e+00 -7.355637550354003906e-01 1.900000000000000000e+01
-1.022038102149962935e+00 -1.209847092628479004e+00 2.764461189508438110e-02 5.300000000000000000e+01
-2.071644783020019975e+00 -2.451460599899291992e+00 -7.409887909889221191e-01 1.600000000000000000e+01
-1.034108757972717063e+00 -1.223269343376159890e+00 8.394687622785568237e-02 5.000000000000000000e+01
-2.488022565841674805e+00 -2.943135023117064986e+00 -7.491161227226257324e-01 1.300000000000000000e+01
-1.026654243469238059e+00 -1.214021444320678933e+00 1.391005665063858032e-01 5.200000000000000000e+01
-3.116808414459228960e+00 -3.684329986572266069e+00 -7.643387913703918457e-01 1.100000000000000000e+01
-1.054092764854430930e+00 -1.245585441589355025e+00 2.003532052040100098e-01 5.200000000000000000e+01
-3.864521265029906782e+00 -4.564956665039063388e+00 -7.343846559524536133e-01 2.000000000000000000e+01
-1.056808114051819070e+00 -1.248352050781250000e+00 2.590554654598236084e-01 8.100000000000000000e+01
-1.036514759063720925e+00 -1.223947405815124956e+00 -1.403207480907439908e-01 5.100000000000000000e+01
-1.055831909179687944e+00 -1.246316552162169966e+00 3.175061643123627264e-01 6.200000000000000000e+01
-1.030437469482422097e+00 -1.215910315513611062e+00 -8.352818340063095093e-02 5.100000000000000000e+01
-1.088783264160156028e+00 -1.284303426742553933e+00 3.887154161930084229e-01 6.300000000000000000e+01
-1.035999417304992898e+00 -1.221608519554137962e+00 -2.795875445008277893e-02 5.000000000000000000e+01
-1.074792742729187012e+00 -1.266903758049011008e+00 4.451687633991240900e-01 6.100000000000000000e+01
-1.779715299606323020e+00 -2.092638015747069868e+00 -7.360813617706298828e-01 1.900000000000000000e+01
-1.030142426490783913e+00 -1.210841298103332964e+00 2.774932608008385052e-02 5.200000000000000000e+01
-2.072611331939696822e+00 -2.435310125350952148e+00 -7.382893562316894531e-01 1.800000000000000000e+01
-1.035570621490478960e+00 -1.216791391372681108e+00 8.373752981424331665e-02 4.800000000000000000e+01
-2.503371715545653853e+00 -2.940411806106566939e+00 -7.506425976753234863e-01 1.300000000000000000e+01
-1.041220426559448020e+00 -1.222564935684204102e+00 1.404950618743895929e-01 5.800000000000000000e+01
-3.124525785446166992e+00 -3.667413234710692915e+00 -7.630873322486877441e-01 1.100000000000000000e+01
-1.045557856559752974e+00 -1.226790070533751997e+00 1.979158073663712103e-01 5.200000000000000000e+01
-3.870129108428955078e+00 -4.539354324340820312e+00 -7.324347496032714844e-01 2.400000000000000000e+01
-1.067785739898682085e+00 -1.251985192298888938e+00 2.606198191642761230e-01 7.500000000000000000e+01
-1.057588458061218040e+00 -1.240028858184814009e+00 -1.425867974758147916e-01 1.100000000000000000e+01
-1.062724351882935014e+00 -1.245610475540160911e+00 3.182694017887114923e-01 6.500000000000000000e+01
-1.034675478935241921e+00 -1.212305903434752974e+00 -8.352818340063095093e-02 4.900000000000000000e+01
-1.088198304176331010e+00 -1.274566888809204102e+00 3.869158029556273859e-01 6.500000000000000000e+01
-1.044153451919556108e+00 -1.222546577453613059e+00 -2.806346863508224140e-02 4.700000000000000000e+01
-1.075443863868712935e+00 -1.258738040924072044e+00 4.436158537864685059e-01 6.600000000000000000e+01
-1.785752415657043013e+00 -2.084945678710937944e+00 -7.355637550354003906e-01 1.900000000000000000e+01
-1.043470263481139915e+00 -1.217867851257323997e+00 2.799366042017937053e-02 5.200000000000000000e+01
-2.083635807037353960e+00 -2.431019783020019975e+00 -7.391891479492187500e-01 1.900000000000000000e+01
-1.045010805130005105e+00 -1.219235062599181907e+00 8.415621519088745117e-02 5.000000000000000000e+01
-2.507230997085570845e+00 -2.924203395843505859e+00 -7.487344741821289062e-01 1.300000000000000000e+01
-1.046778798103332964e+00 -1.220435261726378950e+00 1.406693756580353061e-01 5.300000000000000000e+01
-3.139881134033203125e+00 -3.659482479095458984e+00 -7.637130618095397949e-01 1.100000000000000000e+01
-1.056298375129699929e+00 -1.230664610862731934e+00 1.991345137357712070e-01 5.300000000000000000e+01
-3.892416715621947798e+00 -4.533348083496093750e+00 -7.336534261703491211e-01 3.300000000000000000e+01
-1.066784262657165971e+00 -1.242442607879638894e+00 2.593683302402495783e-01 7.500000000000000000e+01
-4.708495616912841797e+00 -5.481867790222167969e+00 -6.322277784347534180e-01 1.100000000000000000e+01
-1.073463201522826926e+00 -1.249338626861572044e+00 3.201774954795836847e-01 6.700000000000000000e+01
-1.048014044761657937e+00 -1.219289422035217063e+00 -8.426088839769363403e-02 4.500000000000000000e+01
-1.083747148513793945e+00 -1.260417222976685014e+00 3.837665021419525146e-01 6.800000000000000000e+01
-1.056238532066344993e+00 -1.227990508079529031e+00 -2.827289886772632946e-02 4.500000000000000000e+01
-1.081091165542602983e+00 -1.256440758705138938e+00 4.441334903240203857e-01 7.000000000000000000e+01
-1.223947048187256081e+00 -1.418957352638245073e+00 -5.021089315414428711e-01 1.000000000000000000e+00
-1.054247021675110085e+00 -1.221787929534912109e+00 2.816818468272686005e-02 5.000000000000000000e+01
-2.090835809707642046e+00 -2.422256469726562944e+00 -7.387392520904541016e-01 1.900000000000000000e+01
-1.054480552673340066e+00 -1.221627473831176980e+00 8.457490801811218262e-02 4.900000000000000000e+01
-2.508441448211669922e+00 -2.905032157897949219e+00 -7.460631728172302246e-01 1.300000000000000000e+01
-1.048427700996398926e+00 -1.213758349418639915e+00 1.403207480907439908e-01 5.500000000000000000e+01
-3.157802104949951172e+00 -3.654478788375854048e+00 -7.649645209312438965e-01 1.200000000000000000e+01
-1.068376660346985085e+00 -1.235980749130249023e+00 2.005969434976578036e-01 5.600000000000000000e+01
-3.934185504913330078e+00 -4.549764633178710938e+00 -7.385281920433044434e-01 3.300000000000000000e+01
-1.068530559539794922e+00 -1.235722780227660911e+00 2.587426006793975830e-01 7.200000000000000000e+01
-4.748457431793212891e+00 -5.489508628845214844e+00 -6.350167393684387207e-01 1.200000000000000000e+01
-1.079102277755737083e+00 -1.247068643569946067e+00 3.205591142177581787e-01 7.800000000000000000e+01
-1.074485540390015093e+00 -1.241295218467711958e+00 -8.604031056165695190e-02 3.800000000000000000e+01
-1.091967225074768066e+00 -1.261046051979064941e+00 3.851162195205687921e-01 7.100000000000000000e+01
-1.061827898025512917e+00 -1.225807547569274902e+00 -2.830780297517776142e-02 4.100000000000000000e+01
-1.077879667282104048e+00 -1.243899583816528098e+00 4.410276412963867188e-01 6.900000000000000000e+01
-1.191913127899169922e+00 -1.372589945793152078e+00 -4.870974421501160223e-01 1.000000000000000000e+01
-1.058292746543884055e+00 -1.218285202980041948e+00 2.816818468272686005e-02 5.200000000000000000e+01
-2.100134849548339844e+00 -2.416780710220336914e+00 -7.391891479492187500e-01 9.000000000000000000e+00
-1.069006323814392090e+00 -1.230184674263000044e+00 8.541227877140045166e-02 5.100000000000000000e+01
-2.523213148117064986e+00 -2.902624607086182085e+00 -7.475896477699279785e-01 1.300000000000000000e+01
-1.048524737358093040e+00 -1.205764651298522949e+00 1.397978067398071012e-01 5.600000000000000000e+01
-3.164717435836791992e+00 -3.638025522232056108e+00 -7.637130618095397949e-01 1.100000000000000000e+01
-1.082894325256348100e+00 -1.244410872459412065e+00 2.025468498468399048e-01 6.300000000000000000e+01
-3.974015712738037109e+00 -4.565141677856445312e+00 -7.431592345237731934e-01 3.300000000000000000e+01
-1.070028424263000044e+00 -1.229192733764647993e+00 2.581168711185454767e-01 7.500000000000000000e+01
-4.769251823425292969e+00 -5.476737022399902344e+00 -6.353653669357299805e-01 9.000000000000000000e+00
-1.069046616554260032e+00 -1.227199554443358931e+00 3.163613080978394110e-01 7.600000000000000000e+01
-1.089093208312988059e+00 -1.249771356582642046e+00 -8.687768876552581787e-02 1.300000000000000000e+01
-1.097423553466797097e+00 -1.258886933326720969e+00 3.855661153793334961e-01 6.900000000000000000e+01
-1.082972645759582964e+00 -1.241872310638427956e+00 -2.876156568527222027e-02 3.800000000000000000e+01
-1.074163913726807085e+00 -1.231771230697632058e+00 4.379218220710753839e-01 6.800000000000000000e+01
-1.213229537010193093e+00 -1.387325882911681907e+00 -4.938267469406127930e-01 4.800000000000000000e+01
-1.065172314643860085e+00 -1.217593789100646973e+00 2.823799289762974132e-02 4.500000000000000000e+01
-1.246141195297240989e+00 -1.423957109451293945e+00 -4.368549585342407227e-01 1.000000000000000000e+00
-1.081185817718506081e+00 -1.235463619232177956e+00 8.604031056165695190e-02 5.000000000000000000e+01
-2.528156995773314986e+00 -2.887890577316284180e+00 -7.460631728172302246e-01 1.000000000000000000e+01
-1.055352568626404031e+00 -1.205095052719115989e+00 1.401464343070983887e-01 5.600000000000000000e+01
-3.161777257919311968e+00 -3.609126329421997070e+00 -7.599586248397827148e-01 8.000000000000000000e+00
-1.075456500053405984e+00 -1.227187037467956987e+00 2.003532052040100098e-01 6.200000000000000000e+01
-3.989926815032958984e+00 -4.551241874694824219e+00 -7.431592345237731934e-01 3.700000000000000000e+01
-1.074312567710876021e+00 -1.225450158119202104e+00 2.581168711185454767e-01 7.500000000000000000e+01
-4.797535896301270419e+00 -5.470541477203369141e+00 -6.365855336189270020e-01 7.000000000000000000e+00
-1.066850185394287109e+00 -1.216081261634827104e+00 3.144532144069672186e-01 7.700000000000000000e+01
-1.101811170578002930e+00 -1.255048632621764915e+00 3.855661153793334961e-01 6.900000000000000000e+01
-1.099176883697509988e+00 -1.251607298851012962e+00 -2.907570824027061115e-02 2.900000000000000000e+01
-1.078671455383301003e+00 -1.227825880050658958e+00 4.379218220710753839e-01 7.700000000000000000e+01
-1.222379446029663086e+00 -1.387005209922790971e+00 -4.953796565532683771e-01 5.800000000000000000e+01
-1.084386229515075906e+00 -1.229994773864746094e+00 2.862194739282130848e-02 4.600000000000000000e+01
-1.214219212532043013e+00 -1.376776933670043945e+00 -4.238077998161315918e-01 1.000000000000000000e+01
-1.083493828773498979e+00 -1.228118062019347922e+00 8.583097159862518311e-02 4.900000000000000000e+01
-1.062608718872070090e+00 -1.204021573066710982e+00 1.404950618743895929e-01 5.200000000000000000e+01
-1.084102869033813032e+00 -1.227512121200561968e+00 2.010844200849533081e-01 6.500000000000000000e+01
-3.991600990295410156e+00 -4.518035888671875000e+00 -7.402343750000000000e-01 7.000000000000000000e+00
-1.082933783531188965e+00 -1.225757241249084029e+00 2.590554654598236084e-01 7.800000000000000000e+01
-1.070211410522460938e+00 -1.210505127906799094e+00 3.140715956687927246e-01 8.000000000000000000e+01
-1.100165724754333052e+00 -1.243511080741882102e+00 3.833166062831879217e-01 7.400000000000000000e+01
-1.135781764984131081e+00 -1.283316373825073020e+00 -2.991342544555664062e-02 8.000000000000000000e+00
-1.085725069046020952e+00 -1.226757407188415971e+00 4.389570951461791992e-01 8.000000000000000000e+01
-1.229778289794922097e+00 -1.385619640350342019e+00 -4.964149296283721924e-01 5.900000000000000000e+01
-1.097966670989990012e+00 -1.236669659614562988e+00 2.886627987027167927e-02 4.300000000000000000e+01
-1.225488066673279031e+00 -1.379815340042114036e+00 -4.260573089122772217e-01 4.300000000000000000e+01
-1.087774157524109109e+00 -1.224328517913817915e+00 8.583097159862518311e-02 4.900000000000000000e+01
-1.254417657852173074e+00 -1.411891579627990945e+00 -3.671165108680725098e-01 1.000000000000000000e+00
-1.080040812492371050e+00 -1.215197086334228960e+00 1.422381699085235873e-01 5.200000000000000000e+01
-1.077826976776123047e+00 -1.211854100227355957e+00 1.991345137357712070e-01 5.900000000000000000e+01
-1.088732361793518066e+00 -1.223255395889282005e+00 2.593683302402495783e-01 7.700000000000000000e+01
-1.078346848487854004e+00 -1.211160898208617942e+00 3.152164518833159845e-01 8.200000000000000000e+01
-1.095425128936768022e+00 -1.229478240013123003e+00 3.801672756671906073e-01 6.100000000000000000e+01
-1.099213480949402078e+00 -1.232863426208496094e+00 4.425805807113646906e-01 9.200000000000000000e+01
-1.217395663261414018e+00 -1.363018631935120073e+00 -4.896856248378754217e-01 4.800000000000000000e+01
-1.116502165794373003e+00 -1.249617338180541992e+00 2.925023250281811107e-02 2.600000000000000000e+01
-1.229816794395446999e+00 -1.375958442687988059e+00 -4.260573089122772217e-01 4.500000000000000000e+01
-1.096940159797668013e+00 -1.226860761642456055e+00 8.624965697526931763e-02 5.000000000000000000e+01
-1.216972708702086958e+00 -1.361109852790832964e+00 -3.549047410488129217e-01 1.700000000000000000e+01
-1.082524895668030007e+00 -1.210313081741333008e+00 1.420638561248779019e-01 5.300000000000000000e+01
-1.240770936012268066e+00 -1.386752367019653098e+00 -2.947225272655487061e-01 5.000000000000000000e+00
-1.106783032417296919e+00 -1.236565828323364036e+00 2.037655413150787076e-01 5.900000000000000000e+01
-1.081815600395203081e+00 -1.208246231079102007e+00 2.568653821945189875e-01 7.400000000000000000e+01
-1.084766745567321999e+00 -1.210691571235656960e+00 3.159796893596649170e-01 8.500000000000000000e+01
-1.238409042358397993e+00 -1.381684184074402078e+00 -9.724020957946777344e-02 3.000000000000000000e+00
-1.103185057640075906e+00 -1.230383515357970969e+00 3.815169930458068848e-01 5.300000000000000000e+01
-1.204352140426635964e+00 -1.342743754386902078e+00 -3.148414194583892822e-02 2.000000000000000000e+00
-1.096417069435120073e+00 -1.222405910491942915e+00 4.399923682212830145e-01 8.800000000000000000e+01
-1.222146034240723100e+00 -1.358760833740233931e+00 -4.896856248378754217e-01 5.100000000000000000e+01
-1.220271468162537065e+00 -1.355724573135375977e+00 -4.211083650588989258e-01 3.900000000000000000e+01
-1.115916728973388894e+00 -1.239351034164428933e+00 8.740104734897613525e-02 5.300000000000000000e+01
-1.224343776702881081e+00 -1.359771490097045898e+00 -3.556679785251616877e-01 3.200000000000000000e+01
-1.084076285362244096e+00 -1.203566193580626997e+00 1.417152434587478915e-01 5.500000000000000000e+01
-1.224447369575500044e+00 -1.358932256698607954e+00 -2.897166311740875244e-01 3.100000000000000000e+01
-1.107105493545532005e+00 -1.228271365165710005e+00 2.030343264341354093e-01 5.600000000000000000e+01
-1.229616880416869895e+00 -1.363712191581726074e+00 -2.254582792520523071e-01 1.000000000000000000e+00
-1.088882923126220925e+00 -1.207206845283508079e+00 2.574911415576934814e-01 7.500000000000000000e+01
-1.214358925819396973e+00 -1.346317648887634055e+00 -1.586234569549561102e-01 1.000000000000000000e+00
-1.090301394462585005e+00 -1.208355307579040971e+00 3.163613080978394110e-01 8.600000000000000000e+01
-1.232518553733825906e+00 -1.365491986274719016e+00 -9.640283137559890747e-02 3.100000000000000000e+01
-1.106167197227478027e+00 -1.225078821182250977e+00 3.810670971870421808e-01 7.300000000000000000e+01
-1.205010652542114036e+00 -1.334079742431641069e+00 -3.137942776083946228e-02 2.700000000000000000e+01
-1.091823935508728027e+00 -1.208345413208008035e+00 4.363689124584197998e-01 9.200000000000000000e+01
-1.224759459495543990e+00 -1.351195335388184038e+00 -4.886503517627716064e-01 5.100000000000000000e+01
-1.199510216712952104e+00 -1.322875499725342019e+00 3.116999752819538116e-02 2.000000000000000000e+00
-1.222849607467650923e+00 -1.348142266273498979e+00 -4.202085733413695734e-01 4.800000000000000000e+01
-1.136772632598876953e+00 -1.252806425094604048e+00 8.865711092948913574e-02 4.300000000000000000e+01
-1.222959518432616965e+00 -1.347790718078613059e+00 -3.537598848342896063e-01 4.100000000000000000e+01
-1.096724271774291992e+00 -1.208246350288390891e+00 1.427611112594603937e-01 5.300000000000000000e+01
-1.219032883644104004e+00 -1.342521190643310991e+00 -2.872136831283568781e-01 4.600000000000000000e+01
-1.102470636367798074e+00 -1.213725447654723899e+00 2.013281583786011020e-01 4.400000000000000000e+01
-1.233509182929992898e+00 -1.357511520385741965e+00 -2.252145409584045133e-01 1.900000000000000000e+01
-1.091971874237060991e+00 -1.201745748519897017e+00 2.571782469749451239e-01 8.100000000000000000e+01
-1.211478590965270996e+00 -1.332798838615417036e+00 -1.575775891542434970e-01 2.300000000000000000e+01
-1.085687518119812012e+00 -1.193992137908935991e+00 3.136899769306182861e-01 8.200000000000000000e+01
-1.227001190185547097e+00 -1.348929643630981001e+00 -9.556545317173004150e-02 3.900000000000000000e+01
-1.113486051559448020e+00 -1.223705172538757102e+00 3.819668889045714777e-01 8.300000000000000000e+01
-1.214162468910217063e+00 -1.333879351615905984e+00 -3.148414194583892822e-02 5.400000000000000000e+01
-1.107949018478393999e+00 -1.217193245887755904e+00 4.410276412963867188e-01 9.700000000000000000e+01
-1.230770945549011008e+00 -1.348338723182678001e+00 -4.891679883003234863e-01 5.200000000000000000e+01
-1.196030259132385032e+00 -1.309820294380187988e+00 3.096056915819644928e-02 2.300000000000000000e+01
-1.210462212562561035e+00 -1.325160741806030051e+00 -4.143598377704619806e-01 4.900000000000000000e+01
-1.186946034431457964e+00 -1.298960924148560014e+00 9.221595525741577148e-02 2.700000000000000000e+01
-1.223683834075927956e+00 -1.339165687561034934e+00 -3.526150286197661798e-01 4.800000000000000000e+01
-1.107656359672545943e+00 -1.211763620376586914e+00 1.436326652765274048e-01 5.800000000000000000e+01
-1.223711729049683061e+00 -1.338257789611815962e+00 -2.872136831283568781e-01 4.800000000000000000e+01
-1.109380245208740012e+00 -1.212799191474914995e+00 2.018156349658966064e-01 2.500000000000000000e+01
-1.238240242004394975e+00 -1.353197574615478960e+00 -2.252145409584045133e-01 3.500000000000000000e+01
-1.093701601028441939e+00 -1.194821238517761008e+00 2.565525174140930176e-01 8.700000000000000000e+01
-1.217468857765197976e+00 -1.330031514167786089e+00 -1.577518880367279053e-01 5.500000000000000000e+01
-1.088522911071776900e+00 -1.188747167587280051e+00 3.133083581924437921e-01 8.600000000000000000e+01
-1.215513586997986062e+00 -1.326965212821960005e+00 -9.430938959121704102e-02 4.100000000000000000e+01
-1.117750763893126997e+00 -1.219810843467711958e+00 3.819668889045714777e-01 8.500000000000000000e+01
-1.216108679771422896e+00 -1.326684832572937012e+00 -3.141433000564575195e-02 5.200000000000000000e+01
-1.108485937118530051e+00 -1.208852648735045943e+00 4.394747316837310791e-01 9.500000000000000000e+01
-1.235000848770142046e+00 -1.344465494155884011e+00 -4.891679883003234863e-01 5.200000000000000000e+01
-1.187961935997009055e+00 -1.292804360389709029e+00 3.064642660319805145e-02 4.400000000000000000e+01
-1.209344148635864036e+00 -1.315612673759460005e+00 -4.125602245330811102e-01 5.400000000000000000e+01
-1.181557655334473100e+00 -1.284934282302856001e+00 9.148325026035308838e-02 3.400000000000000000e+01
-1.215924978256226030e+00 -1.322308421134948953e+00 -3.491804599761962891e-01 5.000000000000000000e+01
-1.126295089721679910e+00 -1.224407792091370073e+00 1.455500870943068903e-01 6.200000000000000000e+01
-1.223897099494934082e+00 -1.330046057701111062e+00 -2.862750589847565252e-01 5.000000000000000000e+01
-1.121251463890075906e+00 -1.218071103096008079e+00 2.032780647277832031e-01 4.900000000000000000e+01
-1.226349115371704102e+00 -1.331777453422545943e+00 -2.222896814346312921e-01 3.400000000000000000e+01
-1.097241878509521040e+00 -1.191570878028870073e+00 2.565525174140930176e-01 7.800000000000000000e+01
-1.217591643333435059e+00 -1.321803927421570046e+00 -1.572289615869522095e-01 5.200000000000000000e+01
-1.096243262290955034e+00 -1.189652800559998003e+00 3.144532144069672186e-01 8.800000000000000000e+01
-1.210200428962707964e+00 -1.312860250473022017e+00 -9.357669204473495483e-02 4.700000000000000000e+01
-1.118935227394104004e+00 -1.213428139686584029e+00 3.810670971870421808e-01 8.300000000000000000e+01
-1.214847207069396973e+00 -1.316978454589843972e+00 -3.127471357584000328e-02 4.800000000000000000e+01
-1.119926929473876953e+00 -1.214078307151793990e+00 4.425805807113646906e-01 9.500000000000000000e+01
-1.230503559112549050e+00 -1.330219388008117898e+00 -4.855445325374603271e-01 5.600000000000000000e+01
-1.189751148223876953e+00 -1.285714268684386985e+00 3.057661652565002094e-02 5.100000000000000000e+01
-1.217900514602660911e+00 -1.315673470497130904e+00 -4.139099419116973877e-01 4.800000000000000000e+01
-1.161609411239624023e+00 -1.254423975944519043e+00 8.959915488958358765e-02 4.600000000000000000e+01
-1.215197563171386941e+00 -1.312294006347656028e+00 -3.476539850234984796e-01 5.100000000000000000e+01
-1.131916165351867898e+00 -1.221930503845215066e+00 1.457244008779526034e-01 6.500000000000000000e+01
-1.224504470825195090e+00 -1.321418881416321023e+00 -2.853364646434783936e-01 4.900000000000000000e+01
-1.130894541740417036e+00 -1.219973087310791016e+00 2.042530179023742953e-01 5.900000000000000000e+01
-1.226941108703613059e+00 -1.323121786117553933e+00 -2.215584665536879938e-01 4.200000000000000000e+01
-1.097571492195128950e+00 -1.183196663856505904e+00 2.556139230728148859e-01 7.400000000000000000e+01
-1.218133211135864036e+00 -1.313163638114928977e+00 -1.567060202360152921e-01 5.700000000000000000e+01
-1.103060126304626021e+00 -1.188697218894958052e+00 3.152164518833159845e-01 9.800000000000000000e+01
-1.212058186531066895e+00 -1.305700302124022993e+00 -9.336734563112258911e-02 5.200000000000000000e+01
-1.123164057731627974e+00 -1.209514856338500977e+00 3.810670971870421808e-01 8.000000000000000000e+01
-1.207188129425049050e+00 -1.299543857574462891e+00 -3.096056915819644928e-02 4.900000000000000000e+01
-1.121739149093627930e+00 -1.207135081291198953e+00 4.415452778339385986e-01 9.200000000000000000e+01
-1.221112132072448953e+00 -1.309940695762634055e+00 -4.798505008220673163e-01 5.000000000000000000e+01
-1.182404994964600053e+00 -1.267974138259887917e+00 3.026247210800648083e-02 5.200000000000000000e+01
-1.225601911544800027e+00 -1.313837409019469993e+00 -4.148097336292266846e-01 5.100000000000000000e+01
-1.170505404472351074e+00 -1.254335165023803933e+00 8.991317451000213623e-02 4.300000000000000000e+01
-1.224245786666869895e+00 -1.311924457550049050e+00 -3.487988412380219061e-01 5.700000000000000000e+01
-1.125723242759705034e+00 -1.205923795700073020e+00 1.443299055099487027e-01 6.400000000000000000e+01
-1.222828269004821999e+00 -1.309488654136657937e+00 -2.837721109390258789e-01 5.100000000000000000e+01
-1.135570526123047097e+00 -1.215621709823607954e+00 2.042530179023742953e-01 6.900000000000000000e+01
-1.230657100677490012e+00 -1.316950559616089089e+00 -2.213147282600403110e-01 4.900000000000000000e+01
-1.095157265663146973e+00 -1.171949386596679910e+00 2.540495693683624268e-01 5.500000000000000000e+01
-1.216363430023192915e+00 -1.301199316978455034e+00 -1.558344662189483920e-01 5.900000000000000000e+01
-1.096888661384582964e+00 -1.172981262207031028e+00 3.121635019779204767e-01 9.800000000000000000e+01
-1.215698361396789995e+00 -1.299578189849853960e+00 -9.326267242431640625e-02 5.600000000000000000e+01
-1.127799987792968972e+00 -1.205193400382996050e+00 3.810670971870421808e-01 8.000000000000000000e+01
-1.210802435874938965e+00 -1.293439149856566939e+00 -3.092566505074501038e-02 5.000000000000000000e+01
-1.116914391517638938e+00 -1.193143248558043990e+00 4.379218220710753839e-01 8.800000000000000000e+01
-1.226999402046204057e+00 -1.307078719139098899e+00 -4.803681373596190851e-01 5.100000000000000000e+01
-1.184086084365844949e+00 -1.260923624038696067e+00 3.019266389310359955e-02 5.200000000000000000e+01
-1.222175121307373047e+00 -1.301029205322266069e+00 -4.121103286743164062e-01 4.800000000000000000e+01
-1.170773506164551003e+00 -1.245875358581542969e+00 8.959915488958358765e-02 4.800000000000000000e+01
-1.223440051078795943e+00 -1.301920294761657937e+00 -3.472723662853240967e-01 5.500000000000000000e+01
-1.134019732475280984e+00 -1.206341981887816939e+00 1.448528468608855924e-01 6.400000000000000000e+01
-1.220625519752501997e+00 -1.298017024993896040e+00 -2.822077870368958075e-01 5.300000000000000000e+01
-1.118044495582581010e+00 -1.188516378402709961e+00 2.003532052040100098e-01 3.400000000000000000e+01
-1.232525825500488059e+00 -1.309755444526671919e+00 -2.208272516727448065e-01 5.200000000000000000e+01
-1.092472672462462935e+00 -1.160926580429076926e+00 2.524852156639099121e-01 4.900000000000000000e+01
-1.222263693809509055e+00 -1.298396229743957964e+00 -1.560087800025939941e-01 5.900000000000000000e+01
-1.100976467132567915e+00 -1.169145226478577104e+00 3.121635019779204767e-01 9.800000000000000000e+01
-1.214749336242676003e+00 -1.289511561393738015e+00 -9.284398704767227173e-02 5.400000000000000000e+01
-1.137345910072327104e+00 -1.206922173500061035e+00 3.828666806221007746e-01 7.800000000000000000e+01
-1.216681718826293945e+00 -1.290659904479980025e+00 -3.096056915819644928e-02 5.200000000000000000e+01
-1.121072411537169966e+00 -1.189237236976623979e+00 4.379218220710753839e-01 7.600000000000000000e+01
-1.235079526901244895e+00 -1.307430505752563032e+00 -4.819210767745972235e-01 5.000000000000000000e+01
-1.185294628143310991e+00 -1.254290699958801047e+00 3.012285381555556904e-02 5.000000000000000000e+01
-1.214208006858825906e+00 -1.284438014030456987e+00 -4.080612063407897949e-01 5.200000000000000000e+01
-1.180170893669127974e+00 -1.247995734214782937e+00 9.001784771680831909e-02 5.700000000000000000e+01
-1.228873014450073020e+00 -1.299496769905090110e+00 -3.476539850234984796e-01 5.800000000000000000e+01
-1.139173150062561035e+00 -1.204220771789551003e+00 1.450271606445313055e-01 6.100000000000000000e+01
-1.221981763839721902e+00 -1.291306376457213911e+00 -2.815820276737213135e-01 5.300000000000000000e+01
-1.129960894584655984e+00 -1.193647623062134011e+00 2.018156349658966064e-01 7.000000000000000000e+01
-1.233904600143433061e+00 -1.302994132041930930e+00 -2.203397750854491910e-01 5.100000000000000000e+01
-1.092240929603577104e+00 -1.152995228767395020e+00 2.515466213226317804e-01 5.500000000000000000e+01
-1.223596334457397017e+00 -1.291657090187072976e+00 -1.556601524353027066e-01 5.900000000000000000e+01
-1.101943254470824973e+00 -1.162830591201782005e+00 3.114002943038939875e-01 9.800000000000000000e+01
-1.203679800033568892e+00 -1.269744634628295898e+00 -9.169259667396545410e-02 5.100000000000000000e+01
-1.135768294334412065e+00 -1.197687029838562012e+00 3.810670971870421808e-01 8.000000000000000000e+01
-1.217978000640868919e+00 -1.283929705619812012e+00 -3.089075908064841877e-02 5.400000000000000000e+01
-1.122143864631653054e+00 -1.182906270027161089e+00 4.368865489959716797e-01 8.200000000000000000e+01
-1.231646656990051047e+00 -1.294713258743285911e+00 -4.788152277469635010e-01 4.400000000000000000e+01
-1.197936892509460005e+00 -1.258837223052978960e+00 3.033228218555450093e-02 5.200000000000000000e+01
-1.221371412277221902e+00 -1.283014655113219993e+00 -4.089610278606414795e-01 5.800000000000000000e+01
-1.169369220733643022e+00 -1.227958679199218972e+00 8.886645734310150146e-02 6.000000000000000000e+01
-1.223924279212952104e+00 -1.285247087478637917e+00 -3.449826538562775213e-01 5.600000000000000000e+01
-1.152989387512207031e+00 -1.210335135459899902e+00 1.462473422288894931e-01 5.800000000000000000e+01
-1.216942548751831055e+00 -1.277022719383239968e+00 -2.793919444084166925e-01 5.100000000000000000e+01
-1.131381273269653098e+00 -1.186822414398192915e+00 2.013281583786011020e-01 9.900000000000000000e+01
-1.228855609893799050e+00 -1.288622975349426047e+00 -2.186336070299149115e-01 5.000000000000000000e+01
-1.100349545478821023e+00 -1.153463602066040039e+00 2.524852156639099121e-01 6.800000000000000000e+01
-1.232223272323607954e+00 -1.291702985763550027e+00 -1.561830937862395963e-01 5.900000000000000000e+01
-1.114127874374390093e+00 -1.167498946189879927e+00 3.136899769306182861e-01 9.800000000000000000e+01
-1.210862874984740989e+00 -1.268424630165100098e+00 -9.190193563699722290e-02 5.300000000000000000e+01
-1.134558677673340066e+00 -1.188077807426453081e+00 3.792674839496613104e-01 8.100000000000000000e+01
-1.221071004867553933e+00 -1.278224349021912065e+00 -3.085585497319697987e-02 5.600000000000000000e+01
-1.134479999542236106e+00 -1.187165498733520952e+00 4.399923682212830145e-01 9.700000000000000000e+01
-1.232149481773376021e+00 -1.286221027374268022e+00 -4.772623181343079168e-01 4.500000000000000000e+01
-1.203707337379456010e+00 -1.256091713905334029e+00 3.036718629300593983e-02 5.200000000000000000e+01
-1.229888200759887917e+00 -1.282963752746582031e+00 -4.103107154369354248e-01 5.400000000000000000e+01
-1.177795648574829102e+00 -1.228193879127501997e+00 8.918046951293945312e-02 6.100000000000000000e+01
-1.228403210639954057e+00 -1.280966997146606001e+00 -3.449826538562775213e-01 5.500000000000000000e+01
-1.154448747634887917e+00 -1.203427433967590110e+00 1.458987146615982056e-01 5.100000000000000000e+01
-1.218657255172729048e+00 -1.269916415214539018e+00 -2.787662148475646973e-01 4.600000000000000000e+01
-1.131392955780029075e+00 -1.178569793701172097e+00 2.005969434976578036e-01 8.600000000000000000e+01
-1.234721302986145020e+00 -1.285757422447205034e+00 -2.188773453235625943e-01 5.100000000000000000e+01
-1.120790958404541016e+00 -1.166710257530211958e+00 2.562396526336669922e-01 7.500000000000000000e+01
-1.228443026542664018e+00 -1.278772830963134988e+00 -1.551372259855270108e-01 6.100000000000000000e+01
-1.129079103469849077e+00 -1.174927353858947976e+00 3.167429268360137939e-01 1.000000000000000000e+02
-1.218051433563231978e+00 -1.267069935798645020e+00 -9.211128205060958862e-02 5.200000000000000000e+01
-1.138698935508728027e+00 -1.184110164642333984e+00 3.792674839496613104e-01 8.300000000000000000e+01
-1.213048338890075906e+00 -1.260984182357788086e+00 -3.054171055555343975e-02 5.600000000000000000e+01
-1.139749884605407937e+00 -1.184789061546325906e+00 4.405100047588347834e-01 9.500000000000000000e+01
-1.227242946624756081e+00 -1.272179603576659934e+00 -4.736388623714447021e-01 5.000000000000000000e+01
-1.206695914268494096e+00 -1.250443458557128906e+00 3.033228218555450093e-02 5.600000000000000000e+01
-1.237066030502318892e+00 -1.281466960906981978e+00 -4.112105369567871094e-01 5.100000000000000000e+01
-1.187625288963318093e+00 -1.229822039604187012e+00 8.959915488958358765e-02 6.300000000000000000e+01
-1.232867121696471946e+00 -1.276671290397644043e+00 -3.449826538562775213e-01 5.600000000000000000e+01
-1.150336742401123047e+00 -1.190792560577393022e+00 1.448528468608855924e-01 5.000000000000000000e+01
-1.224455475807189941e+00 -1.267075300216675027e+00 -2.790790796279907227e-01 5.300000000000000000e+01
-1.153436303138732910e+00 -1.193167328834533913e+00 2.037655413150787076e-01 7.400000000000000000e+01
-1.241961836814879927e+00 -1.284293532371520996e+00 -2.193648219108582098e-01 5.200000000000000000e+01
-1.127603650093079057e+00 -1.165630340576172097e+00 2.568653821945189875e-01 7.500000000000000000e+01
-1.224587678909301980e+00 -1.265884995460510032e+00 -1.540913581848145086e-01 5.900000000000000000e+01
-1.126347064971924050e+00 -1.163924932479857954e+00 3.148348331451416016e-01 9.100000000000000000e+01
-1.229412794113158958e+00 -1.269985437393188032e+00 -9.263464063405990601e-02 5.400000000000000000e+01
-1.148247957229614036e+00 -1.185727834701538086e+00 3.810670971870421808e-01 8.000000000000000000e+01
-1.217442631721497026e+00 -1.256742119789123979e+00 -3.054171055555343975e-02 5.800000000000000000e+01
-1.126404523849487083e+00 -1.162765264511107954e+00 4.337807297706604004e-01 8.800000000000000000e+01
-1.236158490180969016e+00 -1.271613597869873047e+00 -4.751917719841002863e-01 5.600000000000000000e+01
-1.204517841339111106e+00 -1.238632798194885032e+00 3.015775792300701141e-02 6.000000000000000000e+01
-1.251489281654357910e+00 -1.286485314369202104e+00 -4.143598377704619806e-01 4.900000000000000000e+01
-1.199088215827941895e+00 -1.232618927955626997e+00 9.012251347303390503e-02 6.000000000000000000e+01
-1.244606137275696023e+00 -1.278962969779968040e+00 -3.468907475471497137e-01 4.900000000000000000e+01
-1.166018724441528098e+00 -1.197788000106811968e+00 1.462473422288894931e-01 5.200000000000000000e+01
-1.221042752265929954e+00 -1.253873109817505105e+00 -2.772018611431121826e-01 5.400000000000000000e+01
-1.149698138236999956e+00 -1.180198192596435991e+00 2.023031115531921109e-01 3.300000000000000000e+01
-1.248269438743591087e+00 -1.280936956405640093e+00 -2.196085602045058927e-01 5.400000000000000000e+01
-1.137382864952086958e+00 -1.167148590087891069e+00 2.581168711185454767e-01 7.200000000000000000e+01
-1.229439258575439009e+00 -1.261173605918884055e+00 -1.540913581848145086e-01 6.000000000000000000e+01
-1.133549332618712935e+00 -1.162402629852294922e+00 3.155980706214904785e-01 9.300000000000000000e+01
-1.235674738883971946e+00 -1.266685128211975098e+00 -9.273931384086608887e-02 5.800000000000000000e+01
-1.155514359474181907e+00 -1.184099555015563965e+00 3.819668889045714777e-01 8.000000000000000000e+01
-1.222259163856505904e+00 -1.252058267593384011e+00 -3.054171055555343975e-02 5.700000000000000000e+01
-1.136258840560913086e+00 -1.163961172103882058e+00 4.358512759208679199e-01 8.600000000000000000e+01
-1.245995283126831055e+00 -1.272812843322753906e+00 -4.772623181343079168e-01 4.500000000000000000e+01
-1.211632370948791948e+00 -1.237278223037719949e+00 3.022756800055503845e-02 5.900000000000000000e+01
-1.253244876861572044e+00 -1.279324769973755105e+00 -4.134600460529326837e-01 5.200000000000000000e+01
-1.198006272315979004e+00 -1.222509741783142090e+00 8.970382809638977051e-02 6.000000000000000000e+01
-1.253185272216797097e+00 -1.278817415237426980e+00 -3.480356037616729736e-01 4.300000000000000000e+01
-1.172982215881348100e+00 -1.196556091308593972e+00 1.465959548950195035e-01 5.000000000000000000e+01
-1.233710646629333052e+00 -1.258065581321716087e+00 -2.790790796279907227e-01 5.200000000000000000e+01
-1.156591057777405007e+00 -1.179011940956115945e+00 2.027905881404876987e-01 7.000000000000000000e+01
-1.247171521186829057e+00 -1.270904541015625000e+00 -2.186336070299149115e-01 5.100000000000000000e+01
-1.144420742988585982e+00 -1.165791392326354980e+00 2.587426006793975830e-01 7.500000000000000000e+01
-1.233834147453308105e+00 -1.256874442100524902e+00 -1.540913581848145086e-01 6.300000000000000000e+01
-1.137599945068358931e+00 -1.158438682556151900e+00 3.155980706214904785e-01 9.300000000000000000e+01
-1.231690883636475053e+00 -1.253815412521362083e+00 -9.211128205060958862e-02 6.100000000000000000e+01
-1.159640669822693093e+00 -1.180058836936950906e+00 3.819668889045714777e-01 7.800000000000000000e+01
-1.232229590415955034e+00 -1.253488302230834961e+00 -3.068133071064949036e-02 5.800000000000000000e+01
-1.151353597640990989e+00 -1.170808076858520952e+00 4.399923682212830145e-01 8.800000000000000000e+01
-1.279814004898071067e+00 -1.299169421195984109e+00 -4.886503517627716064e-01 4.000000000000000000e+01
-1.215513348579406960e+00 -1.233465671539307085e+00 3.022756800055503845e-02 6.000000000000000000e+01
-1.259994029998779075e+00 -1.278156876564026101e+00 -4.143598377704619806e-01 5.200000000000000000e+01
-1.194617629051208052e+00 -1.211838126182555930e+00 8.918046951293945312e-02 6.100000000000000000e+01
-1.255818128585814986e+00 -1.273476243019104004e+00 -3.476539850234984796e-01 3.900000000000000000e+01
-1.186529994010925071e+00 -1.202793836593627930e+00 1.478161364793776911e-01 5.300000000000000000e+01
-1.247369408607482910e+00 -1.264025807380676047e+00 -2.812691628932952881e-01 5.000000000000000000e+01
-1.163078427314758079e+00 -1.178197979927062988e+00 2.032780647277832031e-01 9.000000000000000000e+01
-1.239999413490294966e+00 -1.255680441856384055e+00 -2.166836857795715054e-01 5.100000000000000000e+01
-1.145300984382628950e+00 -1.159379720687865989e+00 2.581168711185454767e-01 7.700000000000000000e+01
-1.241977214813231978e+00 -1.257244229316710982e+00 -1.546142846345900934e-01 6.700000000000000000e+01
-1.145373582839966042e+00 -1.159048438072205034e+00 3.167429268360137939e-01 8.500000000000000000e+01
-1.235623836517333984e+00 -1.249939799308777078e+00 -9.211128205060958862e-02 6.700000000000000000e+01
-1.160601615905761941e+00 -1.173638701438904031e+00 3.810670971870421808e-01 8.000000000000000000e+01
-1.223504543304442915e+00 -1.236816287040710005e+00 -3.036718629300593983e-02 5.900000000000000000e+01
-1.162973999977112038e+00 -1.175627231597899947e+00 4.430982172489166260e-01 8.800000000000000000e+01
-1.310191154479980025e+00 -1.320752501487731934e+00 -4.984854757785797119e-01 4.400000000000000000e+01
-1.225445747375488059e+00 -1.234892845153809038e+00 3.036718629300593983e-02 6.100000000000000000e+01
-1.275431156158447044e+00 -1.284814953804015891e+00 -4.179590642452239990e-01 4.900000000000000000e+01
-1.207283020019531028e+00 -1.216165423393249956e+00 8.980850130319595337e-02 6.100000000000000000e+01
-1.260255694389343040e+00 -1.269084811210632102e+00 -3.476539850234984796e-01 4.000000000000000000e+01
-1.193529605865478960e+00 -1.201471686363219993e+00 1.481647640466690063e-01 5.300000000000000000e+01
-1.257343649864196999e+00 -1.265268683433532937e+00 -2.825206518173217773e-01 4.500000000000000000e+01
-1.175581097602844016e+00 -1.182577848434448020e+00 2.047404944896697998e-01 8.700000000000000000e+01
-1.249974012374877930e+00 -1.256974816322327104e+00 -2.176586538553237915e-01 5.000000000000000000e+01
-1.146554708480834961e+00 -1.152573823928833008e+00 2.574911415576934814e-01 7.200000000000000000e+01
-1.235117077827454057e+00 -1.241601109504699929e+00 -1.532197892665863037e-01 7.300000000000000000e+01
-1.160491108894347922e+00 -1.166176199913024902e+00 3.197958767414093018e-01 8.500000000000000000e+01
-1.239979386329651101e+00 -1.245619058609009011e+00 -9.211128205060958862e-02 6.300000000000000000e+01
-1.161941170692444070e+00 -1.166818499565124956e+00 3.801672756671906073e-01 7.800000000000000000e+01
-1.223580479621886985e+00 -1.228287816047668013e+00 -3.026247210800648083e-02 5.700000000000000000e+01
-1.157526850700377974e+00 -1.161980032920836958e+00 4.394747316837310791e-01 7.400000000000000000e+01
-1.311155438423156960e+00 -1.311613202095031960e+00 -4.969325661659240723e-01 3.600000000000000000e+01
-1.224522471427917036e+00 -1.224522471427917036e+00 3.022756800055503845e-02 6.000000000000000000e+01
-1.292758941650391069e+00 -1.292307734489440918e+00 -4.220081865787506104e-01 5.000000000000000000e+01
-1.210742473602294922e+00 -1.209897518157958984e+00 8.970382809638977051e-02 6.000000000000000000e+01
-1.272062897682189941e+00 -1.271175146102905051e+00 -3.495620787143707275e-01 3.800000000000000000e+01
-1.188267111778259055e+00 -1.187023401260375977e+00 1.469445824623107910e-01 5.800000000000000000e+01
-1.266386032104491965e+00 -1.264618992805480957e+00 -2.834592461585999090e-01 4.300000000000000000e+01
-1.188542604446410911e+00 -1.186469912528991921e+00 2.062029242515563965e-01 9.300000000000000000e+01
-1.251981019973755105e+00 -1.249361515045166016e+00 -2.171711772680282870e-01 4.700000000000000000e+01
-1.156364440917968972e+00 -1.153945207595824973e+00 2.587426006793975830e-01 7.400000000000000000e+01
-1.239875435829163042e+00 -1.236849546432494895e+00 -1.532197892665863037e-01 7.200000000000000000e+01
-1.163570165634155051e+00 -1.160325407981873003e+00 3.194142580032349188e-01 8.000000000000000000e+01
-1.244753003120421919e+00 -1.240848660469054954e+00 -9.211128205060958862e-02 6.100000000000000000e+01
-1.169173598289489968e+00 -1.165099501609802024e+00 3.810670971870421808e-01 8.300000000000000000e+01
-1.229704499244689941e+00 -1.224991798400878906e+00 -3.029737807810306896e-02 5.400000000000000000e+01
-1.159444212913512962e+00 -1.154597759246825950e+00 4.384394586086273193e-01 7.300000000000000000e+01
-1.220275759696960005e+00 -1.211786270141602007e+00 3.001813963055611004e-02 5.900000000000000000e+01
-1.293112993240356001e+00 -1.283668637275696023e+00 -4.206584692001342773e-01 2.700000000000000000e+01
-1.220417737960814986e+00 -1.211504220962523970e+00 9.012251347303390503e-02 6.000000000000000000e+01
-1.275098800659179910e+00 -1.265344142913817915e+00 -3.491804599761962891e-01 4.000000000000000000e+01
-1.198061227798461914e+00 -1.188480973243712935e+00 1.476418226957320889e-01 5.800000000000000000e+01
-1.267987370491028054e+00 -1.257408976554871050e+00 -2.828335165977478027e-01 4.400000000000000000e+01
-1.191267132759094016e+00 -1.180916428565979004e+00 2.059591859579086026e-01 9.600000000000000000e+01
-1.260564565658568892e+00 -1.249175548553467019e+00 -2.179023921489716131e-01 4.400000000000000000e+01
-1.171813130378722922e+00 -1.160820722579956055e+00 2.612455487251281738e-01 6.600000000000000000e+01
-1.238523483276366965e+00 -1.226905345916748047e+00 -1.525225490331650058e-01 7.300000000000000000e+01
-1.170403361320496050e+00 -1.159019589424133079e+00 3.201774954795836847e-01 9.300000000000000000e+01
-1.251915574073791948e+00 -1.239306330680846946e+00 -9.232062846422195435e-02 6.100000000000000000e+01
-1.178774118423461914e+00 -1.166494250297545943e+00 3.828666806221007746e-01 8.500000000000000000e+01
-1.239659547805785911e+00 -1.226317167282104048e+00 -3.043699637055397034e-02 5.200000000000000000e+01
-1.167588353157043013e+00 -1.154618620872498003e+00 4.399923682212830145e-01 7.700000000000000000e+01
-1.939868569374084029e+00 -1.914974689483643022e+00 -7.303873300552368164e-01 1.600000000000000000e+01
-1.225499987602234109e+00 -1.209351301193237083e+00 3.005304373800754894e-02 5.700000000000000000e+01
-2.261323213577270952e+00 -2.230746269226074219e+00 -7.333404421806335449e-01 1.000000000000000000e+01
-1.225639581680298074e+00 -1.209066867828368919e+00 9.022718667984008789e-02 6.000000000000000000e+01
-1.297240257263184038e+00 -1.279252648353577104e+00 -3.541415035724639893e-01 4.500000000000000000e+01
-1.208883404731750044e+00 -1.191704869270324929e+00 1.485133916139602939e-01 5.900000000000000000e+01
-1.288815379142761008e+00 -1.270057559013366921e+00 -2.865879535675048828e-01 4.400000000000000000e+01
-1.193557024002074973e+00 -1.175775051116942915e+00 2.057154476642608920e-01 1.000000000000000000e+02
-1.258825063705443892e+00 -1.239637851715087891e+00 -2.169274240732192993e-01 4.400000000000000000e+01
-1.180882096290587935e+00 -1.162882924079895020e+00 2.624970376491547186e-01 5.800000000000000000e+01
-1.253730535507201926e+00 -1.234190106391906960e+00 -1.539170444011687955e-01 6.900000000000000000e+01
-1.172639369964600053e+00 -1.153959870338439941e+00 3.197958767414093018e-01 9.800000000000000000e+01
-1.247259974479675071e+00 -1.226963281631469949e+00 -9.169259667396545410e-02 6.100000000000000000e+01
-1.176875114440917969e+00 -1.157319664955138938e+00 3.810670971870421808e-01 8.100000000000000000e+01
-1.257766366004944070e+00 -1.236435174942017046e+00 -3.078604489564895977e-02 5.300000000000000000e+01
-1.179477334022521973e+00 -1.159069180488585982e+00 4.430982172489166260e-01 8.200000000000000000e+01
-1.953438997268676980e+00 -1.914953470230102983e+00 -7.329755425453186035e-01 1.700000000000000000e+01
-1.235426902770996094e+00 -1.210664510726928933e+00 3.019266389310359955e-02 6.300000000000000000e+01
-2.278840780258179155e+00 -2.232385158538817915e+00 -7.364897727966308594e-01 1.300000000000000000e+01
-1.219865322113037109e+00 -1.194997549057007058e+00 8.949448168277740479e-02 5.200000000000000000e+01
-1.293281674385071023e+00 -1.266474962234497070e+00 -3.518517911434174139e-01 4.300000000000000000e+01
-1.220154643058777078e+00 -1.194446563720702903e+00 1.493849456310271939e-01 5.800000000000000000e+01
-1.296064615249634011e+00 -1.268314242362976074e+00 -2.872136831283568781e-01 3.400000000000000000e+01
-1.206168055534363015e+00 -1.179930448532104048e+00 2.071778774261474887e-01 1.000000000000000000e+02
-1.253209710121155007e+00 -1.225520849227905051e+00 -2.152212560176849088e-01 4.700000000000000000e+01
-1.187758803367614968e+00 -1.161516070365905984e+00 2.631227672100067139e-01 5.400000000000000000e+01
-1.265154719352721946e+00 -1.236770033836364968e+00 -1.547885984182358066e-01 6.100000000000000000e+01
-1.186489224433898926e+00 -1.159464597702025923e+00 3.224672079086304266e-01 1.000000000000000000e+02
-1.250106573104857954e+00 -1.221206426620482954e+00 -9.158792346715927124e-02 6.600000000000000000e+01
-1.180907726287842019e+00 -1.153204560279845969e+00 3.810670971870421808e-01 8.100000000000000000e+01
-1.254920125007628950e+00 -1.225052833557128906e+00 -3.061152063310145985e-02 5.600000000000000000e+01
-1.191811680793761985e+00 -1.163040280342102051e+00 4.462040364742279053e-01 7.600000000000000000e+01
-1.957342982292175071e+00 -1.905427932739258035e+00 -7.319402694702148438e-01 1.800000000000000000e+01
-1.241078495979309082e+00 -1.207739353179932085e+00 3.022756800055503845e-02 6.000000000000000000e+01
-2.290809869766234907e+00 -2.228493452072143999e+00 -7.378394603729248047e-01 1.300000000000000000e+01
-1.224029302597045898e+00 -1.190732121467590110e+00 8.949448168277740479e-02 5.100000000000000000e+01
-2.748804330825806108e+00 -2.673095464706420898e+00 -7.452999353408813477e-01 8.000000000000000000e+00
-1.224316596984863059e+00 -1.190180182456969993e+00 1.493849456310271939e-01 5.800000000000000000e+01
-1.297650575637816939e+00 -1.261029005050658958e+00 -2.865879535675048828e-01 1.800000000000000000e+01
-1.221670269966125044e+00 -1.186778545379638894e+00 2.091277986764908114e-01 9.100000000000000000e+01
-1.257479906082153098e+00 -1.221138834953308105e+00 -2.152212560176849088e-01 4.800000000000000000e+01
-1.194640278816222922e+00 -1.160115242004394975e+00 2.637484967708588202e-01 5.300000000000000000e+01
-1.268034577369689941e+00 -1.230958461761475053e+00 -1.546142846345900934e-01 5.800000000000000000e+01
-1.186302542686461958e+00 -1.151214241981505904e+00 3.213223516941071112e-01 8.500000000000000000e+01
-1.257228851318358931e+00 -1.219616651535033958e+00 -9.179726988077163696e-02 6.400000000000000000e+01
-1.184925913810729980e+00 -1.149075388908386008e+00 3.810670971870421808e-01 7.600000000000000000e+01
-1.253445506095886008e+00 -1.215097427368164062e+00 -3.047190234065055847e-02 5.800000000000000000e+01
-1.181791186332703081e+00 -1.145635366439818892e+00 4.410276412963867188e-01 7.700000000000000000e+01
-1.954259634017943892e+00 -1.889185070991515891e+00 -7.283167839050292969e-01 1.500000000000000000e+01
-1.242410778999329057e+00 -1.200620651245116965e+00 3.015775792300701141e-02 6.100000000000000000e+01
-2.299976348876953125e+00 -2.221837282180786133e+00 -7.382893562316894531e-01 1.300000000000000000e+01
-1.236796975135803001e+00 -1.194778203964232954e+00 9.012251347303390503e-02 5.200000000000000000e+01
-2.752469301223754883e+00 -2.658028841018677202e+00 -7.437734603881835938e-01 1.300000000000000000e+01
-1.221296429634094016e+00 -1.178980350494384988e+00 1.485133916139602939e-01 5.900000000000000000e+01
-3.466906785964965820e+00 -3.345614910125731978e+00 -7.630873322486877441e-01 8.000000000000000000e+00
-1.231520175933837891e+00 -1.188019752502440962e+00 2.101027518510817926e-01 9.300000000000000000e+01
-1.263163685798645020e+00 -1.218119978904723899e+00 -2.154649943113327026e-01 8.000000000000000000e+00
-1.211479902267456055e+00 -1.168279051780700906e+00 2.665643393993378241e-01 6.300000000000000000e+01
-1.260848402976989968e+00 -1.215462565422058105e+00 -1.532197892665863037e-01 5.800000000000000000e+01
-1.193141222000122070e+00 -1.149790883064270020e+00 3.220855891704558771e-01 7.700000000000000000e+01
-1.264355301856995073e+00 -1.217991948127747026e+00 -9.200660884380340576e-02 6.000000000000000000e+01
-1.200159311294556108e+00 -1.155746221542357954e+00 3.846662938594818115e-01 5.800000000000000000e+01
-1.259119987487792969e+00 -1.212101578712462935e+00 -3.050680644810200084e-02 5.900000000000000000e+01
-1.180414199829102007e+00 -1.135937929153441939e+00 4.389570951461791992e-01 8.000000000000000000e+01
-1.966416716575623003e+00 -1.887703299522399902e+00 -7.303873300552368164e-01 1.600000000000000000e+01
-1.236494541168212891e+00 -1.186584353446960005e+00 2.991342544555664062e-02 5.700000000000000000e+01
-2.300686597824097124e+00 -2.207050085067749023e+00 -7.360398769378662109e-01 1.300000000000000000e+01
-1.251258611679076926e+00 -1.199913859367371050e+00 9.085521847009658813e-02 5.800000000000000000e+01
-2.761730909347534180e+00 -2.648404598236083984e+00 -7.437734603881835938e-01 1.300000000000000000e+01
-1.235472321510314941e+00 -1.184361457824707031e+00 1.497335731983185092e-01 5.600000000000000000e+01
-3.458596944808959961e+00 -3.314358472824097124e+00 -7.587071657180786133e-01 1.100000000000000000e+01
-1.232792735099792036e+00 -1.180967211723328081e+00 2.096152752637862882e-01 1.000000000000000000e+02
-4.676793098449707031e+00 -4.478620052337645596e+00 -7.950755953788757324e-01 1.200000000000000000e+01
-1.224110722541809082e+00 -1.172240614891052024e+00 2.684415280818939209e-01 7.000000000000000000e+01
-1.272279620170593040e+00 -1.217942714691162109e+00 -1.540913581848145086e-01 6.000000000000000000e+01
-1.190055370330810991e+00 -1.138832211494446023e+00 3.201774954795836847e-01 7.300000000000000000e+01
-1.270042419433593972e+00 -1.214951753616333008e+00 -9.211128205060958862e-02 5.700000000000000000e+01
-1.202777862548827903e+00 -1.150203108787537065e+00 3.842163980007172186e-01 4.700000000000000000e+01
-1.269125223159790039e+00 -1.213226318359375000e+00 -3.064642660319805145e-02 6.100000000000000000e+01
-1.200931787490844949e+00 -1.148036479949950950e+00 4.451687633991240900e-01 7.800000000000000000e+01
-1.975790619850158913e+00 -1.883493661880492942e+00 -7.314226031303405762e-01 1.600000000000000000e+01
-1.250762462615967019e+00 -1.191917777061461958e+00 3.015775792300701141e-02 5.400000000000000000e+01
-2.302732706069945845e+00 -2.193629264831542969e+00 -7.342402338981628418e-01 1.100000000000000000e+01
-1.252546787261962891e+00 -1.192784190177917036e+00 9.064587950706481934e-02 5.800000000000000000e+01
-2.782332658767700195e+00 -2.649579524993896040e+00 -7.468264102935791016e-01 1.300000000000000000e+01
-1.241042017936706987e+00 -1.181415438652039018e+00 1.499078720808028897e-01 5.500000000000000000e+01
-3.473006963729857954e+00 -3.304988861083983931e+00 -7.593328952789306641e-01 1.200000000000000000e+01
-1.229716181755065918e+00 -1.169815778732300027e+00 2.083965837955475131e-01 9.800000000000000000e+01
-4.686644077301025391e+00 -4.456795692443847656e+00 -7.941006422042846680e-01 1.500000000000000000e+01
-1.234125852584839089e+00 -1.173190236091613992e+00 2.696930170059204102e-01 7.200000000000000000e+01
-1.285187482833862083e+00 -1.221730589866637962e+00 -1.551372259855270108e-01 6.000000000000000000e+01
-1.198292851448059082e+00 -1.138728380203247070e+00 3.213223516941071112e-01 6.600000000000000000e+01
-1.269931554794311968e+00 -1.206384420394897017e+00 -9.179726988077163696e-02 5.600000000000000000e+01
-1.209611773490905984e+00 -1.148681402206420898e+00 3.851162195205687921e-01 4.800000000000000000e+01
-1.284954786300658958e+00 -1.219802856445312944e+00 -3.092566505074501038e-02 5.900000000000000000e+01
-1.203730225563049094e+00 -1.142297267913817915e+00 4.446511268615723211e-01 7.200000000000000000e+01
-1.982353210449218972e+00 -1.876585364341736062e+00 -7.314226031303405762e-01 1.600000000000000000e+01
-1.263630032539367898e+00 -1.195791363716125044e+00 3.036718629300593983e-02 5.300000000000000000e+01
-2.318869829177856001e+00 -2.193613052368164062e+00 -7.369396686553955078e-01 1.300000000000000000e+01
-1.252349257469177024e+00 -1.184287786483765093e+00 9.033185988664627075e-02 5.700000000000000000e+01
-2.784432172775268999e+00 -2.633106708526610884e+00 -7.449183464050292969e-01 1.300000000000000000e+01
-1.253845572471619096e+00 -1.185288310050963911e+00 1.509537398815155029e-01 5.500000000000000000e+01
-3.490265369415283203e+00 -3.298272848129272017e+00 -7.605843544006347656e-01 1.100000000000000000e+01
-1.232349157333374023e+00 -1.164152979850769043e+00 2.081528455018996915e-01 6.800000000000000000e+01
-4.707945346832275391e+00 -4.445860862731933594e+00 -7.950755953788757324e-01 1.400000000000000000e+01
-1.240881800651550071e+00 -1.171803712844849077e+00 2.703187465667725164e-01 7.000000000000000000e+01
-1.293790698051453081e+00 -1.221340060234070046e+00 -1.556601524353027066e-01 5.600000000000000000e+01
-1.223678350448607954e+00 -1.154750108718872070e+00 3.270466327667235773e-01 7.200000000000000000e+01
-1.282851815223694070e+00 -1.210167288780211958e+00 -9.242530167102813721e-02 5.500000000000000000e+01
-1.209360718727112038e+00 -1.140441179275512917e+00 3.837665021419525146e-01 5.500000000000000000e+01
-1.281929373741149902e+00 -1.208451628684998003e+00 -3.075114078819752086e-02 5.800000000000000000e+01
-1.210322976112365945e+00 -1.140949606895446999e+00 4.456863999366760254e-01 7.200000000000000000e+01
-1.988891601562500000e+00 -1.869654297828674094e+00 -7.314226031303405762e-01 1.600000000000000000e+01
-1.273625373840332031e+00 -1.196850776672363059e+00 3.050680644810200084e-02 5.300000000000000000e+01
-2.326513051986693892e+00 -2.185505390167235884e+00 -7.369396686553955078e-01 1.300000000000000000e+01
-1.257931470870971902e+00 -1.181276321411133035e+00 9.043653309345245361e-02 5.400000000000000000e+01
-2.793606519699097124e+00 -2.623371124267578125e+00 -7.449183464050292969e-01 1.400000000000000000e+01
-1.260880589485168013e+00 -1.183631658554076926e+00 1.513023674488067905e-01 5.300000000000000000e+01
-3.510400056838988814e+00 -3.294179677963256836e+00 -7.624616026878356934e-01 1.100000000000000000e+01
-1.221927404403686968e+00 -1.146262884140015093e+00 2.057154476642608920e-01 5.000000000000000000e+01
-4.732123851776123047e+00 -4.437547206878662109e+00 -7.965380549430847168e-01 1.400000000000000000e+01
-1.232197880744934082e+00 -1.155089020729064941e+00 2.675029337406157892e-01 6.600000000000000000e+01
-1.311128258705138938e+00 -1.229079961776732954e+00 -1.572289615869522095e-01 1.900000000000000000e+01
-1.216241240501404031e+00 -1.139732122421265093e+00 3.239936828613281250e-01 6.800000000000000000e+01
-1.298729181289673074e+00 -1.216605424880981001e+00 -9.326267242431640625e-02 5.000000000000000000e+01
-1.216179013252258079e+00 -1.138876795768738015e+00 3.846662938594818115e-01 6.000000000000000000e+01
-1.275920867919922097e+00 -1.194403409957885964e+00 -3.050680644810200084e-02 5.400000000000000000e+01
-1.217317819595336914e+00 -1.139145851135253906e+00 4.467216730117797852e-01 7.200000000000000000e+01
-1.984431624412537065e+00 -1.851807951927185059e+00 -7.272815108299255371e-01 1.600000000000000000e+01
-1.280928015708922896e+00 -1.194902777671813965e+00 3.057661652565002094e-02 5.400000000000000000e+01
-2.335932731628417969e+00 -2.178292512893677202e+00 -7.373895645141601562e-01 1.300000000000000000e+01
-1.271018266677856001e+00 -1.184828996658324973e+00 9.106456488370895386e-02 5.300000000000000000e+01
-2.807511091232299805e+00 -2.617130517959595171e+00 -7.460631728172302246e-01 1.400000000000000000e+01
-1.260837435722351074e+00 -1.174927353858947976e+00 1.507794409990310947e-01 5.100000000000000000e+01
-3.512332201004027876e+00 -3.271866321563721147e+00 -7.602714896202087402e-01 1.200000000000000000e+01
-1.243553519248961958e+00 -1.158010363578795943e+00 2.086403220891953070e-01 4.600000000000000000e+01
-4.748356819152832031e+00 -4.420173168182373047e+00 -7.965380549430847168e-01 1.900000000000000000e+01
-1.237668275833130105e+00 -1.152126669883728027e+00 2.678157985210419256e-01 6.300000000000000000e+01
-5.772994518280029297e+00 -5.372112751007080078e+00 -6.899248361587524414e-01 6.000000000000000000e+00
-1.227597713470458984e+00 -1.141952633857727051e+00 3.259017765522003174e-01 6.600000000000000000e+01
-1.295866489410399947e+00 -1.205036640167236106e+00 -9.273931384086608887e-02 1.900000000000000000e+01
-1.228908896446228027e+00 -1.142372369766234907e+00 3.873657286167144775e-01 5.900000000000000000e+01
-1.297868371009827104e+00 -1.206053614616394043e+00 -3.092566505074501038e-02 5.200000000000000000e+01
-1.217041254043579102e+00 -1.130944490432739036e+00 4.451687633991240900e-01 7.000000000000000000e+01
-1.993717551231384055e+00 -1.847495794296265093e+00 -7.283167839050292969e-01 1.600000000000000000e+01
-1.282157182693481001e+00 -1.187706351280211958e+00 3.050680644810200084e-02 5.400000000000000000e+01
-2.339232683181763139e+00 -2.166153192520142046e+00 -7.360398769378662109e-01 1.400000000000000000e+01
-1.279543399810791016e+00 -1.184455394744873047e+00 9.137857705354690552e-02 5.200000000000000000e+01
-2.809425830841064009e+00 -2.600646018981934038e+00 -7.441551089286804199e-01 1.700000000000000000e+01
-1.275167465209960938e+00 -1.179991483688354048e+00 1.519996225833893100e-01 4.900000000000000000e+01
-3.519381523132324219e+00 -3.255561828613280806e+00 -7.593328952789306641e-01 1.100000000000000000e+01
-1.249045610427856001e+00 -1.155010223388672097e+00 2.088840603828429898e-01 5.000000000000000000e+01
-4.773960590362548828e+00 -4.413003921508789062e+00 -7.982441782951354980e-01 1.200000000000000000e+01
-1.253489136695862038e+00 -1.158307790756226030e+00 2.703187465667725164e-01 6.200000000000000000e+01
-5.822440624237061435e+00 -5.380324363708496094e+00 -6.935853958129882812e-01 6.000000000000000000e+00
-1.233018517494202104e+00 -1.138992667198180930e+00 3.262833952903748114e-01 6.100000000000000000e+01
-1.241480588912964089e+00 -1.146006584167480025e+00 3.900651335716248114e-01 4.800000000000000000e+01
-1.310887932777405007e+00 -1.209652543067931907e+00 -3.113509342074393879e-02 4.400000000000000000e+01
-1.224018096923827903e+00 -1.129095911979675071e+00 4.462040364742279053e-01 7.000000000000000000e+01
-2.009782552719116211e+00 -1.850032806396483931e+00 -7.319402694702148438e-01 2.000000000000000000e+01
-1.290503263473510964e+00 -1.187510132789612038e+00 3.061152063310145985e-02 5.200000000000000000e+01
-2.346403121948242188e+00 -2.158384084701538086e+00 -7.360398769378662109e-01 1.400000000000000000e+01
-1.292285203933716042e+00 -1.188317179679871050e+00 9.200660884380340576e-02 5.200000000000000000e+01
-2.820924758911132812e+00 -2.593973159790039062e+00 -7.449183464050292969e-01 1.400000000000000000e+01
-1.283473968505858931e+00 -1.179801464080810991e+00 1.525225490331650058e-01 4.700000000000000000e+01
-3.533067226409912109e+00 -3.246546506881713867e+00 -7.599586248397827148e-01 1.200000000000000000e+01
-1.252868890762329102e+00 -1.150861859321594016e+00 2.088840603828429898e-01 4.400000000000000000e+01
-4.769560337066650391e+00 -4.379694461822509766e+00 -7.950755953788757324e-01 1.000000000000000000e+01
-1.258576869964600053e+00 -1.155700206756592019e+00 2.706316113471984863e-01 5.500000000000000000e+01
-5.853460311889648438e+00 -5.373112678527832031e+00 -6.951541900634765625e-01 6.000000000000000000e+00
-1.238235354423522949e+00 -1.136224985122681108e+00 3.266650140285491943e-01 5.000000000000000000e+01
-1.256764531135559082e+00 -1.152419805526732954e+00 3.936643302440642755e-01 4.500000000000000000e+01
-1.238951921463012917e+00 -1.135688066482543945e+00 4.503451287746428888e-01 6.100000000000000000e+01
-2.016228199005126953e+00 -1.843006134033202903e+00 -7.319402694702148438e-01 2.300000000000000000e+01
-1.307926416397094949e+00 -1.195138454437256081e+00 3.092566505074501038e-02 3.500000000000000000e+01
-2.351045370101929155e+00 -2.147552013397216797e+00 -7.351400256156921387e-01 1.400000000000000000e+01
-1.294950485229491965e+00 -1.182452201843261941e+00 9.190193563699722290e-02 4.600000000000000000e+01
-2.822713136672974077e+00 -2.577491283416748047e+00 -7.430102229118347168e-01 1.300000000000000000e+01
-1.306714296340941939e+00 -1.192775964736938032e+00 1.547885984182358066e-01 4.400000000000000000e+01
-3.550215005874633789e+00 -3.239519834518433061e+00 -7.612100839614868164e-01 1.200000000000000000e+01
-1.277410984039307085e+00 -1.165210485458374023e+00 2.122963964939116877e-01 4.200000000000000000e+01
-4.830291271209716797e+00 -4.404482364654541016e+00 -8.026314973831176758e-01 1.200000000000000000e+01
-1.273023486137389915e+00 -1.160394549369812012e+00 2.728216946125031073e-01 5.100000000000000000e+01
-5.931078910827636719e+00 -5.406335353851318359e+00 -7.021266818046569824e-01 5.000000000000000000e+00
-1.253803253173827903e+00 -1.142474293708801047e+00 3.297179341316223145e-01 3.000000000000000000e+01
-1.265102267265320046e+00 -1.151961922645569070e+00 3.950140476226807196e-01 4.500000000000000000e+01
-3.046332168579101918e+01 -2.772920989990234020e+01 -7.190391421318054199e-01 1.000000000000000000e+01
-1.248821496963500977e+00 -1.136340141296386941e+00 4.524157047271729071e-01 5.100000000000000000e+01
-2.019788265228271040e+00 -1.833360075950623003e+00 -7.309049963951110840e-01 2.600000000000000000e+01
-2.364300966262816939e+00 -2.144569158554077148e+00 -7.369396686553955078e-01 1.300000000000000000e+01
-1.307947516441344993e+00 -1.185974478721619096e+00 9.252996742725372314e-02 3.700000000000000000e+01
-2.834601879119873047e+00 -2.570260047912598100e+00 -7.437734603881835938e-01 1.300000000000000000e+01
-1.341870188713073953e+00 -1.216306805610656960e+00 1.584491431713103970e-01 3.700000000000000000e+01
-3.565892934799193892e+00 -3.231086730957030806e+00 -7.621487379074096680e-01 1.200000000000000000e+01
-1.285884261131287065e+00 -1.164742350578308105e+00 2.130276113748550137e-01 4.100000000000000000e+01
-4.864766120910645419e+00 -4.404915809631347656e+00 -8.058000802993774414e-01 1.000000000000000000e+01
-1.266614437103271040e+00 -1.146885514259337935e+00 2.706316113471984863e-01 4.700000000000000000e+01
-5.957299709320068359e+00 -5.392283916473388672e+00 -7.029982209205627441e-01 6.000000000000000000e+00
-1.283987402915955034e+00 -1.161800980567931907e+00 3.365870714187622070e-01 2.900000000000000000e+01
-1.276342868804932085e+00 -1.154073834419250044e+00 3.972635567188262939e-01 1.100000000000000000e+01
-3.067267417907714844e+01 -2.772461318969726918e+01 -7.216919064521789551e-01 1.000000000000000000e+01
-1.299877166748047097e+00 -1.174941301345824973e+00 4.694977402687072754e-01 4.300000000000000000e+01
-2.017565727233887163e+00 -1.818538069725037065e+00 -7.277991771697998047e-01 2.700000000000000000e+01
-2.371772527694702148e+00 -2.136303186416625977e+00 -7.369396686553955078e-01 1.400000000000000000e+01
-2.847933530807495117e+00 -2.564290761947631836e+00 -7.449183464050292969e-01 1.300000000000000000e+01
-1.359435439109802024e+00 -1.223611593246459961e+00 1.600179374217987061e-01 4.000000000000000000e+01
-3.568339109420775923e+00 -3.210692167282104048e+00 -7.602714896202087402e-01 1.200000000000000000e+01
-1.297321677207946999e+00 -1.166884303092956987e+00 2.142463028430938998e-01 3.800000000000000000e+01
-4.883064746856688565e+00 -4.390562057495117188e+00 -8.062875866889953613e-01 1.000000000000000000e+01
-1.285299181938170943e+00 -1.155664801597594993e+00 2.737603187561035156e-01 3.700000000000000000e+01
-5.942004680633544922e+00 -5.340823173522949219e+00 -6.989890336990356445e-01 6.000000000000000000e+00
-1.286574721336364968e+00 -1.155999779701232910e+00 3.362054526805878241e-01 2.800000000000000000e+01
-1.309363961219788042e+00 -1.175650358200073020e+00 4.062615931034088135e-01 1.000000000000000000e+00
-3.081390762329101918e+01 -2.765744781494140980e+01 -7.227390408515930176e-01 1.000000000000000000e+01
-1.341350078582763894e+00 -1.203947305679321067e+00 4.829563498497009277e-01 5.000000000000000000e+01
-2.027096986770629883e+00 -1.813707470893860085e+00 -7.288344502449035645e-01 2.800000000000000000e+01
-2.376681089401245117e+00 -2.124998092651367188e+00 -7.360398769378662109e-01 1.400000000000000000e+01
-2.854385375976562944e+00 -2.551218748092650923e+00 -7.441551089286804199e-01 1.300000000000000000e+01
-1.347567915916443093e+00 -1.204018592834473100e+00 1.581005156040191928e-01 4.100000000000000000e+01
-3.580082893371582031e+00 -3.197592020034790039e+00 -7.602714896202087402e-01 1.200000000000000000e+01
-1.306032061576843040e+00 -1.166087865829467995e+00 2.149775177240371982e-01 3.700000000000000000e+01
-4.922820091247558594e+00 -4.393784523010253906e+00 -8.101873993873596191e-01 1.000000000000000000e+01
-1.301518917083740012e+00 -1.161242008209228960e+00 2.762632668018341064e-01 4.000000000000000000e+01
-5.983839988708496094e+00 -5.338905334472656250e+00 -7.016037106513977051e-01 6.000000000000000000e+00
-1.280546903610229048e+00 -1.142128944396973100e+00 3.335341215133666992e-01 1.000000000000000000e+01
-3.101958465576171875e+01 -2.763744163513183949e+01 -7.251824140548706055e-01 1.000000000000000000e+01
-1.341426610946655051e+00 -1.195167541503906028e+00 4.814034104347229004e-01 5.800000000000000000e+01
-2.037748098373413086e+00 -1.810469865798949973e+00 -7.303873300552368164e-01 3.100000000000000000e+01
-2.382626771926879883e+00 -2.115395069122314009e+00 -7.355899214744567871e-01 1.300000000000000000e+01
-2.866210222244263139e+00 -2.543845891952515093e+00 -7.449183464050292969e-01 1.300000000000000000e+01
-1.342820286750793013e+00 -1.191373705863953081e+00 1.570546478033066073e-01 2.300000000000000000e+01
-3.591222763061522993e+00 -3.185075759887694868e+00 -7.602714896202087402e-01 1.200000000000000000e+01
-1.308609247207642046e+00 -1.160204887390136941e+00 2.147337794303894043e-01 3.400000000000000000e+01
-4.927727699279785156e+00 -4.367357730865479404e+00 -8.084812164306640625e-01 1.000000000000000000e+01
-1.311478734016418013e+00 -1.161931633949280007e+00 2.775147557258605957e-01 4.500000000000000000e+01
-5.984544277191162109e+00 -5.302130699157714844e+00 -6.995120048522949219e-01 8.000000000000000000e+00
-1.316859483718872070e+00 -1.166288614273071067e+00 3.419297337532042902e-01 1.000000000000000000e+00
-3.128360939025878906e+01 -2.767739868164062855e+01 -7.290917038917541504e-01 1.000000000000000000e+01
-1.348692297935486062e+00 -1.192802548408508079e+00 4.824387133121489923e-01 6.400000000000000000e+01
-2.040529489517211914e+00 -1.801501989364624023e+00 -7.293520569801330566e-01 3.100000000000000000e+01
-2.383415460586547852e+00 -2.102742433547974077e+00 -7.337903380393981934e-01 1.300000000000000000e+01
-2.866825580596923828e+00 -2.528336048126221147e+00 -7.430102229118347168e-01 1.300000000000000000e+01
-3.601211071014403853e+00 -3.173777818679810014e+00 -7.602714896202087402e-01 1.200000000000000000e+01
-1.313737154006958008e+00 -1.157400250434875044e+00 2.149775177240371982e-01 2.700000000000000000e+01
-4.944403648376464844e+00 -4.354478836059570312e+00 -8.089687228202819824e-01 1.000000000000000000e+01
-1.315122604370116965e+00 -1.157805800437927024e+00 2.775147557258605957e-01 4.100000000000000000e+01
-6.013135433197020596e+00 -5.293835639953613281e+00 -7.009064555168151855e-01 6.000000000000000000e+00
-1.480905055999756081e+00 -1.302381396293639915e+00 4.553009271621704102e-01 7.000000000000000000e+00
-3.141245651245116832e+01 -2.761595153808594105e+01 -7.300690412521362305e-01 1.000000000000000000e+01
-1.350774645805359109e+00 -1.187520146369934082e+00 4.819210767745972235e-01 5.700000000000000000e+01
-2.049710750579833984e+00 -1.796915292739867942e+00 -7.303873300552368164e-01 2.900000000000000000e+01
-2.396604299545288086e+00 -2.099546432495117188e+00 -7.355899214744567871e-01 1.300000000000000000e+01
-2.878587484359741211e+00 -2.520900487899779829e+00 -7.437734603881835938e-01 1.400000000000000000e+01
-3.619700431823730025e+00 -3.167692422866820845e+00 -7.618358731269836426e-01 1.200000000000000000e+01
-4.949113368988037109e+00 -4.328045845031738281e+00 -8.072625398635864258e-01 1.000000000000000000e+01
-1.317668795585632102e+00 -1.151907920837401900e+00 2.772018611431121826e-01 2.000000000000000000e+01
-6.055578231811523438e+00 -5.293794631958007812e+00 -7.036954760551452637e-01 7.000000000000000000e+00
-1.479570865631103960e+00 -1.292076826095581055e+00 4.535013139247893732e-01 2.100000000000000000e+01
-3.156892013549805043e+01 -2.755873680114746094e+01 -7.314652800559997559e-01 1.000000000000000000e+01
-1.349090218544005904e+00 -1.177716016769408958e+00 4.798505008220673163e-01 5.900000000000000000e+01
-2.052222490310668945e+00 -1.785227894783020020e+00 -7.288344502449035645e-01 3.200000000000000000e+01
-2.410531044006348100e+00 -2.095442771911621094e+00 -7.373895645141601562e-01 1.300000000000000000e+01
-2.880836248397827148e+00 -2.503390073776245117e+00 -7.418653964996337891e-01 1.400000000000000000e+01
-3.630345344543457031e+00 -3.152475357055664062e+00 -7.615229487419128418e-01 1.200000000000000000e+01
-4.967194557189941406e+00 -4.310311794281005859e+00 -8.075062632560729980e-01 1.000000000000000000e+01
-6.057799339294433594e+00 -5.254837512969970703e+00 -7.016037106513977051e-01 8.000000000000000000e+00
-1.490412116050719993e+00 -1.291490912437438965e+00 4.553009271621704102e-01 4.000000000000000000e+01
-3.179542350769042969e+01 -2.754206085205078125e+01 -7.342576384544372559e-01 1.000000000000000000e+01
-1.350682020187377930e+00 -1.169997453689574973e+00 4.788152277469635010e-01 5.400000000000000000e+01
-2.054055690765380859e+00 -1.774265050888061968e+00 -7.272815108299255371e-01 2.900000000000000000e+01
-2.410454988479613814e+00 -2.080648899078369141e+00 -7.351400256156921387e-01 1.500000000000000000e+01
-2.894016265869141069e+00 -2.497166633605957031e+00 -7.430102229118347168e-01 1.300000000000000000e+01
-3.621878862380981001e+00 -3.123014211654663086e+00 -7.574557065963745117e-01 1.100000000000000000e+01
-4.995744705200195312e+00 -4.304608821868895596e+00 -8.096998929977416992e-01 1.000000000000000000e+01
-6.088181972503662109e+00 -5.244061946868895596e+00 -7.029982209205627441e-01 9.000000000000000000e+00
-1.505251526832581010e+00 -1.295177698135375977e+00 4.584502577781677246e-01 5.100000000000000000e+01
-3.198536491394042969e+01 -2.751175308227539062e+01 -7.364217638969421387e-01 1.000000000000000000e+01
-1.357890844345092995e+00 -1.167558073997498003e+00 4.798505008220673163e-01 5.500000000000000000e+01
-2.065792798995972124e+00 -1.772475600242614968e+00 -7.293520569801330566e-01 3.100000000000000000e+01
-2.415862083435059038e+00 -2.071375608444213867e+00 -7.346901297569274902e-01 1.400000000000000000e+01
-2.911225318908690962e+00 -2.495221853256226030e+00 -7.452999353408813477e-01 1.300000000000000000e+01
-3.644217729568481001e+00 -3.121266365051269975e+00 -7.599586248397827148e-01 1.100000000000000000e+01
-4.999434947967529297e+00 -4.278983116149902344e+00 -8.079937696456909180e-01 8.000000000000000000e+00
-6.114622116088867188e+00 -5.231616020202636719e+00 -7.040441036224365234e-01 7.000000000000000000e+00
-1.500649809837341087e+00 -1.282582283020019975e+00 4.557508230209351141e-01 5.100000000000000000e+01
-3.225886154174804688e+01 -2.756141090393066051e+01 -7.406103014945983887e-01 1.000000000000000000e+01
-1.361552119255065918e+00 -1.163286447525023970e+00 4.798505008220673163e-01 4.800000000000000000e+01
-2.074908256530762163e+00 -1.767759561538696067e+00 -7.303873300552368164e-01 3.400000000000000000e+01
-2.421593904495238814e+00 -2.061666965484619141e+00 -7.342402338981628418e-01 1.600000000000000000e+01
-2.910946846008300781e+00 -2.477410078048706055e+00 -7.430102229118347168e-01 1.300000000000000000e+01
-3.655090808868408203e+00 -3.108526706695557085e+00 -7.599586248397827148e-01 1.200000000000000000e+01
-4.999214649200438565e+00 -4.248650550842285156e+00 -8.055563569068908691e-01 8.000000000000000000e+00
-6.135883331298828125e+00 -5.212820053100585938e+00 -7.043927311897277832e-01 9.000000000000000000e+00
-1.490259766578674094e+00 -1.264726758003235085e+00 4.512518048286437988e-01 4.400000000000000000e+01
-3.250431060791016336e+01 -2.757541656494140980e+01 -7.440310120582580566e-01 1.000000000000000000e+01
-1.378862738609313965e+00 -1.169774413108825906e+00 4.845092594623566229e-01 5.300000000000000000e+01
-2.073691844940185991e+00 -1.754267454147339089e+00 -7.277991771697998047e-01 2.500000000000000000e+01
-2.437705039978026900e+00 -2.060749769210814986e+00 -7.369396686553955078e-01 1.600000000000000000e+01
-2.915078401565552202e+00 -2.463432073593140093e+00 -7.418653964996337891e-01 1.400000000000000000e+01
-3.674974679946898970e+00 -3.103396177291870117e+00 -7.618358731269836426e-01 1.200000000000000000e+01
-5.012497425079345703e+00 -4.229894161224365234e+00 -8.053126335144042969e-01 7.000000000000000000e+00
-6.166225433349609375e+00 -5.201647281646729404e+00 -7.057871818542480469e-01 6.000000000000000000e+00
-1.484233975410460982e+00 -1.250726819038390891e+00 4.481025040149689276e-01 3.200000000000000000e+01
-3.275024795532227273e+01 -2.758804130554198863e+01 -7.474516630172729492e-01 1.000000000000000000e+01
-1.389051795005797896e+00 -1.169690251350403054e+00 4.865798056125640869e-01 6.200000000000000000e+01
-2.076844215393065962e+00 -1.744533181190490945e+00 -7.267639040946960449e-01 2.200000000000000000e+01
-2.449361324310303178e+00 -2.055986881256103960e+00 -7.382893562316894531e-01 1.600000000000000000e+01
-2.922155618667602983e+00 -2.451979637145996094e+00 -7.414837479591369629e-01 1.200000000000000000e+01
-3.676703214645386186e+00 -3.082933902740478960e+00 -7.599586248397827148e-01 1.100000000000000000e+01
-5.040925979614257812e+00 -4.223845958709716797e+00 -8.075062632560729980e-01 8.000000000000000000e+00
-6.170598506927490234e+00 -5.168577194213867188e+00 -7.042183876037597656e-01 6.000000000000000000e+00
-1.496063709259032981e+00 -1.251791000366210938e+00 4.503520131111145020e-01 2.700000000000000000e+01
-3.294145202636718750e+01 -2.755309867858887074e+01 -7.496157884597778320e-01 1.000000000000000000e+01
-1.384234070777893066e+00 -1.157399296760559082e+00 4.834739863872528076e-01 6.800000000000000000e+01
-2.079651355743408203e+00 -1.735161304473876953e+00 -7.257286310195922852e-01 2.100000000000000000e+01
-2.450178861618041992e+00 -2.042861461639403853e+00 -7.364897727966308594e-01 1.400000000000000000e+01
-2.928762435913085938e+00 -2.441019058227539062e+00 -7.411021590232849121e-01 1.200000000000000000e+01
-3.680834770202637163e+00 -3.065667629241942915e+00 -7.587071657180786133e-01 1.100000000000000000e+01
-5.044224739074707031e+00 -4.198216915130615234e+00 -8.058000802993774414e-01 7.000000000000000000e+00
-6.201488494873046875e+00 -5.159554958343505859e+00 -7.057871818542480469e-01 6.000000000000000000e+00
-1.509198784828186035e+00 -1.254296422004699929e+00 4.530514180660247803e-01 2.700000000000000000e+01
-3.307878112792968750e+01 -2.748204612731933949e+01 -7.506629228591918945e-01 1.000000000000000000e+01
-1.391036748886107954e+00 -1.155271172523498979e+00 4.845092594623566229e-01 6.200000000000000000e+01
-2.090158462524414062e+00 -1.731588721275330034e+00 -7.272815108299255371e-01 2.300000000000000000e+01
-2.440782785415648970e+00 -2.020626544952393022e+00 -7.315407991409301758e-01 1.600000000000000000e+01
-2.949365377426147017e+00 -2.440794467926024947e+00 -7.441551089286804199e-01 1.300000000000000000e+01
-3.682379961013793945e+00 -3.045247316360474077e+00 -7.568299174308776855e-01 1.100000000000000000e+01
-5.028244495391845703e+00 -4.155292987823486328e+00 -8.009253144264221191e-01 8.000000000000000000e+00
-6.239429473876953125e+00 -5.154372215270996094e+00 -7.080532312393188477e-01 6.000000000000000000e+00
-1.522586107254028098e+00 -1.256462693214416948e+00 4.557508230209351141e-01 2.800000000000000000e+01
-3.331951141357421875e+01 -2.748602676391601918e+01 -7.539439797401428223e-01 1.000000000000000000e+01
-1.424869894981384055e+00 -1.174989938735961914e+00 4.948620200157166082e-01 5.500000000000000000e+01
-2.105141639709473100e+00 -1.731645584106445090e+00 -7.303873300552368164e-01 2.600000000000000000e+01
-2.453842878341674805e+00 -2.017044067382812944e+00 -7.333404421806335449e-01 1.500000000000000000e+01
-2.951799869537353960e+00 -2.425498723983765093e+00 -7.426286339759826660e-01 1.200000000000000000e+01
-3.702147245407104048e+00 -3.039896249771118164e+00 -7.587071657180786133e-01 1.100000000000000000e+01
-5.061133861541748047e+00 -4.152826309204101562e+00 -8.038501739501953125e-01 8.000000000000000000e+00
-6.311300277709960938e+00 -5.176785469055175781e+00 -7.141541838645935059e-01 5.000000000000000000e+00
-1.523948073387145996e+00 -1.248670101165771040e+00 4.548510313034058172e-01 3.400000000000000000e+01
-3.357923507690429688e+01 -2.750386619567871094e+01 -7.576438784599304199e-01 1.100000000000000000e+01
-1.436231136322021040e+00 -1.176378965377808061e+00 4.974502027034760077e-01 5.600000000000000000e+01
-2.103692293167113814e+00 -1.718176603317260964e+00 -7.277991771697998047e-01 2.700000000000000000e+01
-2.463888168334960938e+00 -2.010930776596068892e+00 -7.342402338981628418e-01 1.500000000000000000e+01
-2.952642440795897993e+00 -2.408974647521973100e+00 -7.407205104827880859e-01 1.200000000000000000e+01
-3.718860149383544922e+00 -3.031947612762451172e+00 -7.599586248397827148e-01 1.100000000000000000e+01
-5.078677177429199219e+00 -4.137641906738281250e+00 -8.043376803398132324e-01 8.000000000000000000e+00
-6.333966732025145596e+00 -5.158498287200927734e+00 -7.146770954132080078e-01 6.000000000000000000e+00
-1.532832384109497070e+00 -1.247032284736633079e+00 4.562007486820220947e-01 3.600000000000000000e+01
-3.380535507202147727e+01 -2.749246788024901988e+01 -7.605758905410766602e-01 1.100000000000000000e+01
-1.446529030799865945e+00 -1.175981521606445090e+00 4.995207488536835272e-01 5.700000000000000000e+01
-2.103972911834716797e+00 -1.705588459968566895e+00 -7.257286310195922852e-01 2.200000000000000000e+01
-2.474270582199097124e+00 -2.004339933395386186e+00 -7.351400256156921387e-01 1.500000000000000000e+01
-2.964503526687622070e+00 -2.400607585906981978e+00 -7.414837479591369629e-01 1.200000000000000000e+01
-3.739161252975463867e+00 -3.025752544403076172e+00 -7.618358731269836426e-01 1.100000000000000000e+01
-5.096895217895507812e+00 -4.121496200561523438e+00 -8.048251271247863770e-01 1.000000000000000000e+01
-6.403963565826416016e+00 -5.176580905914306641e+00 -7.204293608665466309e-01 7.000000000000000000e+00
-1.541941285133362038e+00 -1.245078682899475098e+00 4.575504362583159845e-01 3.400000000000000000e+01
-3.405527496337891336e+01 -2.748895645141601918e+01 -7.639267444610595703e-01 1.100000000000000000e+01
-1.443109035491942915e+00 -1.164858102798461914e+00 4.969325661659240723e-01 5.100000000000000000e+01
-2.112923622131348100e+00 -1.700656414031981978e+00 -7.267639040946960449e-01 2.100000000000000000e+01
-2.482770442962646040e+00 -1.996912240982056108e+00 -7.355899214744567871e-01 1.600000000000000000e+01
-2.980515241622924805e+00 -2.396395921707152876e+00 -7.433918714523315430e-01 1.100000000000000000e+01
-3.728141546249390093e+00 -2.995360612869263139e+00 -7.574557065963745117e-01 1.100000000000000000e+01
-5.118990421295166016e+00 -4.109893321990966797e+00 -8.060438632965087891e-01 1.000000000000000000e+01
-6.423548221588134766e+00 -5.155442237854003906e+00 -7.206037044525146484e-01 8.000000000000000000e+00
-1.561482310295104980e+00 -1.251878380775452104e+00 4.620494544506072998e-01 1.400000000000000000e+01
-3.426025009155272727e+01 -2.745745468139648082e+01 -7.663700580596923828e-01 1.100000000000000000e+01
-1.448876380920409934e+00 -1.160768866539001021e+00 4.974502027034760077e-01 5.000000000000000000e+01
-2.118551492691040039e+00 -1.693640351295470969e+00 -7.267639040946960449e-01 2.100000000000000000e+01
-2.477198362350463867e+00 -1.978937625885009988e+00 -7.319907546043395996e-01 1.600000000000000000e+01
-2.985377550125122070e+00 -2.384048700332642046e+00 -7.426286339759826660e-01 1.100000000000000000e+01
-3.741142034530640093e+00 -2.985445499420166016e+00 -7.580814361572265625e-01 1.100000000000000000e+01
-5.121726989746093750e+00 -4.084232330322265625e+00 -8.043376803398132324e-01 8.000000000000000000e+00
-6.443724632263183594e+00 -5.136596679687500000e+00 -7.209523320198059082e-01 6.000000000000000000e+00
-1.605261087417602983e+00 -1.278255224227905051e+00 4.737469255924224854e-01 1.000000000000000000e+00
-3.448253250122070312e+01 -2.744830513000487926e+01 -7.693020701408386230e-01 1.100000000000000000e+01
-1.466119050979614036e+00 -1.167039632797240989e+00 5.021089315414428711e-01 4.400000000000000000e+01
-2.128989934921265093e+00 -1.689838051795959029e+00 -7.283167839050292969e-01 1.900000000000000000e+01
-2.487144708633422852e+00 -1.972700476646422896e+00 -7.328905463218688965e-01 1.700000000000000000e+01
-2.990604400634766069e+00 -2.371173858642578125e+00 -7.418653964996337891e-01 1.100000000000000000e+01
-3.751540422439575195e+00 -2.972368240356444868e+00 -7.580814361572265625e-01 1.100000000000000000e+01
-5.090818405151367188e+00 -4.030594825744628906e+00 -7.972692251205444336e-01 1.200000000000000000e+01
-6.519420146942138672e+00 -5.159821987152099609e+00 -7.274018526077270508e-01 7.000000000000000000e+00
-3.463461685180664062e+01 -2.737240791320801137e+01 -7.705586552619934082e-01 1.100000000000000000e+01
-1.476450085639954057e+00 -1.166448473930359109e+00 5.041794776916503906e-01 4.100000000000000000e+01
-2.130323648452758789e+00 -1.678808927536010964e+00 -7.267639040946960449e-01 1.900000000000000000e+01
-2.498608589172362837e+00 -1.967623710632323997e+00 -7.342402338981628418e-01 1.800000000000000000e+01
-2.983436822891234907e+00 -2.348576545715332031e+00 -7.380492091178894043e-01 1.200000000000000000e+01
-3.777418851852416992e+00 -2.971467971801757812e+00 -7.612100839614868164e-01 1.100000000000000000e+01
-5.122024059295654297e+00 -4.026294231414794922e+00 -7.999503612518310547e-01 1.000000000000000000e+01
-6.476294517517089844e+00 -5.089024066925048828e+00 -7.206037044525146484e-01 6.000000000000000000e+00
-3.480546569824218750e+01 -2.731059646606444957e+01 -7.722340822219848633e-01 1.100000000000000000e+01
-1.495508313179015891e+00 -1.173471570014954057e+00 5.093559026718139648e-01 3.600000000000000000e+01
-2.128563404083251953e+00 -1.665410399436950906e+00 -7.241756916046142578e-01 1.800000000000000000e+01
-2.503926277160644975e+00 -1.957689642906188965e+00 -7.337903380393981934e-01 1.600000000000000000e+01
-3.002444744110106978e+00 -2.346611022949219194e+00 -7.407205104827880859e-01 1.100000000000000000e+01
-3.778427124023437944e+00 -2.950968980789185014e+00 -7.593328952789306641e-01 1.100000000000000000e+01
-5.147001266479492188e+00 -4.016940116882324219e+00 -8.016565442085266113e-01 8.000000000000000000e+00
-6.497160911560058594e+00 -5.068837642669677734e+00 -7.209523320198059082e-01 6.000000000000000000e+00
-3.504256057739257812e+01 -2.729953956604003906e+01 -7.753754854202270508e-01 1.100000000000000000e+01
-1.527234673500061035e+00 -1.189347863197327104e+00 5.186733603477478027e-01 9.000000000000000000e+00
-2.137414932250977007e+00 -1.660340309143065962e+00 -7.252109646797180176e-01 1.600000000000000000e+01
-2.506126642227172852e+00 -1.945352554321289062e+00 -7.324406504631042480e-01 1.600000000000000000e+01
-3.015270709991455078e+00 -2.339726924896239790e+00 -7.418653964996337891e-01 1.200000000000000000e+01
-3.769972085952758789e+00 -2.923236370086669922e+00 -7.555784583091735840e-01 1.100000000000000000e+01
-5.167268276214599609e+00 -4.003812789916992188e+00 -8.026314973831176758e-01 8.000000000000000000e+00
-6.423456192016601562e+00 -4.975364685058593750e+00 -7.108422517776489258e-01 6.000000000000000000e+00
-3.532112884521483664e+01 -2.731896972656250000e+01 -7.794244885444641113e-01 1.100000000000000000e+01
-2.150846481323242188e+00 -1.658768177032470925e+00 -7.277991771697998047e-01 1.500000000000000000e+01
-2.502096891403197798e+00 -1.928265810012816939e+00 -7.292913198471069336e-01 1.400000000000000000e+01
-3.023419618606566939e+00 -2.329187393188477007e+00 -7.418653964996337891e-01 1.200000000000000000e+01
-3.786414384841918945e+00 -2.914878845214844194e+00 -7.568299174308776855e-01 1.100000000000000000e+01
-5.163905620574951172e+00 -3.972436904907227007e+00 -7.999503612518310547e-01 7.000000000000000000e+00
-6.601882934570313388e+00 -5.076795578002929688e+00 -7.286220192909240723e-01 7.000000000000000000e+00
-7.061642169952392578e+00 -5.426425457000732422e+00 -4.667320549488068182e-01 3.000000000000000000e+00
-3.555584335327147727e+01 -2.730268287658691051e+01 -7.824960947036743164e-01 1.100000000000000000e+01
-2.163048028945922852e+00 -1.655570387840270996e+00 -7.298697233200073242e-01 1.600000000000000000e+01
-2.519982814788817915e+00 -1.927369475364685059e+00 -7.324406504631042480e-01 1.500000000000000000e+01
-3.030376672744750977e+00 -2.316897869110106978e+00 -7.414837479591369629e-01 1.200000000000000000e+01
-3.793933153152465820e+00 -2.898582935333251953e+00 -7.562041878700256348e-01 1.200000000000000000e+01
-5.150029659271240234e+00 -3.931800842285155806e+00 -7.955631017684936523e-01 1.000000000000000000e+01
-6.656874179840087891e+00 -5.080365657806395596e+00 -7.326311469078063965e-01 7.000000000000000000e+00
-3.584017181396483664e+01 -2.731278228759765980e+01 -7.865450382232666016e-01 1.100000000000000000e+01
-2.164199352264403853e+00 -1.644503474235534890e+00 -7.283167839050292969e-01 1.500000000000000000e+01
-2.528247356414794922e+00 -1.919739723205565962e+00 -7.328905463218688965e-01 1.400000000000000000e+01
-3.030626535415648970e+00 -2.300370931625366211e+00 -7.395756840705871582e-01 1.200000000000000000e+01
-3.811897277832030806e+00 -2.891290903091431108e+00 -7.577685713768005371e-01 1.200000000000000000e+01
-5.203273296356201172e+00 -3.943777084350585938e+00 -8.016565442085266113e-01 1.200000000000000000e+01
-6.552287578582763672e+00 -4.964450836181640625e+00 -7.192091941833496094e-01 7.000000000000000000e+00
-3.615217590332031250e+01 -2.735159492492676137e+01 -7.912921309471130371e-01 1.100000000000000000e+01
-2.161930561065673828e+00 -1.631499171257019043e+00 -7.257286310195922852e-01 1.900000000000000000e+01
-2.542379140853881836e+00 -1.917211890220642090e+00 -7.351400256156921387e-01 1.500000000000000000e+01
-3.038238286972045898e+00 -2.290308237075806108e+00 -7.395756840705871582e-01 1.200000000000000000e+01
-3.818308591842650923e+00 -2.876257181167602983e+00 -7.571427822113037109e-01 1.200000000000000000e+01
-5.187775135040283203e+00 -3.905011653900146040e+00 -7.972692251205444336e-01 1.200000000000000000e+01
-6.632395267486572266e+00 -4.990612506866455078e+00 -7.261816263198852539e-01 7.000000000000000000e+00
-3.632900619506835938e+01 -2.729642486572265980e+01 -7.931769490242004395e-01 1.100000000000000000e+01
-2.164520263671875000e+00 -1.621626138687134011e+00 -7.246932983398437500e-01 1.600000000000000000e+01
-2.539695978164672852e+00 -1.901318311691283958e+00 -7.324406504631042480e-01 1.500000000000000000e+01
-3.054073572158813032e+00 -2.285570383071898970e+00 -7.414837479591369629e-01 1.200000000000000000e+01
-3.825161218643188032e+00 -2.860545158386230025e+00 -7.565170526504516602e-01 1.200000000000000000e+01
-5.142539024353027344e+00 -3.842912673950194868e+00 -7.882509231567382812e-01 1.400000000000000000e+01
-6.705642700195313388e+00 -5.009163856506347656e+00 -7.322825789451599121e-01 7.000000000000000000e+00
-3.669014739990233664e+01 -2.736792182922362926e+01 -7.989711761474609375e-01 1.100000000000000000e+01
-2.179468393325806108e+00 -1.620978116989135964e+00 -7.277991771697998047e-01 1.900000000000000000e+01
-2.543189048767089844e+00 -1.890116691589355025e+00 -7.315407991409301758e-01 1.300000000000000000e+01
-3.060457229614257812e+00 -2.273725032806396040e+00 -7.411021590232849121e-01 1.200000000000000000e+01
-3.838295459747314009e+00 -2.849530458450316939e+00 -7.571427822113037109e-01 1.200000000000000000e+01
-5.124036312103270596e+00 -3.801283836364746094e+00 -7.833761572837829590e-01 1.400000000000000000e+01
-6.767896652221679688e+00 -5.018956661224365234e+00 -7.371632456779479980e-01 8.000000000000000000e+00
-3.691402053833007812e+01 -2.733488464355469105e+01 -8.017635345458984375e-01 1.200000000000000000e+01
-2.186667442321776900e+00 -1.614507913589477983e+00 -7.283167839050292969e-01 1.800000000000000000e+01
-2.546635150909423828e+00 -1.878913879394531028e+00 -7.306410074234008789e-01 1.300000000000000000e+01
-3.066795349121094194e+00 -2.261862754821776900e+00 -7.407205104827880859e-01 1.200000000000000000e+01
-3.848218679428101030e+00 -2.836114883422852007e+00 -7.571427822113037109e-01 1.200000000000000000e+01
-5.122888088226318359e+00 -3.772780179977416992e+00 -7.811824679374694824e-01 1.500000000000000000e+01
-6.811047077178955078e+00 -5.014201164245604581e+00 -7.399522662162780762e-01 6.000000000000000000e+00
-3.722511291503906250e+01 -2.736457443237305043e+01 -8.064407706260681152e-01 1.200000000000000000e+01
-2.189453601837158203e+00 -1.604198932647705078e+00 -7.272815108299255371e-01 1.800000000000000000e+01
-2.553504705429077148e+00 -1.869567275047302024e+00 -7.306410074234008789e-01 1.300000000000000000e+01
-3.063975095748900923e+00 -2.242490768432617188e+00 -7.380492091178894043e-01 1.100000000000000000e+01
-3.864965438842772993e+00 -2.826655864715576172e+00 -7.583943009376525879e-01 1.200000000000000000e+01
-5.171941280364990234e+00 -3.779746770858765093e+00 -7.865447402000427246e-01 1.500000000000000000e+01
-6.872817039489746094e+00 -5.020936965942382812e+00 -7.446586489677429199e-01 6.000000000000000000e+00
-3.745439910888671875e+01 -2.732223320007323863e+01 -8.092331886291503906e-01 1.200000000000000000e+01
-2.182541608810424805e+00 -1.587455868721008079e+00 -7.231404185295104980e-01 1.800000000000000000e+01
-2.571049690246582031e+00 -1.868662595748900923e+00 -7.337903380393981934e-01 1.300000000000000000e+01
-3.076549053192139116e+00 -2.235243797302246094e+00 -7.391940355300903320e-01 1.200000000000000000e+01
-3.874808788299560991e+00 -2.813147306442261186e+00 -7.583943009376525879e-01 1.200000000000000000e+01
-5.193137645721436435e+00 -3.767498731613159180e+00 -7.877634167671203613e-01 1.700000000000000000e+01
-6.974172115325927734e+00 -5.057739734649658203e+00 -7.537228465080261230e-01 7.000000000000000000e+00
-3.776009750366210938e+01 -2.734379768371582031e+01 -8.137708306312561035e-01 1.200000000000000000e+01
-2.195624113082886186e+00 -1.585865378379821999e+00 -7.257286310195922852e-01 1.900000000000000000e+01
-2.567751169204711914e+00 -1.853283524513245073e+00 -7.310909032821655273e-01 1.300000000000000000e+01
-3.090312957763671875e+00 -2.229624032974243164e+00 -7.407205104827880859e-01 1.200000000000000000e+01
-3.869694948196411133e+00 -2.789885520935059038e+00 -7.555784583091735840e-01 1.200000000000000000e+01
-5.223319530487061435e+00 -3.763020992279053178e+00 -7.904445528984069824e-01 1.900000000000000000e+01
-6.994139194488525391e+00 -5.036913394927979404e+00 -7.540714740753173828e-01 7.000000000000000000e+00
-3.802265548706054688e+01 -2.734218215942383168e+01 -8.174707293510437012e-01 1.200000000000000000e+01
-2.199576377868651900e+00 -1.577065825462341087e+00 -7.252109646797180176e-01 1.900000000000000000e+01
-2.574204683303833008e+00 -1.844309091567992942e+00 -7.310909032821655273e-01 1.300000000000000000e+01
-3.093288660049438032e+00 -2.215393781661986861e+00 -7.395756840705871582e-01 1.100000000000000000e+01
-3.879410028457642046e+00 -2.776360750198363814e+00 -7.555784583091735840e-01 1.100000000000000000e+01
-5.268716812133789062e+00 -3.767859697341918945e+00 -7.953193187713623047e-01 1.200000000000000000e+01
-7.011678695678710938e+00 -5.012468338012695312e+00 -7.540714740753173828e-01 7.000000000000000000e+00
-3.827737045288085938e+01 -2.732314682006835938e+01 -8.208913803100585938e-01 1.200000000000000000e+01
-2.210064172744750977e+00 -1.572353124618530051e+00 -7.267639040946960449e-01 1.800000000000000000e+01
-2.577770709991455078e+00 -1.832603454589843972e+00 -7.301911115646362305e-01 1.200000000000000000e+01
-3.098186969757080078e+00 -2.201766967773437944e+00 -7.388124465942382812e-01 1.200000000000000000e+01
-3.886338710784912109e+00 -2.759835958480834961e+00 -7.549527287483215332e-01 1.100000000000000000e+01
-5.297061443328857422e+00 -3.758862733840941939e+00 -7.975130081176757812e-01 1.000000000000000000e+01
-7.046253681182861328e+00 -4.998263359069824219e+00 -7.558146119117736816e-01 6.000000000000000000e+00
-3.849474716186522727e+01 -2.726589012145996094e+01 -8.234045505523681641e-01 1.200000000000000000e+01
-2.218695402145386186e+00 -1.566857814788817915e+00 -7.277991771697998047e-01 1.800000000000000000e+01
-2.590520858764647993e+00 -1.828088521957397017e+00 -7.319907546043395996e-01 1.400000000000000000e+01
-3.105853796005249023e+00 -2.190938711166381836e+00 -7.388124465942382812e-01 1.200000000000000000e+01
-3.899177789688109907e+00 -2.748529434204102007e+00 -7.555784583091735840e-01 1.100000000000000000e+01
-5.316641807556152344e+00 -3.744922161102294922e+00 -7.984879612922668457e-01 1.000000000000000000e+01
-7.070174217224121094e+00 -4.978224754333496094e+00 -7.565118670463562012e-01 6.000000000000000000e+00
-3.884160995483397727e+01 -2.730846977233887074e+01 -8.287798762321472168e-01 1.200000000000000000e+01
-2.212807178497314009e+00 -1.551727533340454102e+00 -7.241756916046142578e-01 1.600000000000000000e+01
-2.602952480316162109e+00 -1.823961257934570090e+00 -7.337903380393981934e-01 1.400000000000000000e+01
-3.108278036117554155e+00 -2.177248239517211914e+00 -7.376675605773925781e-01 1.200000000000000000e+01
-3.898560762405395952e+00 -2.728787660598754883e+00 -7.537012696266174316e-01 1.100000000000000000e+01
-5.351804733276367188e+00 -3.743199348449707031e+00 -8.019002676010131836e-01 7.000000000000000000e+00
-7.106238365173339844e+00 -4.968451976776123047e+00 -7.586035728454589844e-01 6.000000000000000000e+00
-3.905329132080078125e+01 -2.726422309875487926e+01 -8.313628435134887695e-01 1.200000000000000000e+01
-2.222966909408568892e+00 -1.547304868698119895e+00 -7.257286310195922852e-01 1.700000000000000000e+01
-2.598104476928710938e+00 -1.807075023651123047e+00 -7.306410074234008789e-01 1.300000000000000000e+01
-3.125530719757080078e+00 -2.173109531402587891e+00 -7.399572730064392090e-01 1.200000000000000000e+01
-3.908062219619750977e+00 -2.715162515640258789e+00 -7.537012696266174316e-01 1.100000000000000000e+01
-5.351793289184570312e+00 -3.715438842773437944e+00 -7.999503612518310547e-01 1.000000000000000000e+01
-7.130085468292236328e+00 -4.948159694671630859e+00 -7.593008279800415039e-01 6.000000000000000000e+00
-3.931916046142578125e+01 -2.724618721008301137e+01 -8.349929451942443848e-01 1.200000000000000000e+01
-2.226496458053588867e+00 -1.538826346397399902e+00 -7.252109646797180176e-01 1.600000000000000000e+01
-2.605686187744141069e+00 -1.799556851387023926e+00 -7.310909032821655273e-01 1.300000000000000000e+01
-3.134335517883300781e+00 -2.163848400115966797e+00 -7.403389215469360352e-01 1.300000000000000000e+01
-3.920296669006348100e+00 -2.704431533813477007e+00 -7.543269991874694824e-01 1.100000000000000000e+01
-5.367353439331054688e+00 -3.699924468994141069e+00 -8.004378676414489746e-01 1.000000000000000000e+01
-7.143173694610595703e+00 -4.922227382659912109e+00 -7.589522004127502441e-01 6.000000000000000000e+00
-3.965311050415039062e+01 -2.728340911865234020e+01 -8.401588201522827148e-01 1.200000000000000000e+01
-2.243005752563477007e+00 -1.538694858551024947e+00 -7.288344502449035645e-01 1.700000000000000000e+01
-2.605522632598876953e+00 -1.786043167114258035e+00 -7.292913198471069336e-01 1.200000000000000000e+01
-3.128913402557373047e+00 -2.144016265869141069e+00 -7.372859716415405273e-01 1.200000000000000000e+01
-3.931342840194702148e+00 -2.691846609115601030e+00 -7.546398639678955078e-01 1.100000000000000000e+01
-5.365490913391113281e+00 -3.671077966690063032e+00 -7.982441782951354980e-01 1.200000000000000000e+01
-7.087952613830566406e+00 -4.847773075103759766e+00 -7.512825131416320801e-01 6.000000000000000000e+00
-9.113743782043457031e+00 -6.228635787963867188e+00 -5.785216689109802246e-01 3.000000000000000000e+00
-3.987030792236328125e+01 -2.722828102111816051e+01 -8.427417874336242676e-01 1.300000000000000000e+01
-2.240644931793212891e+00 -1.525028586387634055e+00 -7.262462377548217773e-01 1.600000000000000000e+01
-2.620108127593994141e+00 -1.781960964202881081e+00 -7.315407991409301758e-01 1.200000000000000000e+01
-3.133503437042235884e+00 -2.130326271057128906e+00 -7.365227341651916504e-01 1.200000000000000000e+01
-3.947718381881713867e+00 -2.681859493255614790e+00 -7.558913230895996094e-01 1.100000000000000000e+01
-5.362485885620117188e+00 -3.640238523483275923e+00 -7.958068251609802246e-01 1.200000000000000000e+01
-7.171618938446044922e+00 -4.866511344909667969e+00 -7.582549452781677246e-01 6.000000000000000000e+00
-9.169572830200195312e+00 -6.217607975006104404e+00 -5.806151032447814941e-01 3.000000000000000000e+00
-4.011882781982421875e+01 -2.718291854858398082e+01 -8.458832502365112305e-01 1.300000000000000000e+01
-2.236349821090697798e+00 -1.510709643363953081e+00 -7.231404185295104980e-01 1.900000000000000000e+01
-2.627927541732788086e+00 -1.773894548416137917e+00 -7.319907546043395996e-01 1.100000000000000000e+01
-3.152312517166138139e+00 -2.127062320709228960e+00 -7.391940355300903320e-01 1.200000000000000000e+01
-3.961969375610352007e+00 -2.671376228332519975e+00 -7.568299174308776855e-01 9.000000000000000000e+00
-5.368574619293212891e+00 -3.617061138153076172e+00 -7.948318719863891602e-01 1.000000000000000000e+01
-7.236485958099365234e+00 -4.873724460601806641e+00 -7.633100152015686035e-01 7.000000000000000000e+00
-9.393371582031250000e+00 -6.321607112884520596e+00 -5.933851003646850586e-01 3.000000000000000000e+00
-4.043582916259766336e+01 -2.719224166870116832e+01 -8.505604863166809082e-01 1.300000000000000000e+01
-2.246160268783568892e+00 -1.506513595581054910e+00 -7.246932983398437500e-01 1.800000000000000000e+01
-2.630558013916016069e+00 -1.763000488281250000e+00 -7.310909032821655273e-01 1.200000000000000000e+01
-3.152824640274047852e+00 -2.112226247787476030e+00 -7.376675605773925781e-01 1.200000000000000000e+01
-3.949466705322266069e+00 -2.643937587738037109e+00 -7.527626752853393555e-01 1.100000000000000000e+01
-5.405289649963378906e+00 -3.615794181823730025e+00 -7.984879612922668457e-01 8.000000000000000000e+00
-7.133359909057617188e+00 -4.769961357116699219e+00 -7.507595419883728027e-01 7.000000000000000000e+00
-9.427568435668945312e+00 -6.299299716949462891e+00 -5.942224264144897461e-01 3.000000000000000000e+00
-4.071869659423828125e+01 -2.718680763244628906e+01 -8.546094298362731934e-01 1.300000000000000000e+01
-2.254621744155883789e+00 -1.500804781913757102e+00 -7.257286310195922852e-01 1.800000000000000000e+01
-2.628583192825316939e+00 -1.748411059379578081e+00 -7.288414239883422852e-01 1.200000000000000000e+01
-3.168352603912353960e+00 -2.106642961502075195e+00 -7.395756840705871582e-01 1.100000000000000000e+01
-3.970189094543457031e+00 -2.637787342071533203e+00 -7.549527287483215332e-01 1.100000000000000000e+01
-5.399685859680175781e+00 -3.584826707839965820e+00 -7.958068251609802246e-01 7.000000000000000000e+00
-7.289413452148438388e+00 -4.837574958801270419e+00 -7.654017210006713867e-01 7.000000000000000000e+00
-9.489447593688964844e+00 -6.292844295501708984e+00 -5.967345833778381348e-01 6.000000000000000000e+00
-4.092670059204102273e+01 -2.711961936950683949e+01 -8.569829463958740234e-01 1.300000000000000000e+01
-2.269779682159423828e+00 -1.498918533325195090e+00 -7.288344502449035645e-01 1.600000000000000000e+01
-2.636600255966186968e+00 -1.739838361740112083e+00 -7.292913198471069336e-01 1.100000000000000000e+01
-3.174413919448852983e+00 -2.093935251235961914e+00 -7.391940355300903320e-01 1.200000000000000000e+01
-3.983129024505614790e+00 -2.625392198562622070e+00 -7.555784583091735840e-01 1.100000000000000000e+01
-5.353107452392578125e+00 -3.525703668594359907e+00 -7.870322465896606445e-01 1.000000000000000000e+01
-7.275477409362792969e+00 -4.790009021759033203e+00 -7.620897889137268066e-01 6.000000000000000000e+00
-9.544151306152343750e+00 -6.278878211975097656e+00 -5.987233519554138184e-01 1.000000000000000000e+01
-4.123970794677733664e+01 -2.711003494262694957e+01 -8.614507913589477539e-01 1.300000000000000000e+01
-2.266919136047362837e+00 -1.485691666603087935e+00 -7.262462377548217773e-01 1.600000000000000000e+01
-2.650808572769165039e+00 -1.735962390899657981e+00 -7.315407991409301758e-01 1.300000000000000000e+01
-3.175133228302001953e+00 -2.078540563583374023e+00 -7.376675605773925781e-01 1.200000000000000000e+01
-3.975737810134888139e+00 -2.600659132003784180e+00 -7.524497509002685547e-01 1.100000000000000000e+01
-5.362058162689208984e+00 -3.504824161529541016e+00 -7.865447402000427246e-01 1.400000000000000000e+01
-7.330515384674072266e+00 -4.789649009704589844e+00 -7.660989761352539062e-01 6.000000000000000000e+00
-9.592768669128417969e+00 -6.262994289398193359e+00 -6.003980636596679688e-01 1.300000000000000000e+01
-4.147476959228516336e+01 -2.705769729614258168e+01 -8.643828034400939941e-01 1.300000000000000000e+01
-2.265356302261352983e+00 -1.473951816558837891e+00 -7.241756916046142578e-01 1.600000000000000000e+01
-2.654917001724243164e+00 -1.726100206375122070e+00 -7.310909032821655273e-01 1.200000000000000000e+01
-3.183654785156250000e+00 -2.069069862365723100e+00 -7.380492091178894043e-01 1.100000000000000000e+01
-3.985996723175048828e+00 -2.588536500930786133e+00 -7.527626752853393555e-01 1.100000000000000000e+01
-5.405290603637695312e+00 -3.507554769515991211e+00 -7.911757826805114746e-01 1.400000000000000000e+01
-7.391489028930664062e+00 -4.794588565826416016e+00 -7.708054184913635254e-01 7.000000000000000000e+00
-9.638624191284179688e+00 -6.247444152832031250e+00 -6.019681692123413086e-01 1.000000000000000000e+01
-4.176903533935546875e+01 -2.705263519287109020e+01 -8.686411976814270020e-01 1.300000000000000000e+01
-2.275356531143188032e+00 -1.469179034233093040e+00 -7.257286310195922852e-01 1.700000000000000000e+01
-2.651101112365723100e+00 -1.710483312606811968e+00 -7.283915281295776367e-01 1.200000000000000000e+01
-3.180958509445189986e+00 -2.051559686660767046e+00 -7.357594966888427734e-01 1.100000000000000000e+01
-3.988366365432738814e+00 -2.570326805114746094e+00 -7.515111565589904785e-01 1.100000000000000000e+01
-5.435859680175781250e+00 -3.500487804412841797e+00 -7.938569188117980957e-01 1.000000000000000000e+01
-7.413206577301025391e+00 -4.771993637084960938e+00 -7.713283300399780273e-01 8.000000000000000000e+00
-9.615019798278808594e+00 -6.184588432312011719e+00 -5.991420149803161621e-01 1.000000000000000000e+01
-4.210208511352539062e+01 -2.706019973754883168e+01 -8.735976815223693848e-01 1.300000000000000000e+01
-2.280471086502075195e+00 -1.461227655410767046e+00 -7.257286310195922852e-01 1.800000000000000000e+01
-2.655414342880249023e+00 -1.700168013572693093e+00 -7.279416322708129883e-01 1.300000000000000000e+01
-3.202982664108275923e+00 -2.049968481063843218e+00 -7.391940355300903320e-01 1.200000000000000000e+01
-3.998978376388549805e+00 -2.557453393936156782e+00 -7.518240213394165039e-01 1.100000000000000000e+01
-5.459754943847656250e+00 -3.488974094390869141e+00 -7.955631017684936523e-01 8.000000000000000000e+00
-7.513771533966063565e+00 -4.799715995788574219e+00 -7.800439000129699707e-01 7.000000000000000000e+00
-9.510284423828125000e+00 -6.070393085479736328e+00 -5.912916064262390137e-01 9.000000000000000000e+00
-4.243231964111328125e+01 -2.706361579895019887e+01 -8.784843087196350098e-01 1.300000000000000000e+01
-2.290448427200316939e+00 -1.456368088722229004e+00 -7.272815108299255371e-01 1.600000000000000000e+01
-2.664622545242310014e+00 -1.692978620529175027e+00 -7.288414239883422852e-01 1.300000000000000000e+01
-3.195203304290771040e+00 -2.029302597045897993e+00 -7.357594966888427734e-01 1.100000000000000000e+01
-4.009549140930175781e+00 -2.544537305831909180e+00 -7.521368861198425293e-01 1.100000000000000000e+01
-5.435018539428710938e+00 -3.446506977081298828e+00 -7.902008295059204102e-01 8.000000000000000000e+00
-7.612936496734619141e+00 -4.825726509094238281e+00 -7.885851860046386719e-01 8.000000000000000000e+00
-9.435240745544433594e+00 -5.976242542266845703e+00 -5.853253602981567383e-01 9.000000000000000000e+00
-4.268874359130858664e+01 -2.701799964904785156e+01 -8.818352222442626953e-01 1.300000000000000000e+01
-2.282447576522827148e+00 -1.440117120742798074e+00 -7.231404185295104980e-01 1.900000000000000000e+01
-2.672164440155028853e+00 -1.684706330299376997e+00 -7.292913198471069336e-01 1.400000000000000000e+01
-3.198945760726929155e+00 -2.016043424606322798e+00 -7.349962592124938965e-01 1.100000000000000000e+01
-4.045151710510253906e+00 -2.547367811203002930e+00 -7.571427822113037109e-01 1.100000000000000000e+01
-5.478938579559326172e+00 -3.447601556777954102e+00 -7.948318719863891602e-01 7.000000000000000000e+00
-7.601064205169677734e+00 -4.781089305877686435e+00 -7.856218814849853516e-01 8.000000000000000000e+00
-9.708003044128417969e+00 -6.101630687713623047e+00 -6.009214520454406738e-01 3.000000000000000000e+00
-4.298262023925781250e+01 -2.699431800842285156e+01 -8.859539628028869629e-01 1.300000000000000000e+01
-2.285823106765747070e+00 -1.431115984916687012e+00 -7.226227521896362305e-01 1.800000000000000000e+01
-2.684637069702147993e+00 -1.679502725601196067e+00 -7.310909032821655273e-01 1.200000000000000000e+01
-3.210957288742064986e+00 -2.007987499237060991e+00 -7.361410856246948242e-01 1.200000000000000000e+01
-4.030565738677979404e+00 -2.518577098846435991e+00 -7.527626752853393555e-01 1.100000000000000000e+01
-5.490939617156982422e+00 -3.428455352783203125e+00 -7.948318719863891602e-01 7.000000000000000000e+00
-7.428405284881591797e+00 -4.636376380920410156e+00 -7.660989761352539062e-01 7.000000000000000000e+00
-9.898712158203125000e+00 -6.173397064208984375e+00 -6.113886237144470215e-01 7.000000000000000000e+00
-4.315126037597656250e+01 -2.689065170288085938e+01 -8.874897956848144531e-01 1.300000000000000000e+01
-2.291053056716918945e+00 -1.422728419303894043e+00 -7.226227521896362305e-01 1.800000000000000000e+01
-2.690774917602539062e+00 -1.669651746749877930e+00 -7.310909032821655273e-01 1.300000000000000000e+01
-3.221632003784180132e+00 -1.998275041580199973e+00 -7.369043231010437012e-01 1.200000000000000000e+01
-4.026337623596191406e+00 -2.495462179183959961e+00 -7.502596974372863770e-01 1.100000000000000000e+01
-5.496717929840087891e+00 -3.404126405715941939e+00 -7.938569188117980957e-01 7.000000000000000000e+00
-7.614753723144531250e+00 -4.713990688323974609e+00 -7.835301160812377930e-01 7.000000000000000000e+00
-9.958640098571777344e+00 -6.160190105438232422e+00 -6.136914491653442383e-01 1.000000000000000000e+01
-4.346385192871093750e+01 -2.686478614807128906e+01 -8.918877840042114258e-01 1.400000000000000000e+01
-2.305873632431029829e+00 -1.420802950859070046e+00 -7.257286310195922852e-01 1.700000000000000000e+01
-2.681651592254639116e+00 -1.651053786277770996e+00 -7.270417809486389160e-01 1.300000000000000000e+01
-3.236947536468505859e+00 -1.992162346839905007e+00 -7.388124465942382812e-01 1.200000000000000000e+01
-4.041754722595214844e+00 -2.485531568527222124e+00 -7.515111565589904785e-01 1.100000000000000000e+01
-5.496727943420410156e+00 -3.377643585205078125e+00 -7.921507358551025391e-01 7.000000000000000000e+00
-7.580231189727783203e+00 -4.656097412109375000e+00 -7.783007621765136719e-01 7.000000000000000000e+00
-9.963060379028320312e+00 -6.114943027496337891e+00 -6.126447319984436035e-01 7.000000000000000000e+00
-4.372782897949218750e+01 -2.681744956970214844e+01 -8.953782320022583008e-01 1.400000000000000000e+01
-2.310572385787963867e+00 -1.413148522377013938e+00 -7.257286310195922852e-01 1.800000000000000000e+01
-2.695426225662231001e+00 -1.647232890129088911e+00 -7.292913198471069336e-01 1.200000000000000000e+01
-3.235159158706665039e+00 -1.976299881935120073e+00 -7.369043231010437012e-01 1.200000000000000000e+01
-4.056718826293945312e+00 -2.476231813430786133e+00 -7.527626752853393555e-01 1.100000000000000000e+01
-5.516372203826904297e+00 -3.364565610885620117e+00 -7.933694124221801758e-01 7.000000000000000000e+00
-7.498663902282714844e+00 -4.571816444396972656e+00 -7.683650255203247070e-01 8.000000000000000000e+00
-1.001398563385009943e+01 -6.100574493408203125e+00 -6.145287752151489258e-01 7.000000000000000000e+00
-4.390192413330078125e+01 -2.672428321838378906e+01 -8.971235156059265137e-01 1.400000000000000000e+01
-2.315491199493408203e+00 -1.405074596405029075e+00 -7.257286310195922852e-01 1.700000000000000000e+01
-2.699493169784545898e+00 -1.636803746223449929e+00 -7.288414239883422852e-01 1.300000000000000000e+01
-3.233643293380736861e+00 -1.959907054901123047e+00 -7.349962592124938965e-01 1.200000000000000000e+01
-4.073786258697509766e+00 -2.467172622680664062e+00 -7.543269991874694824e-01 1.100000000000000000e+01
-5.516194820404052734e+00 -3.338095188140869141e+00 -7.916632294654846191e-01 5.000000000000000000e+00
-7.594700813293457031e+00 -4.594080924987792969e+00 -7.765576839447021484e-01 7.000000000000000000e+00
-1.004547500610351918e+01 -6.071780681610107422e+00 -6.151568293571472168e-01 7.000000000000000000e+00
-4.425170135498046875e+01 -2.672594451904296875e+01 -9.023592472076416016e-01 1.400000000000000000e+01
-2.310451507568358931e+00 -1.391004920005797896e+00 -7.226227521896362305e-01 1.800000000000000000e+01
-2.708529949188231978e+00 -1.629379868507385032e+00 -7.297412157058715820e-01 1.200000000000000000e+01
-3.238782405853271040e+00 -1.947595834732056108e+00 -7.346146106719970703e-01 1.200000000000000000e+01
-4.067134380340576172e+00 -2.443780899047852007e+00 -7.515111565589904785e-01 1.200000000000000000e+01
-5.526111602783203125e+00 -3.317797899246215820e+00 -7.914195060729980469e-01 7.000000000000000000e+00
-7.515023231506347656e+00 -4.510127544403076172e+00 -7.667962312698364258e-01 7.000000000000000000e+00
-1.012827205657958984e+01 -6.073656558990479404e+00 -6.189250349998474121e-01 1.000000000000000000e+01
-4.455742645263671875e+01 -2.669876480102539062e+01 -9.066874384880065918e-01 1.400000000000000000e+01
-2.315292835235596147e+00 -1.382931470870971902e+00 -7.226227521896362305e-01 1.800000000000000000e+01
-2.710854530334473100e+00 -1.617918014526366965e+00 -7.288414239883422852e-01 1.200000000000000000e+01
-3.247246980667113814e+00 -1.937284350395203081e+00 -7.349962592124938965e-01 1.200000000000000000e+01
-4.063762664794921875e+00 -2.422488689422606978e+00 -7.493211030960083008e-01 1.100000000000000000e+01
-5.546186447143554688e+00 -3.303567171096802202e+00 -7.926381826400756836e-01 8.000000000000000000e+00
-7.727591037750244141e+00 -4.601086616516113281e+00 -7.868420481681823730e-01 5.000000000000000000e+00
-1.015456104278563920e+01 -6.041328907012938565e+00 -6.192390322685241699e-01 1.400000000000000000e+01
-4.481536483764647727e+01 -2.664116477966308949e+01 -9.100382924079895020e-01 1.400000000000000000e+01
-2.323670387268065962e+00 -1.376405239105225053e+00 -7.236580252647399902e-01 1.800000000000000000e+01
-2.713412046432495117e+00 -1.605986118316649947e+00 -7.279416322708129883e-01 1.100000000000000000e+01
-3.256015539169311968e+00 -1.926369309425354004e+00 -7.353778481483459473e-01 1.200000000000000000e+01
-4.091319084167479581e+00 -2.418635845184326172e+00 -7.527626752853393555e-01 1.200000000000000000e+01
-5.542874813079833984e+00 -3.274130821228026900e+00 -7.904445528984069824e-01 7.000000000000000000e+00
-7.734109401702880859e+00 -4.566654682159423828e+00 -7.857961654663085938e-01 9.000000000000000000e+00
-1.012847042083740057e+01 -5.975653171539306641e+00 -6.163082122802734375e-01 1.400000000000000000e+01
-4.509531021118164062e+01 -2.658437347412109020e+01 -9.137381911277770996e-01 1.400000000000000000e+01
-2.328460693359375000e+00 -1.368285775184630904e+00 -7.236580252647399902e-01 1.700000000000000000e+01
-2.722362518310546875e+00 -1.598478198051453081e+00 -7.288414239883422852e-01 1.300000000000000000e+01
-3.264413118362427202e+00 -1.915985703468322976e+00 -7.357594966888427734e-01 1.200000000000000000e+01
-4.091217041015625000e+00 -2.399343013763428178e+00 -7.511982917785644531e-01 1.100000000000000000e+01
-5.542281150817871094e+00 -3.247737407684326172e+00 -7.887383699417114258e-01 8.000000000000000000e+00
-7.865186691284179688e+00 -4.607100009918212891e+00 -7.974750399589538574e-01 6.000000000000000000e+00
-1.015960979461669922e+01 -5.946315288543701172e+00 -6.169362664222717285e-01 1.000000000000000000e+01
-4.540187835693358664e+01 -2.655197906494140980e+01 -9.180663824081420898e-01 1.400000000000000000e+01
-2.329884767532349077e+00 -1.358203768730164018e+00 -7.226227521896362305e-01 1.800000000000000000e+01
-2.722873926162720171e+00 -1.586023092269897017e+00 -7.274917364120483398e-01 1.200000000000000000e+01
-3.262598037719727007e+00 -1.899639844894408958e+00 -7.338513731956481934e-01 1.300000000000000000e+01
-4.109812259674072266e+00 -2.391007661819458008e+00 -7.530755400657653809e-01 1.100000000000000000e+01
-5.557016372680664062e+00 -3.230366706848144975e+00 -7.892258763313293457e-01 8.000000000000000000e+00
-7.867439270019531250e+00 -4.571609020233154297e+00 -7.960805296897888184e-01 8.000000000000000000e+00
-1.031848335266112926e+01 -5.991043567657470703e+00 -6.253100037574768066e-01 1.000000000000000000e+01
-4.547698593139647727e+01 -2.638330078125000000e+01 -9.177173376083374023e-01 1.400000000000000000e+01
-2.331266880035399947e+00 -1.348128437995911089e+00 -7.215874791145324707e-01 1.900000000000000000e+01
-2.736830234527587891e+00 -1.581383705139159934e+00 -7.297412157058715820e-01 1.200000000000000000e+01
-3.267509222030640093e+00 -1.887257814407349077e+00 -7.334697842597961426e-01 1.300000000000000000e+01
-4.107867717742919922e+00 -2.370722770690917969e+00 -7.511982917785644531e-01 1.100000000000000000e+01
-5.578576564788818359e+00 -3.216899156570435014e+00 -7.906882762908935547e-01 8.000000000000000000e+00
-7.950669288635253906e+00 -4.582923412322998047e+00 -8.028786778450012207e-01 8.000000000000000000e+00
-1.037913894653319957e+01 -5.977915763854979581e+00 -6.277174353599548340e-01 1.800000000000000000e+01
-4.562773132324218750e+01 -2.625830841064453125e+01 -9.189041256904602051e-01 1.400000000000000000e+01
-2.334048986434936968e+00 -1.339428782463073953e+00 -7.210698723793029785e-01 1.900000000000000000e+01
-2.735296964645386186e+00 -1.568421840667725053e+00 -7.279416322708129883e-01 1.200000000000000000e+01
-3.272046327590941939e+00 -1.875435709953308105e+00 -7.330881357192993164e-01 1.200000000000000000e+01
-4.112278461456298828e+00 -2.355124235153197798e+00 -7.505725622177124023e-01 1.100000000000000000e+01
-5.587490558624267578e+00 -3.197396278381348100e+00 -7.904445528984069824e-01 1.000000000000000000e+01
-8.007329940795898438e+00 -4.580275058746337891e+00 -8.070621490478515625e-01 9.000000000000000000e+00
-1.038503360748291016e+01 -5.935535907745361328e+00 -6.268801093101501465e-01 1.800000000000000000e+01
-4.578054428100585938e+01 -2.614454078674316051e+01 -9.202305078506469727e-01 1.400000000000000000e+01
-2.342068195343018022e+00 -1.333184599876404031e+00 -7.221051454544067383e-01 1.900000000000000000e+01
-2.740755081176757812e+00 -1.558864355087280051e+00 -7.279416322708129883e-01 1.300000000000000000e+01
-3.285399675369263139e+00 -1.867883920669556108e+00 -7.346146106719970703e-01 1.200000000000000000e+01
-4.117039203643798828e+00 -2.338803768157958984e+00 -7.499468326568603516e-01 1.100000000000000000e+01
-5.589985370635986328e+00 -3.172973394393920898e+00 -7.892258763313293457e-01 8.000000000000000000e+00
-8.068324089050292969e+00 -4.577859878540039062e+00 -8.115942478179931641e-01 1.000000000000000000e+01
-1.043001365661620916e+01 -5.913039207458496094e+00 -6.283454895019531250e-01 1.800000000000000000e+01
-4.592372512817382812e+01 -2.601414489746094105e+01 -9.212776422500610352e-01 1.400000000000000000e+01
-2.348389625549315962e+00 -1.325950980186461958e+00 -7.226227521896362305e-01 1.800000000000000000e+01
-2.746179819107056108e+00 -1.549287796020508035e+00 -7.279416322708129883e-01 1.100000000000000000e+01
-3.291899681091309038e+00 -1.856404423713684082e+00 -7.346146106719970703e-01 1.200000000000000000e+01
-4.132061958312988281e+00 -2.328297376632689986e+00 -7.511982917785644531e-01 1.100000000000000000e+01
-5.585459232330322266e+00 -3.144676446914672852e+00 -7.870322465896606445e-01 8.000000000000000000e+00
-8.096408843994140625e+00 -4.556508541107177734e+00 -8.128144741058349609e-01 9.000000000000000000e+00
-1.046625900268555043e+01 -5.885406017303466797e+00 -6.292875409126281738e-01 2.200000000000000000e+01
-4.598287200927733664e+01 -2.583605194091796875e+01 -9.206493496894836426e-01 1.400000000000000000e+01
-2.354689359664916992e+00 -1.318689465522765891e+00 -7.231404185295104980e-01 1.900000000000000000e+01
-2.753271818161011186e+00 -1.540644049644469993e+00 -7.283915281295776367e-01 1.300000000000000000e+01
-3.291506052017211914e+00 -1.841068625450134055e+00 -7.330881357192993164e-01 1.200000000000000000e+01
-4.136715412139892578e+00 -2.311932086944580078e+00 -7.505725622177124023e-01 1.200000000000000000e+01
-5.592936038970947266e+00 -3.123224496841431108e+00 -7.865447402000427246e-01 1.000000000000000000e+01
-8.119223594665527344e+00 -4.532103538513183594e+00 -8.135117292404174805e-01 9.000000000000000000e+00
-1.057220935821533025e+01 -5.896506309509277344e+00 -6.344164609909057617e-01 1.500000000000000000e+01
-4.607277297973632812e+01 -2.567538452148437855e+01 -9.206493496894836426e-01 1.400000000000000000e+01
-2.350834131240845171e+00 -1.305771708488463911e+00 -7.205522060394287109e-01 1.700000000000000000e+01
-2.755225181579589844e+00 -1.529132604598999023e+00 -7.274917364120483398e-01 1.200000000000000000e+01
-3.296195745468140093e+00 -1.828615546226501021e+00 -7.327065467834472656e-01 1.200000000000000000e+01
-4.144760608673095703e+00 -2.297478199005126953e+00 -7.505725622177124023e-01 1.200000000000000000e+01
-5.605540275573729581e+00 -3.104644298553466797e+00 -7.867884635925292969e-01 8.000000000000000000e+00
-8.190773010253906250e+00 -4.534615039825438565e+00 -8.190896511077880859e-01 9.000000000000000000e+00
-1.062069034576416016e+01 -5.875034809112548828e+00 -6.360912322998046875e-01 1.800000000000000000e+01
-4.617261886596679688e+01 -2.552020645141601918e+01 -9.208588004112243652e-01 1.400000000000000000e+01
-2.351993560791016069e+00 -1.295693516731261985e+00 -7.195169329643249512e-01 1.800000000000000000e+01
-2.758838653564453125e+00 -1.518566131591797097e+00 -7.270417809486389160e-01 1.200000000000000000e+01
-3.304278850555419922e+00 -1.818044900894165039e+00 -7.330881357192993164e-01 1.200000000000000000e+01
-4.145830631256104404e+00 -2.279189825057982954e+00 -7.493211030960083008e-01 1.200000000000000000e+01
-5.618083477020263672e+00 -3.086014270782471147e+00 -7.870322465896606445e-01 1.000000000000000000e+01
-8.260691642761230469e+00 -4.535722732543945312e+00 -8.244933485984802246e-01 9.000000000000000000e+00
-1.065163993835449041e+01 -5.843689918518066406e+00 -6.367192268371582031e-01 1.500000000000000000e+01
-4.626492691040039062e+01 -2.536080169677734020e+01 -9.209285974502563477e-01 1.400000000000000000e+01
-2.366673946380614790e+00 -1.293033123016356978e+00 -7.226227521896362305e-01 1.700000000000000000e+01
-2.760701894760131836e+00 -1.507059216499329057e+00 -7.261419892311096191e-01 1.100000000000000000e+01
-3.314051628112792969e+00 -1.808380603790282981e+00 -7.338513731956481934e-01 1.100000000000000000e+01
-4.165901660919188565e+00 -2.271323442459106001e+00 -7.515111565589904785e-01 1.200000000000000000e+01
-5.620105266571044922e+00 -3.061636447906494141e+00 -7.858135104179382324e-01 8.000000000000000000e+00
-8.330717086791992188e+00 -4.536397457122802734e+00 -8.298969864845275879e-01 9.000000000000000000e+00
-1.074565792083740057e+01 -5.846563816070556641e+00 -6.411154866218566895e-01 7.000000000000000000e+00
-4.641641616821289062e+01 -2.523353576660155895e+01 -9.221851825714111328e-01 1.400000000000000000e+01
-2.367775917053223100e+00 -1.282923340797424094e+00 -7.215874791145324707e-01 1.800000000000000000e+01
-2.764231920242310014e+00 -1.496485590934752974e+00 -7.256920933723449707e-01 1.200000000000000000e+01
-3.323797225952147993e+00 -1.798670053482056108e+00 -7.346146106719970703e-01 1.100000000000000000e+01
-4.166854381561279297e+00 -2.253009557723999023e+00 -7.502596974372863770e-01 1.200000000000000000e+01
-5.613293170928955078e+00 -3.032564401626586914e+00 -7.833761572837829590e-01 8.000000000000000000e+00
-8.381563186645507812e+00 -4.526224613189697266e+00 -8.333832025527954102e-01 1.100000000000000000e+01
-1.095231819152832031e+01 -5.909550189971923828e+00 -6.522107124328613281e-01 7.000000000000000000e+00
-4.648661422729492188e+01 -2.506186866760253906e+01 -9.218361377716064453e-01 1.400000000000000000e+01
-2.375643253326416016e+00 -1.276479244232177956e+00 -7.226227521896362305e-01 1.800000000000000000e+01
-2.774589538574219194e+00 -1.489592909812927024e+00 -7.270417809486389160e-01 1.100000000000000000e+01
-3.323135852813721147e+00 -1.783343553543091042e+00 -7.330881357192993164e-01 1.200000000000000000e+01
-4.181656837463378906e+00 -2.242184877395629883e+00 -7.515111565589904785e-01 1.200000000000000000e+01
-5.637842655181884766e+00 -3.020451545715332031e+00 -7.853260636329650879e-01 8.000000000000000000e+00
-8.404337882995605469e+00 -4.500702381134033203e+00 -8.340804576873779297e-01 9.000000000000000000e+00
-1.107677936553955078e+01 -5.926877498626708984e+00 -6.583863496780395508e-01 1.100000000000000000e+01
-4.649621963500977273e+01 -2.485796356201171875e+01 -9.203003048896789551e-01 1.400000000000000000e+01
-2.371559858322143999e+00 -1.263636708259582964e+00 -7.200345993041992188e-01 1.900000000000000000e+01
-2.790093183517456055e+00 -1.485393285751342995e+00 -7.297412157058715820e-01 1.100000000000000000e+01
-3.325874328613280806e+00 -1.769888162612915039e+00 -7.323248982429504395e-01 1.200000000000000000e+01
-4.182481288909912109e+00 -2.223864793777465820e+00 -7.502596974372863770e-01 1.200000000000000000e+01
-5.637833595275878906e+00 -2.995165348052978960e+00 -7.838636040687561035e-01 8.000000000000000000e+00
-8.462228775024414062e+00 -4.493764877319335938e+00 -8.382639288902282715e-01 8.000000000000000000e+00
-1.112562942504882990e+01 -5.903154373168945312e+00 -6.600610613822937012e-01 1.500000000000000000e+01
-4.655797195434570312e+01 -2.468239784240723012e+01 -9.198116064071655273e-01 1.400000000000000000e+01
-2.375956296920775923e+00 -1.255350708961487038e+00 -7.200345993041992188e-01 1.900000000000000000e+01
-2.784921169281005859e+00 -1.470186471939086914e+00 -7.270417809486389160e-01 1.100000000000000000e+01
-3.337241172790526900e+00 -1.761016607284545898e+00 -7.334697842597961426e-01 1.100000000000000000e+01
-4.183229446411132812e+00 -2.205566644668579102e+00 -7.490082383155822754e-01 1.200000000000000000e+01
-5.662304401397705078e+00 -2.982869148254394975e+00 -7.858135104179382324e-01 8.000000000000000000e+00
-8.483152389526367188e+00 -4.466983795166015625e+00 -8.387868404388427734e-01 9.000000000000000000e+00
-1.114263248443604049e+01 -5.862422466278076172e+00 -6.598517298698425293e-01 2.700000000000000000e+01
-4.661552429199218750e+01 -2.450484275817871094e+01 -9.192531704902648926e-01 1.400000000000000000e+01
-2.385457515716553178e+00 -1.249738931655884011e+00 -7.215874791145324707e-01 1.700000000000000000e+01
-2.779677152633666992e+00 -1.455033779144287109e+00 -7.243424057960510254e-01 1.200000000000000000e+01
-3.341628313064575195e+00 -1.748446583747863992e+00 -7.330881357192993164e-01 1.200000000000000000e+01
-4.183900356292724609e+00 -2.187290191650391069e+00 -7.477567195892333984e-01 1.200000000000000000e+01
-5.658606052398681641e+00 -2.955733060836791992e+00 -7.838636040687561035e-01 7.000000000000000000e+00
-8.514588356018066406e+00 -4.445643901824951172e+00 -8.403556942939758301e-01 9.000000000000000000e+00
-1.116302871704101918e+01 -5.823492050170898438e+00 -6.598517298698425293e-01 2.300000000000000000e+01
-4.664048767089843750e+01 -2.431054878234862926e+01 -9.180663824081420898e-01 1.400000000000000000e+01
-2.393234252929687944e+00 -1.243185639381408913e+00 -7.226227521896362305e-01 1.900000000000000000e+01
-2.793387413024901900e+00 -1.449810624122620073e+00 -7.265918850898742676e-01 1.200000000000000000e+01
-3.349453926086425781e+00 -1.737675547599792036e+00 -7.334697842597961426e-01 1.100000000000000000e+01
-4.203786373138427734e+00 -2.179035902023314986e+00 -7.499468326568603516e-01 1.200000000000000000e+01
-5.663600921630859375e+00 -2.933224201202393022e+00 -7.831323742866516113e-01 8.000000000000000000e+00
-8.588443756103515625e+00 -4.446122646331787109e+00 -8.461079597473144531e-01 8.000000000000000000e+00
-1.121522045135498047e+01 -5.801006793975830078e+00 -6.617358326911926270e-01 2.300000000000000000e+01
-4.663624191284179688e+01 -2.410169029235839844e+01 -9.163211584091186523e-01 1.400000000000000000e+01
-2.395841598510742188e+00 -1.233939528465270996e+00 -7.221051454544067383e-01 1.900000000000000000e+01
-2.796698331832886186e+00 -1.439159393310547097e+00 -7.261419892311096191e-01 1.100000000000000000e+01
-3.339786529541016069e+00 -1.717891097068787065e+00 -7.300352454185485840e-01 1.200000000000000000e+01
-4.211366653442382812e+00 -2.164348602294921875e+00 -7.499468326568603516e-01 1.100000000000000000e+01
-5.675570964813232422e+00 -2.914343357086182085e+00 -7.833761572837829590e-01 7.000000000000000000e+00
-8.630498886108398438e+00 -4.429762840270996094e+00 -8.487226366996765137e-01 1.000000000000000000e+01
-1.129404830932617010e+01 -5.791898727416992188e+00 -6.651899814605712891e-01 2.300000000000000000e+01
-4.657771301269531250e+01 -2.386580276489258168e+01 -9.135287404060363770e-01 1.400000000000000000e+01
-2.380996227264403853e+00 -1.216320633888245073e+00 -7.164111137390136719e-01 1.700000000000000000e+01
-2.804926872253417969e+00 -1.431649088859558105e+00 -7.270417809486389160e-01 1.200000000000000000e+01
-3.359455347061156782e+00 -1.713944315910338911e+00 -7.330881357192993164e-01 1.200000000000000000e+01
-4.207961559295654297e+00 -2.144988536834716797e+00 -7.480695843696594238e-01 1.100000000000000000e+01
-5.678128719329833984e+00 -2.891902923583983931e+00 -7.824012041091918945e-01 8.000000000000000000e+00
-8.675325393676757812e+00 -4.416485309600830078e+00 -8.516859412193298340e-01 8.000000000000000000e+00
-1.147341156005859020e+01 -5.835909366607666016e+00 -6.746104955673217773e-01 1.100000000000000000e+01
-4.662094497680664062e+01 -2.369309425354003906e+01 -9.128306508064270020e-01 1.400000000000000000e+01
-2.395568132400513139e+00 -1.213238954544066939e+00 -7.195169329643249512e-01 1.900000000000000000e+01
-2.808168411254882812e+00 -1.420969486236572044e+00 -7.265918850898742676e-01 1.300000000000000000e+01
-3.363665819168090820e+00 -1.701321005821228027e+00 -7.327065467834472656e-01 1.100000000000000000e+01
-4.213660240173339844e+00 -2.129395961761475053e+00 -7.477567195892333984e-01 1.200000000000000000e+01
-5.707681179046630859e+00 -2.881906986236571822e+00 -7.850822806358337402e-01 8.000000000000000000e+00
-8.726263046264648438e+00 -4.404129981994628906e+00 -8.551721572875976562e-01 5.000000000000000000e+00
-1.160428047180175959e+01 -5.851578712463378906e+00 -6.811001300811767578e-01 1.200000000000000000e+01
-4.672122192382813211e+01 -2.353920936584473012e+01 -9.131796956062316895e-01 1.400000000000000000e+01
-2.399788618087768999e+00 -1.204869508743285911e+00 -7.195169329643249512e-01 1.900000000000000000e+01
-2.804402112960814986e+00 -1.406789660453795943e+00 -7.243424057960510254e-01 1.100000000000000000e+01
-3.367829084396361861e+00 -1.688689351081847922e+00 -7.323248982429504395e-01 1.100000000000000000e+01
-4.222833633422851562e+00 -2.115559577941894975e+00 -7.480695843696594238e-01 1.100000000000000000e+01
-5.701729774475097656e+00 -2.853969097137451172e+00 -7.828886508941650391e-01 8.000000000000000000e+00
-8.770092010498046875e+00 -4.387906551361083984e+00 -8.579611182212829590e-01 5.000000000000000000e+00
-1.157461357116699041e+01 -5.786031723022460938e+00 -6.781693100929260254e-01 7.000000000000000000e+00
-4.678521728515625000e+01 -2.336704444885253906e+01 -9.128306508064270020e-01 1.400000000000000000e+01
-2.407438755035399947e+00 -1.198206901550292969e+00 -7.205522060394287109e-01 1.800000000000000000e+01
-2.809295654296875000e+00 -1.396991848945617898e+00 -7.243424057960510254e-01 1.200000000000000000e+01
-3.378977298736571822e+00 -1.679544687271117942e+00 -7.334697842597961426e-01 1.100000000000000000e+01
-4.230192661285400391e+00 -2.100806236267089844e+00 -7.480695843696594238e-01 1.100000000000000000e+01
-5.709878921508789062e+00 -2.833166599273682085e+00 -7.826449275016784668e-01 1.000000000000000000e+01
-8.778215408325195312e+00 -4.353725433349609375e+00 -8.572638630867004395e-01 3.000000000000000000e+00
-1.163590145111083984e+01 -5.765989780426025391e+00 -6.805768013000488281e-01 1.200000000000000000e+01
-4.686649703979492188e+01 -2.320359039306640980e+01 -9.128306508064270020e-01 1.400000000000000000e+01
-2.413131237030028853e+00 -1.191071987152100053e+00 -7.210698723793029785e-01 2.100000000000000000e+01
-2.813912868499755859e+00 -1.387668251991271973e+00 -7.243424057960510254e-01 1.200000000000000000e+01
-3.368679761886597124e+00 -1.660518169403075950e+00 -7.300352454185485840e-01 1.000000000000000000e+01
-4.237135887145996094e+00 -2.086766719818114790e+00 -7.480695843696594238e-01 1.200000000000000000e+01
-5.712118148803710938e+00 -2.810710668563843218e+00 -7.816699743270874023e-01 8.000000000000000000e+00
-8.767575263977050781e+00 -4.312281131744384766e+00 -8.548235297203063965e-01 3.000000000000000000e+00
-1.174458408355713068e+01 -5.771415233612061435e+00 -6.858103871345520020e-01 1.200000000000000000e+01
-4.685343551635742188e+01 -2.300398254394530895e+01 -9.110854268074035645e-01 1.400000000000000000e+01
-2.408597469329833984e+00 -1.178396344184875044e+00 -7.184816598892211914e-01 1.900000000000000000e+01
-2.825742483139038086e+00 -1.381260514259337935e+00 -7.261419892311096191e-01 1.100000000000000000e+01
-3.379747390747069868e+00 -1.651334762573241965e+00 -7.311800718307495117e-01 1.100000000000000000e+01
-4.240843772888183594e+00 -2.070230484008789062e+00 -7.474438548088073730e-01 1.100000000000000000e+01
-5.725462913513183594e+00 -2.792494773864746094e+00 -7.821574211120605469e-01 8.000000000000000000e+00
-8.796901702880859375e+00 -4.288635253906250000e+00 -8.562180399894714355e-01 3.000000000000000000e+00
-1.191369152069091975e+01 -5.802975654602050781e+00 -6.944981217384338379e-01 8.000000000000000000e+00
-4.697300720214843750e+01 -2.285954475402832031e+01 -9.118533134460449219e-01 1.400000000000000000e+01
-2.409219741821289062e+00 -1.168295741081238015e+00 -7.174463868141174316e-01 1.900000000000000000e+01
-2.823531866073607954e+00 -1.367989778518676980e+00 -7.243424057960510254e-01 1.200000000000000000e+01
-3.385491132736206055e+00 -1.639527201652527078e+00 -7.311800718307495117e-01 1.100000000000000000e+01
-4.240931987762451172e+00 -2.051973104476929155e+00 -7.461923956871032715e-01 1.100000000000000000e+01
-5.719090938568115234e+00 -2.764716386795043945e+00 -7.799637913703918457e-01 9.000000000000000000e+00
-8.811818122863769531e+00 -4.257902145385742188e+00 -8.562180399894714355e-01 1.000000000000000000e+00
-1.198963260650634943e+01 -5.788271903991699219e+00 -6.977429389953613281e-01 1.200000000000000000e+01
-4.696966171264647727e+01 -2.265547561645508168e+01 -9.102476835250854492e-01 1.400000000000000000e+01
-2.420247793197631836e+00 -1.163226246833801047e+00 -7.195169329643249512e-01 2.000000000000000000e+01
-2.823019742965697798e+00 -1.355594754219054954e+00 -7.229927182197570801e-01 1.100000000000000000e+01
-3.394733428955078125e+00 -1.629398703575134055e+00 -7.319433093070983887e-01 1.200000000000000000e+01
-4.251631259918212891e+00 -2.038865327835083008e+00 -7.468181252479553223e-01 1.100000000000000000e+01
-5.730496883392333984e+00 -2.745594024658203125e+00 -7.802075147628784180e-01 8.000000000000000000e+00
-8.808657646179199219e+00 -4.218511581420898438e+00 -8.544749021530151367e-01 1.000000000000000000e+00
-1.201516914367675959e+01 -5.748970985412597656e+00 -6.980569958686828613e-01 1.200000000000000000e+01
-4.704484939575195312e+01 -2.248965835571289062e+01 -9.101778864860534668e-01 1.400000000000000000e+01
-2.428185224533081055e+00 -1.155584931373595969e+00 -7.205522060394287109e-01 2.000000000000000000e+01
-2.828203916549683061e+00 -1.344745159149169922e+00 -7.229927182197570801e-01 1.200000000000000000e+01
-3.402738094329833984e+00 -1.617194652557373047e+00 -7.323248982429504395e-01 1.200000000000000000e+01
-4.259428501129150391e+00 -2.022525310516356978e+00 -7.468181252479553223e-01 1.100000000000000000e+01
-5.737410068511962891e+00 -2.721868515014647993e+00 -7.797200679779052734e-01 9.000000000000000000e+00
-8.810388565063476562e+00 -4.177828311920166016e+00 -8.530803918838500977e-01 1.000000000000000000e+00
-1.210935306549072088e+01 -5.736998558044433594e+00 -7.022438645362854004e-01 1.200000000000000000e+01
-4.705133056640625000e+01 -2.227120971679687855e+01 -9.086421132087707520e-01 1.400000000000000000e+01
-2.421720504760742188e+00 -1.142157554626465066e+00 -7.174463868141174316e-01 2.000000000000000000e+01
-2.839932203292847124e+00 -1.338187336921691895e+00 -7.247923016548156738e-01 1.200000000000000000e+01
-3.394153356552124023e+00 -1.598614692687988059e+00 -7.292720079421997070e-01 1.200000000000000000e+01
-4.255738258361816406e+00 -2.002598285675048828e+00 -7.449409365653991699e-01 1.100000000000000000e+01
-5.748672485351563388e+00 -2.702669382095336914e+00 -7.799637913703918457e-01 9.000000000000000000e+00
-8.803279876708984375e+00 -4.136880397796630859e+00 -8.509886860847473145e-01 1.000000000000000000e+00
-1.224139595031737926e+01 -5.747320652008056641e+00 -7.087334990501403809e-01 1.600000000000000000e+01
-4.701291656494141336e+01 -2.205248451232910156e+01 -9.064081907272338867e-01 1.400000000000000000e+01
-2.420244932174683061e+00 -1.131665825843811035e+00 -7.158935070037841797e-01 2.100000000000000000e+01
-2.847885370254517046e+00 -1.330412030220031960e+00 -7.256920933723449707e-01 1.100000000000000000e+01
-3.401214838027954102e+00 -1.588181138038635032e+00 -7.296535968780517578e-01 1.200000000000000000e+01
-4.264145851135253906e+00 -1.989309906959533913e+00 -7.452538013458251953e-01 1.200000000000000000e+01
-5.766599655151367188e+00 -2.687784194946289062e+00 -7.811824679374694824e-01 8.000000000000000000e+00
-8.831398010253906250e+00 -4.114396095275878906e+00 -8.523831367492675781e-01 1.000000000000000000e+00
-1.230565547943115057e+01 -5.727765560150145596e+00 -7.113503217697143555e-01 1.200000000000000000e+01
-4.705677795410156250e+01 -2.188297080993651988e+01 -9.058496952056884766e-01 1.400000000000000000e+01
-2.429438829421997070e+00 -1.125647187232970969e+00 -7.174463868141174316e-01 2.000000000000000000e+01
-2.848975181579589844e+00 -1.318825721740723100e+00 -7.247923016548156738e-01 1.100000000000000000e+01
-3.412083148956298828e+00 -1.578772306442260964e+00 -7.307984232902526855e-01 1.200000000000000000e+01
-4.265684604644775391e+00 -1.971926450729369895e+00 -7.443152070045471191e-01 1.100000000000000000e+01
-5.757924556732177734e+00 -2.659315347671508789e+00 -7.787451148033142090e-01 9.000000000000000000e+00
-8.831234931945800781e+00 -4.076862812042236328e+00 -8.509886860847473145e-01 1.000000000000000000e+00
-1.243257904052734020e+01 -5.734128952026367188e+00 -7.175259590148925781e-01 8.000000000000000000e+00
-4.711108016967772727e+01 -2.170853614807128906e+01 -9.054308533668518066e-01 1.400000000000000000e+01
-2.431597709655762163e+00 -1.116353869438170943e+00 -7.169287800788879395e-01 1.900000000000000000e+01
-4.848459625244141336e+01 -2.224918174743651988e+01 9.311556816101074219e-01 6.300000000000000000e+01
-2.842933416366577148e+00 -1.303998112678528054e+00 -7.220928668975830078e-01 1.200000000000000000e+01
-3.421142578125000000e+00 -1.568488717079163042e+00 -7.315616607666015625e-01 1.200000000000000000e+01
-4.272541999816895419e+00 -1.957024455070496050e+00 -7.443152070045471191e-01 1.100000000000000000e+01
-5.763562202453613281e+00 -2.637548208236693892e+00 -7.782576084136962891e-01 1.100000000000000000e+01
-8.816422462463378906e+00 -4.032751083374023438e+00 -8.481996655464172363e-01 1.000000000000000000e+00
-1.253971385955811080e+01 -5.730543136596679688e+00 -7.225502133369445801e-01 8.000000000000000000e+00
-4.710289382934570312e+01 -2.150575256347655895e+01 -9.038252234458923340e-01 1.400000000000000000e+01
-2.447788953781127930e+00 -1.113458514213562012e+00 -7.205522060394287109e-01 1.900000000000000000e+01
-4.856196594238281250e+01 -2.207980346679687855e+01 9.311556816101074219e-01 6.300000000000000000e+01
-2.858112812042235884e+00 -1.298904061317444070e+00 -7.247923016548156738e-01 1.300000000000000000e+01
-3.414084434509276900e+00 -1.550853371620178001e+00 -7.288903594017028809e-01 1.100000000000000000e+01
-4.272151947021484375e+00 -1.938833236694335938e+00 -7.430636882781982422e-01 1.100000000000000000e+01
-5.769118309020996094e+00 -2.615774154663085938e+00 -7.777701616287231445e-01 1.100000000000000000e+01
-8.873998641967773438e+00 -4.021689891815186435e+00 -8.523831367492675781e-01 1.000000000000000000e+00
-1.258147430419922053e+01 -5.696622371673583984e+00 -7.238062620162963867e-01 8.000000000000000000e+00
-4.710115432739257812e+01 -2.130658531188964844e+01 -9.023592472076416016e-01 1.400000000000000000e+01
-2.442854404449462891e+00 -1.100938558578490989e+00 -7.179640531539916992e-01 2.100000000000000000e+01
-4.863874435424804688e+01 -2.191015625000000000e+01 9.311556816101074219e-01 6.300000000000000000e+01
-2.864406347274779829e+00 -1.289719581604003906e+00 -7.252421975135803223e-01 1.200000000000000000e+01
-3.408735275268555132e+00 -1.534092187881469949e+00 -7.266006469726562500e-01 1.100000000000000000e+01
-4.282496929168701172e+00 -1.925528883934020996e+00 -7.436894178390502930e-01 1.100000000000000000e+01
-5.776402950286865234e+00 -2.594806671142578125e+00 -7.775264382362365723e-01 7.000000000000000000e+00
-8.866171836853027344e+00 -3.980896234512329102e+00 -8.502914309501647949e-01 1.000000000000000000e+00
-1.263955116271973012e+01 -5.669836521148681641e+00 -7.260043621063232422e-01 1.600000000000000000e+01
-4.717524337768554688e+01 -2.114204216003417969e+01 -9.023592472076416016e-01 1.400000000000000000e+01
-2.437862396240233931e+00 -1.088466763496398926e+00 -7.153758406639099121e-01 2.000000000000000000e+01
-2.874229907989501953e+00 -1.282094717025757058e+00 -7.265918850898742676e-01 1.100000000000000000e+01
-3.424828290939331055e+00 -1.526980996131896973e+00 -7.288903594017028809e-01 1.200000000000000000e+01
-4.289192199707031250e+00 -1.910568475723267046e+00 -7.436894178390502930e-01 1.100000000000000000e+01
-5.790866374969482422e+00 -2.577048778533935991e+00 -7.782576084136962891e-01 9.000000000000000000e+00
-8.865450859069824219e+00 -3.943445444107056108e+00 -8.488969206809997559e-01 1.000000000000000000e+00
-1.272314643859862926e+01 -5.654069900512695312e+00 -7.296679019927978516e-01 8.000000000000000000e+00
-4.715737152099608664e+01 -2.093667030334473012e+01 -9.006139636039733887e-01 1.400000000000000000e+01
-2.448335886001586914e+00 -1.083930850028991921e+00 -7.174463868141174316e-01 1.900000000000000000e+01
-2.863986015319824219e+00 -1.266752600669861062e+00 -7.229927182197570801e-01 1.100000000000000000e+01
-3.424221515655518022e+00 -1.513832569122314009e+00 -7.277455329895019531e-01 1.200000000000000000e+01
-4.282524585723876953e+00 -1.891497492790221946e+00 -7.414993643760681152e-01 1.200000000000000000e+01
-5.793485164642333984e+00 -2.556439399719237837e+00 -7.775264382362365723e-01 1.100000000000000000e+01
-8.859565734863281250e+00 -3.907534122467041016e+00 -8.471538424491882324e-01 1.000000000000000000e+00
-1.281029796600341975e+01 -5.644674301147460938e+00 -7.336454391479492188e-01 8.000000000000000000e+00
-4.722291183471679688e+01 -2.078841781616210938e+01 -9.006139636039733887e-01 1.400000000000000000e+01
-5.137244033813477273e+01 -2.261511802673339844e+01 1.503997516632080078e+01 1.900000000000000000e+01
-2.452104568481444868e+00 -1.075377941131592019e+00 -7.174463868141174316e-01 1.900000000000000000e+01
-2.864820480346680132e+00 -1.255183577537537065e+00 -7.220928668975830078e-01 1.300000000000000000e+01
-3.434880018234252930e+00 -1.504233241081238015e+00 -7.288903594017028809e-01 1.200000000000000000e+01
-4.294530391693115234e+00 -1.878912568092345969e+00 -7.424379587173461914e-01 1.100000000000000000e+01
-5.789640903472900391e+00 -2.530635356903076172e+00 -7.758202552795410156e-01 9.000000000000000000e+00
-8.869500160217285156e+00 -3.874989271163939986e+00 -8.468052148818969727e-01 1.000000000000000000e+00
-1.285372066497802912e+01 -5.610310077667236328e+00 -7.350061535835266113e-01 1.200000000000000000e+01
-5.144081878662108664e+01 -2.242050170898437855e+01 1.503583335876465021e+01 1.900000000000000000e+01
-2.465076446533203125e+00 -1.069800019264220969e+00 -7.200345993041992188e-01 1.900000000000000000e+01
-2.866043090820312944e+00 -1.242623805999756081e+00 -7.211930751800537109e-01 1.200000000000000000e+01
-3.431623697280883789e+00 -1.487129926681518999e+00 -7.269822955131530762e-01 1.200000000000000000e+01
-4.303525924682617188e+00 -1.863193750381469949e+00 -7.427508234977722168e-01 1.200000000000000000e+01
-5.030248260498046875e+01 -2.176782798767089844e+01 6.729868888854979581e+00 5.800000000000000000e+01
-5.786561489105224609e+00 -2.502869844436645952e+00 -7.741140723228454590e-01 1.100000000000000000e+01
-8.891629219055175781e+00 -3.844067096710205078e+00 -8.475024700164794922e-01 1.000000000000000000e+00
-1.294484233856200994e+01 -5.591007232666015625e+00 -7.389836907386779785e-01 1.200000000000000000e+01
-4.728222656250000000e+01 -2.040208625793457031e+01 -8.988687396049499512e-01 1.400000000000000000e+01
-2.459921598434447798e+00 -1.057374358177185059e+00 -7.174463868141174316e-01 2.000000000000000000e+01
-2.875735044479370117e+00 -1.234918713569640891e+00 -7.225427627563476562e-01 1.200000000000000000e+01
-3.434989690780640093e+00 -1.474367976188659890e+00 -7.266006469726562500e-01 1.300000000000000000e+01
-4.313634395599365234e+00 -1.849717259407043013e+00 -7.433765530586242676e-01 1.200000000000000000e+01
-5.797087669372558594e+00 -2.483437299728393999e+00 -7.743577957153320312e-01 1.100000000000000000e+01
-8.894003868103027344e+00 -3.808300495147705078e+00 -8.464565873146057129e-01 1.000000000000000000e+00
-1.294591712951659979e+01 -5.537931919097900391e+00 -7.379369735717773438e-01 1.700000000000000000e+01
-5.281404876708983664e+01 -2.258159446716308949e+01 1.326086425781250000e+01 1.900000000000000000e+01
-5.117385482788085938e+01 -2.185917663574219105e+01 1.491056537628174006e+01 1.900000000000000000e+01
-2.452750205993651900e+00 -1.044669151306151900e+00 -7.143405675888061523e-01 1.800000000000000000e+01
-2.890573263168334961e+00 -1.229953646659851074e+00 -7.252421975135803223e-01 1.300000000000000000e+01
-3.445280075073242188e+00 -1.465274095535278098e+00 -7.277455329895019531e-01 1.200000000000000000e+01
-4.314290523529052734e+00 -1.833085179328918013e+00 -7.424379587173461914e-01 1.100000000000000000e+01
-5.799809455871582031e+00 -2.461873054504394975e+00 -7.736265659332275391e-01 1.100000000000000000e+01
-8.862564086914062500e+00 -3.760109901428223100e+00 -8.422731161117553711e-01 1.000000000000000000e+00
-1.300466537475585938e+01 -5.512118816375732422e+00 -7.402397394180297852e-01 1.700000000000000000e+01
-4.539445114135742188e+01 -1.922206687927246094e+01 -8.604734539985656738e-01 1.300000000000000000e+01
-5.077263641357421875e+01 -2.149943351745605113e+01 1.477390861511229936e+01 1.900000000000000000e+01
-2.458161830902100053e+00 -1.036851882934570090e+00 -7.148581743240356445e-01 1.400000000000000000e+01
-2.885869979858397993e+00 -1.216072559356689009e+00 -7.229927182197570801e-01 1.200000000000000000e+01
-3.450373888015747070e+00 -1.453238844871520996e+00 -7.277455329895019531e-01 1.200000000000000000e+01
-4.317021369934082031e+00 -1.816482067108154075e+00 -7.418122291564941406e-01 1.200000000000000000e+01
-5.812027454376220703e+00 -2.443151473999022993e+00 -7.741140723228454590e-01 1.100000000000000000e+01
-8.897677421569824219e+00 -3.738412141799927202e+00 -8.443648219108581543e-01 1.000000000000000000e+00
-1.306618404388427912e+01 -5.484469413757324219e+00 -7.426472306251525879e-01 2.100000000000000000e+01
-5.069416046142578125e+01 -2.125782585144042969e+01 1.472939205169677912e+01 1.900000000000000000e+01
-2.470679283142089844e+00 -1.031987786293030007e+00 -7.174463868141174316e-01 1.400000000000000000e+01
-2.884701967239379883e+00 -1.203740119934082031e+00 -7.216429710388183594e-01 1.300000000000000000e+01
-3.457237482070922852e+00 -1.441941738128662109e+00 -7.281271219253540039e-01 1.100000000000000000e+01
-4.316041946411132812e+00 -1.798362731933593972e+00 -7.405607700347900391e-01 1.100000000000000000e+01
-5.818687438964843750e+00 -2.422085762023925781e+00 -7.738703489303588867e-01 9.000000000000000000e+00
-8.899635314941406250e+00 -3.702738523483275923e+00 -8.433189392089843750e-01 1.000000000000000000e+00
-1.312397861480713068e+01 -5.454924583435058594e+00 -7.448453307151794434e-01 2.500000000000000000e+01
-2.490333080291748047e+00 -1.030002474784851074e+00 -7.221051454544067383e-01 1.200000000000000000e+01
-2.881681919097899947e+00 -1.190686583518981934e+00 -7.198433876037597656e-01 1.300000000000000000e+01
-3.456805944442749023e+00 -1.427616715431212935e+00 -7.269822955131530762e-01 1.200000000000000000e+01
-4.338727474212645596e+00 -1.790066480636596902e+00 -7.433765530586242676e-01 1.200000000000000000e+01
-5.810588836669921875e+00 -2.394952058792113814e+00 -7.716766595840454102e-01 1.100000000000000000e+01
-8.927244186401367188e+00 -3.677721738815308061e+00 -8.447134494781494141e-01 1.000000000000000000e+00
-1.311708259582520064e+01 -5.398438453674316406e+00 -7.433799505233764648e-01 1.700000000000000000e+01
-2.486940145492554155e+00 -1.017940759658813032e+00 -7.200345993041992188e-01 1.300000000000000000e+01
-2.882419109344481978e+00 -1.178641557693481001e+00 -7.189435958862304688e-01 1.200000000000000000e+01
-3.451111316680908203e+00 -1.410480737686157005e+00 -7.246925830841064453e-01 1.200000000000000000e+01
-4.337944030761718750e+00 -1.771165490150452104e+00 -7.421250939369201660e-01 1.200000000000000000e+01
-5.819327831268311435e+00 -2.373639106750487837e+00 -7.716766595840454102e-01 1.100000000000000000e+01
-8.903764724731445312e+00 -3.629933834075928178e+00 -8.412272334098815918e-01 1.000000000000000000e+00
-1.319597244262694957e+01 -5.374433040618895596e+00 -7.467294335365295410e-01 1.200000000000000000e+01
-5.022559356689453125e+01 -2.044557380676269887e+01 1.251942634582520064e+01 1.700000000000000000e+01
-2.477945327758789062e+00 -1.004174590110779031e+00 -7.164111137390136719e-01 1.300000000000000000e+01
-2.904579162597655806e+00 -1.175885558128356934e+00 -7.234426140785217285e-01 1.300000000000000000e+01
-3.459653615951538086e+00 -1.399898409843445046e+00 -7.254558205604553223e-01 1.200000000000000000e+01
-4.336774349212645596e+00 -1.753051161766052024e+00 -7.408736348152160645e-01 1.200000000000000000e+01
-5.831259250640869141e+00 -2.354797840118408203e+00 -7.721641659736633301e-01 1.100000000000000000e+01
-8.916380882263183594e+00 -3.598831892013549805e+00 -8.412272334098815918e-01 1.000000000000000000e+00
-1.311277294158936080e+01 -5.287258625030517578e+00 -7.409724593162536621e-01 8.000000000000000000e+00
-2.485021114349364790e+00 -9.969574809074401855e-01 -7.174463868141174316e-01 1.100000000000000000e+01
-2.896003961563109907e+00 -1.160664796829224077e+00 -7.202932834625244141e-01 1.100000000000000000e+01
-3.464519023895264116e+00 -1.387813448905945046e+00 -7.254558205604553223e-01 1.200000000000000000e+01
-4.342867374420166016e+00 -1.737902402877808061e+00 -7.408736348152160645e-01 1.200000000000000000e+01
-5.835757255554199219e+00 -2.332954883575439009e+00 -7.716766595840454102e-01 1.100000000000000000e+01
-8.895586013793945312e+00 -3.554379224777222124e+00 -8.380896449089050293e-01 3.000000000000000000e+00
-1.340197086334229049e+01 -5.349555969238281250e+00 -7.562545537948608398e-01 4.000000000000000000e+00
-5.097486114501953125e+01 -2.032659530639648082e+01 1.470454502105713068e+01 1.900000000000000000e+01
-2.499258756637572798e+00 -9.925553202629089355e-01 -7.205522060394287109e-01 1.100000000000000000e+01
-2.898226261138916016e+00 -1.149830222129821999e+00 -7.198433876037597656e-01 1.200000000000000000e+01
-3.474817276000977007e+00 -1.377882599830626997e+00 -7.266006469726562500e-01 1.200000000000000000e+01
-4.348907470703125000e+00 -1.722732305526732954e+00 -7.408736348152160645e-01 1.200000000000000000e+01
-5.832789897918701172e+00 -2.308187484741210938e+00 -7.702142596244812012e-01 1.100000000000000000e+01
-8.933876991271972656e+00 -3.533565282821654829e+00 -8.405299782752990723e-01 1.000000000000000000e+00
-1.342056274414063033e+01 -5.302741527557373047e+00 -7.562545537948608398e-01 4.000000000000000000e+00
-4.855075454711914062e+01 -1.916381645202637074e+01 -9.110854268074035645e-01 1.400000000000000000e+01
-5.122513198852539062e+01 -2.020910453796387074e+01 1.475527381896973012e+01 1.900000000000000000e+01
-2.506304025650023970e+00 -9.852387309074401855e-01 -7.215874791145324707e-01 1.100000000000000000e+01
-2.893152952194213867e+00 -1.136144876480102983e+00 -7.175938487052917480e-01 1.200000000000000000e+01
-3.474123239517211914e+00 -1.363592863082885964e+00 -7.254558205604553223e-01 1.200000000000000000e+01
-4.351216316223145419e+00 -1.706099152565001997e+00 -7.402479052543640137e-01 1.200000000000000000e+01
-5.811237812042236328e+00 -2.276229381561278853e+00 -7.663144469261169434e-01 1.300000000000000000e+01
-8.938735961914062500e+00 -3.499453544616699219e+00 -8.398327231407165527e-01 1.000000000000000000e+00
-1.360267734527588068e+01 -5.319879055023193359e+00 -7.654656767845153809e-01 8.000000000000000000e+00
-4.857265090942382812e+01 -1.897676086425780895e+01 -9.102476835250854492e-01 1.400000000000000000e+01
-5.100036239624022727e+01 -1.992523956298828125e+01 1.467141628265381037e+01 1.800000000000000000e+01
-2.518729925155640093e+00 -9.799865484237670898e-01 -7.241756916046142578e-01 1.400000000000000000e+01
-2.902550220489501953e+00 -1.128156900405884011e+00 -7.189435958862304688e-01 1.200000000000000000e+01
-3.469711780548096147e+00 -1.347903013229369895e+00 -7.235476970672607422e-01 1.100000000000000000e+01
-4.360828399658203125e+00 -1.692329525947571023e+00 -7.408736348152160645e-01 1.200000000000000000e+01
-5.828402519226074219e+00 -2.259518146514893022e+00 -7.675331234931945801e-01 1.300000000000000000e+01
-8.932318687438964844e+00 -3.461031675338745117e+00 -8.380896449089050293e-01 1.000000000000000000e+00
-1.369194316864014027e+01 -5.299760818481445312e+00 -7.694432139396667480e-01 2.100000000000000000e+01
-4.877661514282227273e+01 -1.886046218872069957e+01 -9.128306508064270020e-01 1.400000000000000000e+01
-5.195250701904296875e+01 -2.008848571777344105e+01 1.492505931854248047e+01 1.900000000000000000e+01
-2.507712841033935991e+00 -9.656350016593933105e-01 -7.200345993041992188e-01 1.300000000000000000e+01
-2.926477670669556108e+00 -1.125714182853698953e+00 -7.238925099372863770e-01 1.200000000000000000e+01
-3.479893207550048828e+00 -1.337896823883057085e+00 -7.246925830841064453e-01 1.100000000000000000e+01
-4.366709232330322266e+00 -1.677097082138061968e+00 -7.408736348152160645e-01 1.200000000000000000e+01
-5.864054679870604581e+00 -2.249825477600098100e+00 -7.711892127990722656e-01 1.100000000000000000e+01
-8.933183670043945312e+00 -3.425550699234008789e+00 -8.370437622070312500e-01 3.000000000000000000e+00
-1.379242324829101918e+01 -5.283370494842529297e+00 -7.740488052368164062e-01 1.700000000000000000e+01
-4.888697433471679688e+01 -1.870723724365234020e+01 -9.136683940887451172e-01 1.400000000000000000e+01
-5.143394851684570312e+01 -1.967157936096191051e+01 1.475527381896973012e+01 1.900000000000000000e+01
-2.505652427673339844e+00 -9.548118114471435547e-01 -7.184816598892211914e-01 1.700000000000000000e+01
-2.915819168090819868e+00 -1.109945774078368919e+00 -7.202932834625244141e-01 1.300000000000000000e+01
-3.486377000808715820e+00 -1.326439738273621050e+00 -7.250741720199584961e-01 1.100000000000000000e+01
-4.368843555450438565e+00 -1.660440564155579057e+00 -7.402479052543640137e-01 1.200000000000000000e+01
-5.860737323760986328e+00 -2.225114822387694868e+00 -7.697267532348632812e-01 1.100000000000000000e+01
-8.945086479187011719e+00 -3.394347190856934038e+00 -8.370437622070312500e-01 1.000000000000000000e+00
-1.385186862945556996e+01 -5.250768184661865234e+00 -7.763515710830688477e-01 2.100000000000000000e+01
-5.450787734985352273e+01 -2.065118789672851918e+01 1.345702171325683949e+01 1.900000000000000000e+01
-4.901930236816406250e+01 -1.856196975708008168e+01 -9.149249792098999023e-01 1.400000000000000000e+01
-2.510777711868286133e+00 -9.467412233352661133e-01 -7.189993262290954590e-01 2.500000000000000000e+01
-2.906910419464110884e+00 -1.094952464103698953e+00 -7.171439528465270996e-01 1.200000000000000000e+01
-3.490985870361328125e+00 -1.314261913299560991e+00 -7.250741720199584961e-01 1.100000000000000000e+01
-4.374612808227539062e+00 -1.645180344581604004e+00 -7.402479052543640137e-01 1.200000000000000000e+01
-5.868468761444091797e+00 -2.204643487930297852e+00 -7.697267532348632812e-01 1.100000000000000000e+01
-8.941959381103515625e+00 -3.357499599456787109e+00 -8.356492519378662109e-01 1.000000000000000000e+00
-1.384580230712890980e+01 -5.193265914916992188e+00 -7.749908566474914551e-01 1.700000000000000000e+01
-4.934595489501953125e+01 -1.848897361755371094e+01 -9.198116064071655273e-01 1.400000000000000000e+01
-2.515877246856689009e+00 -9.386464953422546387e-01 -7.195169329643249512e-01 1.600000000000000000e+01
-2.918018817901610884e+00 -1.087520956993103027e+00 -7.189435958862304688e-01 1.300000000000000000e+01
-3.480834245681763139e+00 -1.296585679054260032e+00 -7.220212221145629883e-01 1.100000000000000000e+01
-4.380329132080078125e+00 -1.629900097846985085e+00 -7.402479052543640137e-01 1.200000000000000000e+01
-5.846357345581054688e+00 -2.173079252243041992e+00 -7.658269405364990234e-01 1.100000000000000000e+01
-8.957359313964843750e+00 -3.327653646469116211e+00 -8.359978795051574707e-01 1.000000000000000000e+00
-1.386759090423583984e+01 -5.146293163299561435e+00 -7.752001881599426270e-01 1.300000000000000000e+01
-5.121685409545897727e+01 -1.897618103027344105e+01 1.463518142700194957e+01 1.800000000000000000e+01
-2.506452083587646040e+00 -9.251760244369506836e-01 -7.158935070037841797e-01 1.300000000000000000e+01
-2.921797275543212891e+00 -1.077328562736511008e+00 -7.189435958862304688e-01 1.300000000000000000e+01
-3.483496904373168945e+00 -1.283748507499695046e+00 -7.216396331787109375e-01 1.000000000000000000e+01
-4.384138107299804688e+00 -1.613917589187622070e+00 -7.399350404739379883e-01 1.100000000000000000e+01
-5.872538089752197266e+00 -2.159509658813477007e+00 -7.682643532752990723e-01 1.100000000000000000e+01
-8.953960418701171875e+00 -3.290867805480957031e+00 -8.346033692359924316e-01 1.000000000000000000e+00
-1.401483821868895951e+01 -5.145350456237792969e+00 -7.824225425720214844e-01 8.000000000000000000e+00
-5.135930252075195312e+01 -1.883550453186035156e+01 1.465795803070068004e+01 1.800000000000000000e+01
-2.495148897171020952e+00 -9.111201763153076172e-01 -7.117523550987243652e-01 1.600000000000000000e+01
-2.934693813323975053e+00 -1.070461988449096902e+00 -7.211930751800537109e-01 1.300000000000000000e+01
-3.489801168441772017e+00 -1.272253513336182085e+00 -7.220212221145629883e-01 1.100000000000000000e+01
-4.391601085662841797e+00 -1.599280118942260964e+00 -7.402479052543640137e-01 1.200000000000000000e+01
-5.883771419525145596e+00 -2.140354871749877930e+00 -7.687518000602722168e-01 1.100000000000000000e+01
-8.909218788146972656e+00 -3.239168882369995117e+00 -8.293740749359130859e-01 1.000000000000000000e+00
-1.416412353515625000e+01 -5.144123554229736328e+00 -7.897495627403259277e-01 9.000000000000000000e+00
-2.500131130218505859e+00 -9.030612111091613770e-01 -7.122700214385986328e-01 2.000000000000000000e+01
-2.925580978393555132e+00 -1.055581688880919966e+00 -7.180437445640563965e-01 1.300000000000000000e+01
-3.488680362701416016e+00 -1.258066058158874956e+00 -7.208763957023620605e-01 1.000000000000000000e+01
-4.393439769744873047e+00 -1.582601904869080034e+00 -7.396221756935119629e-01 1.200000000000000000e+01
-5.894942283630371094e+00 -2.121147632598876953e+00 -7.692393064498901367e-01 1.100000000000000000e+01
-8.942969322204589844e+00 -3.216141223907471147e+00 -8.314657807350158691e-01 1.000000000000000000e+00
-1.427973556518555043e+01 -5.129762649536132812e+00 -7.951925396919250488e-01 9.000000000000000000e+00
-5.131282424926757812e+01 -1.842318725585937855e+01 1.258691120147705078e+01 1.700000000000000000e+01
-5.252235794067382812e+01 -1.884710502624512074e+01 1.495197582244873047e+01 1.900000000000000000e+01
-2.508725881576538086e+00 -8.962784409523010254e-01 -7.138229012489318848e-01 2.400000000000000000e+01
-2.927412509918212891e+00 -1.044708132743835005e+00 -7.175938487052917480e-01 1.400000000000000000e+01
-3.513391256332397017e+00 -1.253135681152343972e+00 -7.250741720199584961e-01 1.200000000000000000e+01
-4.395215988159179688e+00 -1.565930366516113059e+00 -7.389963865280151367e-01 1.200000000000000000e+01
-5.891089439392089844e+00 -2.096564292907714844e+00 -7.677768468856811523e-01 1.100000000000000000e+01
-8.920351982116699219e+00 -3.172886371612548828e+00 -8.283281922340393066e-01 1.000000000000000000e+00
-1.453845024108887074e+01 -5.165475368499755859e+00 -8.085905313491821289e-01 9.000000000000000000e+00
-5.259836578369141336e+01 -1.865705680847167969e+01 1.495404720306395951e+01 1.900000000000000000e+01
-2.515326976776123047e+00 -8.892421126365661621e-01 -7.148581743240356445e-01 2.400000000000000000e+01
-2.925348281860352007e+00 -1.033048033714293990e+00 -7.162441611289978027e-01 1.300000000000000000e+01
-3.508270978927611861e+00 -1.238210916519165039e+00 -7.231661081314086914e-01 1.100000000000000000e+01
-4.402247428894042969e+00 -1.552003502845763938e+00 -7.393093109130859375e-01 1.100000000000000000e+01
-5.886775493621826172e+00 -2.073060989379882812e+00 -7.663144469261169434e-01 1.100000000000000000e+01
-8.904513359069824219e+00 -3.134027481079102007e+00 -8.258877992630004883e-01 1.000000000000000000e+00
-1.463463687896729049e+01 -5.145057678222656250e+00 -8.129867315292358398e-01 1.300000000000000000e+01
-2.514768600463867188e+00 -8.791815042495727539e-01 -7.138229012489318848e-01 2.200000000000000000e+01
-2.934455633163452148e+00 -1.024757862091064009e+00 -7.175938487052917480e-01 1.300000000000000000e+01
-3.495889186859130859e+00 -1.220134735107422097e+00 -7.197315096855163574e-01 1.100000000000000000e+01
-4.405772686004638672e+00 -1.535977005958556907e+00 -7.389963865280151367e-01 1.200000000000000000e+01
-5.897725105285645419e+00 -2.053805112838745117e+00 -7.668018937110900879e-01 1.100000000000000000e+01
-4.972976303100585938e+01 -1.730800437927246094e+01 8.339834213256835938e+00 2.200000000000000000e+01
-8.904109001159667969e+00 -3.098996400833129883e+00 -8.248419761657714844e-01 1.000000000000000000e+00
-1.473362731933593928e+01 -5.122143268585205078e+00 -8.174876570701599121e-01 1.300000000000000000e+01
-2.512344598770142046e+00 -8.685044050216674805e-01 -7.122700214385986328e-01 2.300000000000000000e+01
-2.939857006072998047e+00 -1.015144467353821023e+00 -7.180437445640563965e-01 1.300000000000000000e+01
-3.503838777542113814e+00 -1.209205269813538042e+00 -7.204947471618652344e-01 1.100000000000000000e+01
-4.411107540130615234e+00 -1.520588636398314986e+00 -7.389963865280151367e-01 1.200000000000000000e+01
-5.893596649169921875e+00 -2.029328107833861861e+00 -7.653394937515258789e-01 1.100000000000000000e+01
-8.903568267822265625e+00 -3.064006328582764116e+00 -8.237960934638977051e-01 1.000000000000000000e+00
-1.480430316925049006e+01 -5.088861465454101562e+00 -8.204184770584106445e-01 1.300000000000000000e+01
-2.517189025878905806e+00 -8.603541851043701172e-01 -7.127876281738281250e-01 2.200000000000000000e+01
-2.934161424636840820e+00 -1.001728177070617898e+00 -7.157942652702331543e-01 1.300000000000000000e+01
-3.508038282394409180e+00 -1.196967244148253950e+00 -7.204947471618652344e-01 1.100000000000000000e+01
-4.407039642333984375e+00 -1.501995563507080078e+00 -7.374320626258850098e-01 1.200000000000000000e+01
-5.913798809051513672e+00 -2.013221263885498047e+00 -7.670456767082214355e-01 1.100000000000000000e+01
-8.925526618957519531e+00 -3.036758899688721147e+00 -8.248419761657714844e-01 1.000000000000000000e+00
-1.488438034057617010e+01 -5.058361530303955078e+00 -8.238726258277893066e-01 1.300000000000000000e+01
-2.522006988525391069e+00 -8.521807193756103516e-01 -7.133052945137023926e-01 2.000000000000000000e+01
-2.933947324752808061e+00 -9.902335405349731445e-01 -7.148944735527038574e-01 1.400000000000000000e+01
-3.521496534347534180e+00 -1.187852025032043013e+00 -7.224028706550598145e-01 1.000000000000000000e+01
-4.406640052795410156e+00 -1.484710812568664995e+00 -7.364934682846069336e-01 1.200000000000000000e+01
-5.903857707977294922e+00 -1.986867547035217063e+00 -7.648519873619079590e-01 1.100000000000000000e+01
-8.913411140441894531e+00 -2.997962474822998047e+00 -8.227502107620239258e-01 1.000000000000000000e+00
-1.504962158203125000e+01 -5.055986404418945312e+00 -8.320370316505432129e-01 9.000000000000000000e+00
-2.523133993148804155e+00 -8.427600860595703125e-01 -7.127876281738281250e-01 1.900000000000000000e+01
-2.941083192825316939e+00 -9.812195897102355957e-01 -7.157942652702331543e-01 1.400000000000000000e+01
-3.514446735382080078e+00 -1.171826481819153054e+00 -7.201131582260131836e-01 1.200000000000000000e+01
-4.423040866851806641e+00 -1.473064780235290971e+00 -7.383706569671630859e-01 1.200000000000000000e+01
-5.899455547332763672e+00 -1.962487578392029031e+00 -7.633895874023437500e-01 1.100000000000000000e+01
-8.935165405273437500e+00 -2.970602035522460938e+00 -8.237960934638977051e-01 1.000000000000000000e+00
-1.506717872619629084e+01 -5.003422737121582031e+00 -8.320370316505432129e-01 9.000000000000000000e+00
-2.524225950241088867e+00 -8.333419561386108398e-01 -7.122700214385986328e-01 1.900000000000000000e+01
-2.944490432739257812e+00 -9.709473252296447754e-01 -7.157942652702331543e-01 1.400000000000000000e+01
-3.505463600158690962e+00 -1.155250191688538042e+00 -7.174417972564697266e-01 1.100000000000000000e+01
-4.424403190612792969e+00 -1.456381201744080034e+00 -7.377449274063110352e-01 1.200000000000000000e+01
-5.900612354278563565e+00 -1.940022706985474077e+00 -7.626583576202392578e-01 9.000000000000000000e+00
-8.918981552124023438e+00 -2.930686950683594194e+00 -8.213557004928588867e-01 1.000000000000000000e+00
-1.528950023651123047e+01 -5.018062591552734375e+00 -8.433415889739990234e-01 9.000000000000000000e+00
-2.516100168228148970e+00 -8.209303617477416992e-01 -7.091642022132873535e-01 1.700000000000000000e+01
-2.953420162200928178e+00 -9.624746441841125488e-01 -7.171439528465270996e-01 1.200000000000000000e+01
-3.513208150863647017e+00 -1.144222736358643022e+00 -7.182050347328186035e-01 1.100000000000000000e+01
-4.421946048736572266e+00 -1.438483953475951926e+00 -7.364934682846069336e-01 1.200000000000000000e+01
-5.905460357666015625e+00 -1.918800473213196023e+00 -7.624146342277526855e-01 1.100000000000000000e+01
-8.921576499938964844e+00 -2.897074699401855025e+00 -8.206584453582763672e-01 1.000000000000000000e+00
-1.538481616973876953e+01 -4.989925384521484375e+00 -8.476331233978271484e-01 1.900000000000000000e+01
-2.522485733032227007e+00 -8.137683868408203125e-01 -7.101994752883911133e-01 1.800000000000000000e+01
-2.947321653366088867e+00 -9.496871829032897949e-01 -7.148944735527038574e-01 1.100000000000000000e+01
-3.520720720291138139e+00 -1.133769869804382102e+00 -7.189682722091674805e-01 1.200000000000000000e+01
-4.411647796630859375e+00 -1.418973565101623979e+00 -7.339904904365539551e-01 1.200000000000000000e+01
-5.923130989074707031e+00 -1.902849674224853960e+00 -7.638770341873168945e-01 1.100000000000000000e+01
-8.927340507507324219e+00 -2.866255521774291992e+00 -8.203098773956298828e-01 1.000000000000000000e+00
-1.537655448913574041e+01 -4.930951595306395596e+00 -8.462724089622497559e-01 9.000000000000000000e+00
-2.517948389053345171e+00 -8.026115298271179199e-01 -7.081289291381835938e-01 1.700000000000000000e+01
-2.946904897689818892e+00 -9.382109045982360840e-01 -7.139946222305297852e-01 1.300000000000000000e+01
-3.535881996154785156e+00 -1.125044941902161089e+00 -7.212579846382141113e-01 1.100000000000000000e+01
-4.427869796752929688e+00 -1.407155156135559082e+00 -7.358677387237548828e-01 1.200000000000000000e+01
-5.918384552001953125e+00 -1.878559112548827903e+00 -7.624146342277526855e-01 9.000000000000000000e+00
-5.282693862915039062e+01 -1.675769233703612926e+01 8.777851104736328125e+00 2.600000000000000000e+01
-8.929695129394531250e+00 -2.832666158676147017e+00 -8.196126222610473633e-01 3.000000000000000000e+00
-1.532132244110107067e+01 -4.854323863983154297e+00 -8.422948718070983887e-01 4.000000000000000000e+00
-2.531929731369018999e+00 -7.968571186065673828e-01 -7.112347483634948730e-01 1.800000000000000000e+01
-2.950323820114136186e+00 -9.274036884307861328e-01 -7.139946222305297852e-01 1.400000000000000000e+01
-3.524997711181641069e+00 -1.107370495796204057e+00 -7.182050347328186035e-01 1.100000000000000000e+01
-4.425458431243895596e+00 -1.388551235198975053e+00 -7.346162199974060059e-01 1.200000000000000000e+01
-5.913864612579345703e+00 -1.853292822837830034e+00 -7.609521746635437012e-01 9.000000000000000000e+00
-8.947622299194335938e+00 -2.802299976348876953e+00 -8.203098773956298828e-01 1.000000000000000000e+00
-1.526848316192626953e+01 -4.776074409484863281e+00 -8.384220004081726074e-01 1.400000000000000000e+01
-3.218087005615233664e+01 -1.005404090881348012e+01 -5.884951353073120117e-01 6.000000000000000000e+00
-2.527316808700561968e+00 -7.857201099395751953e-01 -7.091642022132873535e-01 2.000000000000000000e+01
-2.951681852340697798e+00 -9.165216088294982910e-01 -7.135447263717651367e-01 1.200000000000000000e+01
-3.525091409683227983e+00 -1.093895435333251953e+00 -7.174417972564697266e-01 1.200000000000000000e+01
-4.422730922698974609e+00 -1.370755791664123979e+00 -7.333647608757019043e-01 1.200000000000000000e+01
-5.920297622680664062e+00 -1.832638263702393022e+00 -7.609521746635437012e-01 9.000000000000000000e+00
-8.968770027160644531e+00 -2.774582862854003906e+00 -8.213557004928588867e-01 1.000000000000000000e+00
-1.585944366455077947e+01 -4.900219917297363281e+00 -8.699282407760620117e-01 1.000000000000000000e+01
-3.235334396362304688e+01 -9.984102249145507812e+00 -5.910083055496215820e-01 1.200000000000000000e+01
-2.528061866760253906e+00 -7.767674922943115234e-01 -7.086465358734130859e-01 1.900000000000000000e+01
-2.965883016586304155e+00 -9.101586937904357910e-01 -7.162441611289978027e-01 1.300000000000000000e+01
-3.539961338043212891e+00 -1.085653662681580034e+00 -7.197315096855163574e-01 1.100000000000000000e+01
-4.434807300567626953e+00 -1.358396172523498979e+00 -7.346162199974060059e-01 1.200000000000000000e+01
-5.918749332427979404e+00 -1.810672879219054954e+00 -7.599772214889526367e-01 9.000000000000000000e+00
-8.939815521240234375e+00 -2.733175754547119141e+00 -8.178694844245910645e-01 1.000000000000000000e+00
-1.599021816253661932e+01 -4.882597446441650391e+00 -8.762086033821105957e-01 1.000000000000000000e+01
-3.252016448974608664e+01 -9.917592048645019531e+00 -5.934516191482543945e-01 1.300000000000000000e+01
-2.528909206390380859e+00 -7.673771977424621582e-01 -7.081289291381835938e-01 2.000000000000000000e+01
-2.970906972885131836e+00 -9.003654718399047852e-01 -7.166940569877624512e-01 1.400000000000000000e+01
-3.536213636398314986e+00 -1.071013927459717019e+00 -7.182050347328186035e-01 1.100000000000000000e+01
-4.428177356719970703e+00 -1.339475870132446067e+00 -7.327390313148498535e-01 1.200000000000000000e+01
-5.926934242248535156e+00 -1.790575623512268066e+00 -7.602209448814392090e-01 7.000000000000000000e+00
-8.979819297790527344e+00 -2.711167097091674805e+00 -8.206584453582763672e-01 1.000000000000000000e+00
-1.632459259033203125e+01 -4.922467708587645596e+00 -8.935841321945190430e-01 5.000000000000000000e+00
-3.266564178466796875e+01 -9.837460517883300781e+00 -5.954760909080505371e-01 6.000000000000000000e+00
-2.533290386199951172e+00 -7.595416307449340820e-01 -7.086465358734130859e-01 1.900000000000000000e+01
-2.949607372283935991e+00 -8.832414746284484863e-01 -7.108453512191772461e-01 1.300000000000000000e+01
-3.543507337570189986e+00 -1.060407280921936035e+00 -7.189682722091674805e-01 1.100000000000000000e+01
-4.436379909515380859e+00 -1.325915455818176047e+00 -7.333647608757019043e-01 1.200000000000000000e+01
-5.925230503082275391e+00 -1.768640279769897017e+00 -7.592459917068481445e-01 7.000000000000000000e+00
-8.958211898803710938e+00 -2.672261476516724077e+00 -8.178694844245910645e-01 3.000000000000000000e+00
-1.654755020141601918e+01 -4.929894447326660156e+00 -9.048886895179748535e-01 5.000000000000000000e+00
-2.541483402252196822e+00 -7.523392438888549805e-01 -7.101994752883911133e-01 2.000000000000000000e+01
-2.965754032135010210e+00 -8.768074512481689453e-01 -7.139946222305297852e-01 1.400000000000000000e+01
-3.539656162261962891e+00 -1.045806527137755904e+00 -7.174417972564697266e-01 1.100000000000000000e+01
-4.437191963195800781e+00 -1.309303402900696023e+00 -7.327390313148498535e-01 1.200000000000000000e+01
-5.923751831054688388e+00 -1.745702028274535911e+00 -7.582710385322570801e-01 9.000000000000000000e+00
-5.316357040405272727e+01 -1.565697193145751953e+01 8.777851104736328125e+00 2.600000000000000000e+01
-8.940728187561035156e+00 -2.633095026016234907e+00 -8.154291510581970215e-01 3.000000000000000000e+00
-1.661830902099609020e+01 -4.887882709503173828e+00 -9.078195095062255859e-01 1.100000000000000000e+01
-2.533097505569458008e+00 -7.397698163986206055e-01 -7.070936560630798340e-01 2.000000000000000000e+01
-2.972689151763916016e+00 -8.670228123664855957e-01 -7.148944735527038574e-01 1.400000000000000000e+01
-3.532156467437744141e+00 -1.029529690742492898e+00 -7.151521444320678711e-01 1.100000000000000000e+01
-4.438168048858642578e+00 -1.291927337646483931e+00 -7.321133017539978027e-01 1.200000000000000000e+01
-5.937735080718994141e+00 -1.726195335388184038e+00 -7.592459917068481445e-01 7.000000000000000000e+00
-8.957972526550292969e+00 -2.602531433105469194e+00 -8.161263465881347656e-01 1.000000000000000000e+00
-1.657856750488280895e+01 -4.810244083404541016e+00 -9.046793580055236816e-01 5.000000000000000000e+00
-2.535664319992064986e+00 -7.309231758117675781e-01 -7.070936560630798340e-01 2.000000000000000000e+01
-2.973824977874755859e+00 -8.561018109321594238e-01 -7.144445776939392090e-01 1.300000000000000000e+01
-3.543275594711304155e+00 -1.019365072250365989e+00 -7.166785597801208496e-01 1.200000000000000000e+01
-4.433157444000244141e+00 -1.273699879646301047e+00 -7.305489778518676758e-01 1.200000000000000000e+01
-5.941816329956054688e+00 -1.704910755157470925e+00 -7.590022683143615723e-01 5.000000000000000000e+00
-8.959341049194335938e+00 -2.569049835205078125e+00 -8.154291510581970215e-01 1.000000000000000000e+00
-1.665286064147948863e+01 -4.768840312957763672e+00 -9.078195095062255859e-01 5.000000000000000000e+00
-2.536342144012451172e+00 -7.215389609336853027e-01 -7.065759897232055664e-01 2.100000000000000000e+01
-2.969296932220458984e+00 -8.435857295989990234e-01 -7.126449346542358398e-01 1.400000000000000000e+01
-3.552478075027465820e+00 -1.008599162101746050e+00 -7.178234457969665527e-01 1.200000000000000000e+01
-4.431875228881835938e+00 -1.256600975990294966e+00 -7.296103239059448242e-01 1.100000000000000000e+01
-5.945821285247802734e+00 -1.683618664741515891e+00 -7.587585449218750000e-01 7.000000000000000000e+00
-8.964420318603515625e+00 -2.536675214767456055e+00 -8.150805234909057617e-01 1.000000000000000000e+00
-1.672706413269042969e+01 -4.726976394653320312e+00 -9.109596610069274902e-01 5.000000000000000000e+00
-2.550005197525023970e+00 -7.158137559890747070e-01 -7.096818089485168457e-01 2.100000000000000000e+01
-2.964717864990233931e+00 -8.311117291450500488e-01 -7.108453512191772461e-01 1.400000000000000000e+01
-3.550305843353271040e+00 -9.946037530899047852e-01 -7.166785597801208496e-01 1.100000000000000000e+01
-4.432429790496826172e+00 -1.240058779716491921e+00 -7.289845943450927734e-01 1.100000000000000000e+01
-5.936367034912109375e+00 -1.658580303192138894e+00 -7.568086385726928711e-01 7.000000000000000000e+00
-8.996248245239257812e+00 -2.511797666549683061e+00 -8.171722292900085449e-01 1.000000000000000000e+00
-1.680117797851562855e+01 -4.684652328491210938e+00 -9.140998125076293945e-01 1.100000000000000000e+01
-2.557950019836425781e+00 -7.089015245437622070e-01 -7.112347483634948730e-01 2.000000000000000000e+01
-2.971213817596435991e+00 -8.223153948783874512e-01 -7.117451429367065430e-01 1.600000000000000000e+01
-3.557368993759154829e+00 -9.838716983795166016e-01 -7.174417972564697266e-01 1.100000000000000000e+01
-4.447942256927490234e+00 -1.228508949279784934e+00 -7.308618426322937012e-01 1.200000000000000000e+01
-5.930352687835693359e+00 -1.635718584060668945e+00 -7.553461790084838867e-01 7.000000000000000000e+00
-8.946905136108398438e+00 -2.466068267822266069e+00 -8.119428753852844238e-01 1.000000000000000000e+00
-1.691675376892089844e+01 -4.656474113464354581e+00 -9.195427298545837402e-01 5.000000000000000000e+00
-2.554818391799927202e+00 -6.984400153160095215e-01 -7.096818089485168457e-01 2.100000000000000000e+01
-4.513293075561522727e+01 -1.233004093170166016e+01 8.166679143905639648e-01 5.400000000000000000e+01
-2.974066257476807085e+00 -8.119389414787292480e-01 -7.117451429367065430e-01 1.400000000000000000e+01
-4.517065048217772727e+01 -1.233187389373778942e+01 2.453928232192993164e+00 3.900000000000000000e+01
-3.549417495727539062e+00 -9.683478474617004395e-01 -7.151521444320678711e-01 1.200000000000000000e+01
-4.436956405639648438e+00 -1.208821177482604980e+00 -7.283588647842407227e-01 1.100000000000000000e+01
-5.941772460937500000e+00 -1.616571187973022017e+00 -7.560774087905883789e-01 7.000000000000000000e+00
-9.020827293395996094e+00 -2.452595233917235884e+00 -8.178694844245910645e-01 1.000000000000000000e+00
-1.690977668762207031e+01 -4.591115474700927734e+00 -9.182866811752319336e-01 1.100000000000000000e+01
-2.544303894042969194e+00 -6.855531930923461914e-01 -7.060583829879760742e-01 2.000000000000000000e+01
-4.514692687988281250e+01 -1.215621948242188033e+01 8.161094188690185547e-01 5.400000000000000000e+01
-2.982667684555054155e+00 -8.025519847869873047e-01 -7.130948305130004883e-01 1.500000000000000000e+01
-4.516752243041992188e+01 -1.214485645294188920e+01 2.451206922531127930e+00 3.900000000000000000e+01
-3.551046848297119141e+00 -9.548222422599792480e-01 -7.147704958915710449e-01 1.200000000000000000e+01
-4.448987960815429688e+00 -1.194599866867064986e+00 -7.296103239059448242e-01 1.100000000000000000e+01
-5.938070774078369141e+00 -1.592212080955504927e+00 -7.548587322235107422e-01 7.000000000000000000e+00
-8.945077896118164062e+00 -2.396826267242432085e+00 -8.101997971534729004e-01 3.000000000000000000e+00
-1.702295875549316051e+01 -4.554919719696044922e+00 -9.235202670097351074e-01 5.000000000000000000e+00
-4.511801910400391336e+01 -1.205558300018311080e+01 -8.151670098304748535e-01 1.200000000000000000e+01
-2.544814348220825195e+00 -6.761716604232788086e-01 -7.055407166481018066e-01 2.100000000000000000e+01
-4.510404586791992188e+01 -1.197597312927245916e+01 8.145736455917358398e-01 5.300000000000000000e+01
-2.983567237854003906e+00 -7.916358709335327148e-01 -7.126449346542358398e-01 1.400000000000000000e+01
-4.515172195434570312e+01 -1.197176265716552912e+01 2.448066711425780806e+00 3.800000000000000000e+01
-3.560051202774047852e+00 -9.439304471015930176e-01 -7.159153223037719727e-01 1.200000000000000000e+01
-4.439764022827148438e+00 -1.175523519515990989e+00 -7.274202704429626465e-01 1.200000000000000000e+01
-5.951269149780273438e+00 -1.573504328727721946e+00 -7.558336853981018066e-01 7.000000000000000000e+00
-8.957242012023925781e+00 -2.366605520248413086e+00 -8.105484247207641602e-01 1.000000000000000000e+00
-1.754858589172362926e+01 -4.629983425140380859e+00 -9.511536955833435059e-01 6.000000000000000000e+00
-2.552648782730102983e+00 -6.691986918449401855e-01 -7.070936560630798340e-01 2.000000000000000000e+01
-4.512029647827147727e+01 -1.182025623321533025e+01 8.141547441482543945e-01 5.300000000000000000e+01
-2.976749897003173828e+00 -7.792700529098510742e-01 -7.103954553604125977e-01 1.500000000000000000e+01
-4.516412353515625000e+01 -1.181489181518555043e+01 2.446601390838623047e+00 3.800000000000000000e+01
-3.565061092376708984e+00 -9.326165914535522461e-01 -7.162969708442687988e-01 1.200000000000000000e+01
-4.437903881072998047e+00 -1.159296512603759988e+00 -7.264816761016845703e-01 1.100000000000000000e+01
-5.948770999908447266e+00 -1.551756381988524947e+00 -7.548587322235107422e-01 7.000000000000000000e+00
-8.953473091125488281e+00 -2.333873748779296875e+00 -8.095025420188903809e-01 1.000000000000000000e+00
-1.776679229736328125e+01 -4.624591350555419922e+00 -9.621441960334777832e-01 2.500000000000000000e+01
-3.375315475463867188e+01 -8.773168563842773438e+00 -6.087399125099182129e-01 6.000000000000000000e+00
-2.553098678588867188e+00 -6.598008275032043457e-01 -7.065759897232055664e-01 2.100000000000000000e+01
-4.513805007934570312e+01 -1.165668487548827947e+01 8.137359023094177246e-01 5.300000000000000000e+01
-2.979451894760131836e+00 -7.688745260238647461e-01 -7.103954553604125977e-01 1.500000000000000000e+01
-4.520895767211914062e+01 -1.165816497802734020e+01 2.446810722351074219e+00 3.800000000000000000e+01
-3.560690641403197798e+00 -9.182056188583374023e-01 -7.147704958915710449e-01 1.200000000000000000e+01
-4.434271812438964844e+00 -1.141827821731566939e+00 -7.252301573753356934e-01 1.100000000000000000e+01
-5.942615985870361328e+00 -1.528015732765197976e+00 -7.533962726593017578e-01 7.000000000000000000e+00
-8.938408851623535156e+00 -2.296656370162963867e+00 -8.074107766151428223e-01 1.000000000000000000e+00
-1.780797576904296875e+01 -4.568998336791992188e+00 -9.635049700736999512e-01 1.200000000000000000e+01
-3.382231521606445312e+01 -8.665220260620117188e+00 -6.094380617141723633e-01 7.000000000000000000e+00
-2.557258367538452148e+00 -6.513617038726806641e-01 -7.070936560630798340e-01 2.000000000000000000e+01
-4.517071151733397727e+01 -1.149707984924316051e+01 8.135963082313537598e-01 5.300000000000000000e+01
-2.980229139328002930e+00 -7.579892873764038086e-01 -7.099454998970031738e-01 1.400000000000000000e+01
-4.517194747924804688e+01 -1.148060607910156072e+01 2.442623853683472124e+00 3.800000000000000000e+01
-3.554360151290893999e+00 -9.033529162406921387e-01 -7.128624320030212402e-01 1.200000000000000000e+01
-4.455462455749511719e+00 -1.130715608596801980e+00 -7.280460000038146973e-01 1.200000000000000000e+01
-5.949837684631347656e+00 -1.507750511169434038e+00 -7.536399960517883301e-01 7.000000000000000000e+00
-8.946371078491210938e+00 -2.265441417694091797e+00 -8.074107766151428223e-01 1.000000000000000000e+00
-1.792063140869140980e+01 -4.531289100646972656e+00 -9.687385559082031250e-01 6.000000000000000000e+00
-2.546400308609008789e+00 -6.391391158103942871e-01 -7.034701704978942871e-01 2.100000000000000000e+01
-4.514074325561522727e+01 -1.132182121276854936e+01 8.123397231101989746e-01 5.300000000000000000e+01
-2.990417957305908203e+00 -7.494767308235168457e-01 -7.117451429367065430e-01 1.400000000000000000e+01
-4.516912460327147727e+01 -1.131218242645264027e+01 2.440320968627930132e+00 3.800000000000000000e+01
-3.557491779327393022e+00 -8.909403681755065918e-01 -7.128624320030212402e-01 1.300000000000000000e+01
-4.447884082794188565e+00 -1.112280964851378950e+00 -7.261688113212585449e-01 1.100000000000000000e+01
-5.945435047149658203e+00 -1.484567999839782937e+00 -7.524213194847106934e-01 7.000000000000000000e+00
-8.923295021057128906e+00 -2.226481437683105025e+00 -8.046218156814575195e-01 1.000000000000000000e+00
-1.809913444519042969e+01 -4.509265899658203125e+00 -9.775310158729553223e-01 6.000000000000000000e+00
-2.557992696762084961e+00 -6.325654387474060059e-01 -7.060583829879760742e-01 1.900000000000000000e+01
-4.513727951049804688e+01 -1.115362739562987926e+01 8.115717768669128418e-01 5.300000000000000000e+01
-2.991123914718627930e+00 -7.385665178298950195e-01 -7.112952470779418945e-01 1.300000000000000000e+01
-4.518118667602539062e+01 -1.114774513244629084e+01 2.438855648040771040e+00 3.800000000000000000e+01
-3.564392328262329102e+00 -8.794575929641723633e-01 -7.136256694793701172e-01 1.200000000000000000e+01
-4.440231323242188388e+00 -1.093912959098815918e+00 -7.242915630340576172e-01 1.100000000000000000e+01
-5.973712444305419922e+00 -1.469495654106139915e+00 -7.553461790084838867e-01 7.000000000000000000e+00
-8.942621231079101562e+00 -2.198173284530640093e+00 -8.056676983833312988e-01 3.000000000000000000e+00
-1.847166633605957031e+01 -4.533658027648925781e+00 -9.967906475067138672e-01 6.000000000000000000e+00
-3.410542297363281250e+01 -8.358162879943847656e+00 -6.129285097122192383e-01 7.000000000000000000e+00
-2.560185194015502930e+00 -6.236324906349182129e-01 -7.060583829879760742e-01 1.900000000000000000e+01
-4.513707733154296875e+01 -1.098654270172118963e+01 8.108736872673034668e-01 5.300000000000000000e+01
-2.984216213226317915e+00 -7.258182764053344727e-01 -7.090457081794738770e-01 1.400000000000000000e+01
-4.516548538208007812e+01 -1.097675895690917969e+01 2.435924768447875977e+00 3.800000000000000000e+01
-3.575071334838867188e+00 -8.688647150993347168e-01 -7.151521444320678711e-01 1.200000000000000000e+01
-4.442103385925292969e+00 -1.077941179275512917e+00 -7.239786982536315918e-01 1.200000000000000000e+01
-5.955654144287109375e+00 -1.443025112152100053e+00 -7.524213194847106934e-01 7.000000000000000000e+00
-8.969603538513183594e+00 -2.171632766723632812e+00 -8.074107766151428223e-01 3.000000000000000000e+00
-1.771084403991698863e+01 -4.281432151794433594e+00 -9.549218416213989258e-01 6.000000000000000000e+00
-3.408773803710938211e+01 -8.227801322937011719e+00 -6.120908260345458984e-01 7.000000000000000000e+00
-2.573617696762084961e+00 -6.173959374427795410e-01 -7.091642022132873535e-01 1.900000000000000000e+01
-4.514015197753906250e+01 -1.082052803039550959e+01 8.102453947067260742e-01 5.300000000000000000e+01
-2.979151010513306108e+00 -7.135813236236572266e-01 -7.072461247444152832e-01 1.400000000000000000e+01
-4.518798446655272727e+01 -1.081531524658202947e+01 2.435087442398070845e+00 3.800000000000000000e+01
-3.568535804748535156e+00 -8.540952205657958984e-01 -7.132440209388732910e-01 1.200000000000000000e+01
-4.445838928222656250e+00 -1.062428712844849077e+00 -7.239786982536315918e-01 1.100000000000000000e+01
-5.939414978027343750e+00 -1.417159438133239968e+00 -7.497401833534240723e-01 9.000000000000000000e+00
-8.969377517700195312e+00 -2.138461589813231978e+00 -8.067135810852050781e-01 3.000000000000000000e+00
-1.787723159790039062e+01 -4.255660533905029297e+00 -9.630862474441528320e-01 1.200000000000000000e+01
-3.400730133056641336e+01 -8.082867622375488281e+00 -6.101361513137817383e-01 7.000000000000000000e+00
-2.560716390609741211e+00 -6.048557758331298828e-01 -7.050230503082275391e-01 2.000000000000000000e+01
-4.517375183105468750e+01 -1.066197395324707031e+01 8.101755976676940918e-01 5.300000000000000000e+01
-2.998694181442261186e+00 -7.072035670280456543e-01 -7.112952470779418945e-01 1.500000000000000000e+01
-4.518658447265625000e+01 -1.064835166931151988e+01 2.432993888854980025e+00 3.800000000000000000e+01
-3.563851833343505859e+00 -8.398322463035583496e-01 -7.117175459861755371e-01 1.200000000000000000e+01
-4.459134578704833984e+00 -1.049165487289428933e+00 -7.255430221557617188e-01 1.200000000000000000e+01
-5.940460681915283203e+00 -1.395510435104369895e+00 -7.492527365684509277e-01 9.000000000000000000e+00
-8.965149879455566406e+00 -2.104407787322998047e+00 -8.056676983833312988e-01 1.000000000000000000e+00
-1.798531723022460938e+01 -4.215106487274169922e+00 -9.681105017662048340e-01 1.900000000000000000e+01
-3.412098312377929688e+01 -7.984157562255859375e+00 -6.116719245910644531e-01 7.000000000000000000e+00
-2.551522016525268999e+00 -5.932883620262145996e-01 -7.019172310829162598e-01 2.000000000000000000e+01
-4.516394805908203125e+01 -1.049336242675781072e+01 8.093379139900207520e-01 5.300000000000000000e+01
-3.004940986633300781e+00 -6.976132988929748535e-01 -7.121950387954711914e-01 1.500000000000000000e+01
-4.517678451538085938e+01 -1.047972488403319957e+01 2.430481910705565962e+00 3.800000000000000000e+01
-3.566761732101439986e+00 -8.273869752883911133e-01 -7.117175459861755371e-01 1.200000000000000000e+01
-4.455071926116943359e+00 -1.031810998916625977e+00 -7.242915630340576172e-01 1.100000000000000000e+01
-5.951097965240479404e+00 -1.376107454299926980e+00 -7.499839663505554199e-01 7.000000000000000000e+00
-8.945262908935546875e+00 -2.066821336746215820e+00 -8.032273054122924805e-01 2.000000000000000000e+00
-1.829962730407714844e+01 -4.221437931060791016e+00 -9.842299818992614746e-01 1.300000000000000000e+01
-3.426166534423828125e+01 -7.891036033630371094e+00 -6.136963963508605957e-01 1.400000000000000000e+01
-2.559226989746094194e+00 -5.856711864471435547e-01 -7.034701704978942871e-01 1.900000000000000000e+01
-4.514961624145507812e+01 -1.032405757904052912e+01 8.084303736686706543e-01 5.200000000000000000e+01
-2.999758720397949219e+00 -6.853835582733154297e-01 -7.103954553604125977e-01 1.500000000000000000e+01
-4.519750976562500000e+01 -1.031840801239014027e+01 2.429644346237183061e+00 3.800000000000000000e+01
-3.575370073318481001e+00 -8.162424564361572266e-01 -7.128624320030212402e-01 1.200000000000000000e+01
-4.449016571044921875e+00 -1.014058709144592063e+00 -7.227272391319274902e-01 1.100000000000000000e+01
-5.959736347198486328e+00 -1.356206774711609109e+00 -7.504714131355285645e-01 7.000000000000000000e+00
-8.971851348876953125e+00 -2.040001392364501953e+00 -8.049704432487487793e-01 2.000000000000000000e+00
-1.840384674072265980e+01 -4.177873611450195312e+00 -9.890449047088623047e-01 2.000000000000000000e+01
-3.426950073242188211e+01 -7.766972064971923828e+00 -6.133473515510559082e-01 7.000000000000000000e+00
-2.566909790039062944e+00 -5.780073404312133789e-01 -7.050230503082275391e-01 2.000000000000000000e+01
-4.513855743408203125e+01 -1.015585803985596058e+01 8.075926303863525391e-01 5.200000000000000000e+01
-2.985021114349364790e+00 -6.710614562034606934e-01 -7.063463330268859863e-01 1.600000000000000000e+01
-4.518648529052733664e+01 -1.015007114410400035e+01 2.427132368087768999e+00 3.700000000000000000e+01
-3.578197479248046875e+00 -8.037571310997009277e-01 -7.128624320030212402e-01 1.100000000000000000e+01
-4.448674201965332031e+00 -9.976580142974853516e-01 -7.221015095710754395e-01 1.100000000000000000e+01
-5.948937416076660156e+00 -1.331925511360168013e+00 -7.485215067863464355e-01 9.000000000000000000e+00
-8.955585479736328125e+00 -2.003451824188231978e+00 -8.028786778450012207e-01 1.000000000000000000e+00
-1.850018501281737926e+01 -4.131891250610351562e+00 -9.934411048889160156e-01 1.300000000000000000e+01
-3.428859710693358664e+01 -7.645561218261718750e+00 -6.132077574729919434e-01 7.000000000000000000e+00
-2.563253402709960938e+00 -5.677902698516845703e-01 -7.034701704978942871e-01 1.600000000000000000e+01
-4.513858795166016336e+01 -9.990454673767089844e+00 8.069643974304199219e-01 5.200000000000000000e+01
-2.989248275756835938e+00 -6.610584855079650879e-01 -7.067962288856506348e-01 1.500000000000000000e+01
-4.517093658447266336e+01 -9.981075286865234375e+00 2.424410820007324219e+00 3.700000000000000000e+01
-3.580981492996215820e+00 -7.912619709968566895e-01 -7.128624320030212402e-01 1.200000000000000000e+01
-4.455987930297851562e+00 -9.829741716384887695e-01 -7.227272391319274902e-01 1.100000000000000000e+01
-5.945795536041259766e+00 -1.309443950653075950e+00 -7.475465536117553711e-01 7.000000000000000000e+00
-8.981982231140136719e+00 -1.976460456848144975e+00 -8.046218156814575195e-01 1.000000000000000000e+00
-1.865494918823241832e+01 -4.098143577575683594e+00 -1.000977516174315962e+00 1.400000000000000000e+01
-3.421741104125977273e+01 -7.504405975341796875e+00 -6.114625334739685059e-01 7.000000000000000000e+00
-2.570882558822631836e+00 -5.600730180740356445e-01 -7.050230503082275391e-01 1.700000000000000000e+01
-4.514974212646483664e+01 -9.827727317810058594e+00 8.065454959869384766e-01 5.200000000000000000e+01
-2.993441820144652876e+00 -6.510341763496398926e-01 -7.072461247444152832e-01 1.400000000000000000e+01
-4.521939849853516336e+01 -9.834623336791992188e+00 2.425248146057128906e+00 3.700000000000000000e+01
-3.572210788726807085e+00 -7.762558460235595703e-01 -7.105727195739746094e-01 1.100000000000000000e+01
-4.467113971710205078e+00 -9.690890908241271973e-01 -7.239786982536315918e-01 1.200000000000000000e+01
-5.954210758209229404e+00 -1.289521574974060059e+00 -7.480340003967285156e-01 7.000000000000000000e+00
-8.984931945800781250e+00 -1.944252729415893999e+00 -8.042731881141662598e-01 1.000000000000000000e+00
-3.417302703857421875e+01 -7.369742870330811435e+00 -6.102059483528137207e-01 1.400000000000000000e+01
-2.557709693908690962e+00 -5.478585958480834961e-01 -7.008819580078125000e-01 1.800000000000000000e+01
-4.516030502319335938e+01 -9.665043830871582031e+00 8.061266541481018066e-01 5.200000000000000000e+01
-2.999507427215576172e+00 -6.413961052894592285e-01 -7.081459164619445801e-01 1.400000000000000000e+01
-4.515748214721679688e+01 -9.647954940795898438e+00 2.420014619827270952e+00 3.700000000000000000e+01
-3.574898481369018999e+00 -7.637817859649658203e-01 -7.105727195739746094e-01 1.200000000000000000e+01
-4.458877563476563388e+00 -9.510177373886108398e-01 -7.221015095710754395e-01 1.100000000000000000e+01
-5.964500427246093750e+00 -1.269969940185547097e+00 -7.487652301788330078e-01 9.000000000000000000e+00
-8.956585884094238281e+00 -1.905415058135986106e+00 -8.011355996131896973e-01 1.000000000000000000e+00
-3.430418014526367188e+01 -7.272807598114013672e+00 -6.120908260345458984e-01 7.000000000000000000e+00
-2.559512615203856978e+00 -5.393738746643066406e-01 -7.008819580078125000e-01 2.000000000000000000e+01
-4.514123153686522727e+01 -9.504521369934082031e+00 8.052191138267517090e-01 5.200000000000000000e+01
-3.003524780273437944e+00 -6.318470239639282227e-01 -7.085958123207092285e-01 1.500000000000000000e+01
-4.517584228515625000e+01 -9.503574371337890625e+00 2.419386625289916992e+00 3.700000000000000000e+01
-3.577411651611328125e+00 -7.519227862358093262e-01 -7.105727195739746094e-01 1.100000000000000000e+01
-4.454273700714111328e+00 -9.346037507057189941e-01 -7.208499908447265625e-01 1.100000000000000000e+01
-5.953135490417479581e+00 -1.246928215026855025e+00 -7.468153238296508789e-01 9.000000000000000000e+00
-8.919952392578125000e+00 -1.866724967956542969e+00 -7.973007559776306152e-01 1.000000000000000000e+00
-3.425372314453125000e+01 -7.143497467041015625e+00 -6.107644438743591309e-01 7.000000000000000000e+00
-2.557596206665039062e+00 -5.296527147293090820e-01 -6.998466849327087402e-01 1.800000000000000000e+01
-4.517021560668945312e+01 -9.346080780029296875e+00 8.051493167877197266e-01 5.200000000000000000e+01
-2.992353439331055132e+00 -6.185973286628723145e-01 -7.054464817047119141e-01 1.400000000000000000e+01
-4.515397262573242188e+01 -9.334502220153808594e+00 2.416455745697021040e+00 3.700000000000000000e+01
-3.581937313079833984e+00 -7.398278117179870605e-01 -7.109543085098266602e-01 1.200000000000000000e+01
-4.453639507293701172e+00 -9.182519316673278809e-01 -7.202242612838745117e-01 1.100000000000000000e+01
-5.957451820373535156e+00 -1.226140260696410911e+00 -7.468153238296508789e-01 9.000000000000000000e+00
-8.957638740539550781e+00 -1.841998100280761941e+00 -8.000897169113159180e-01 1.000000000000000000e+00
-3.430195617675781250e+01 -7.028703212738037109e+00 -6.111832857131958008e-01 7.000000000000000000e+00
-2.568894863128662109e+00 -5.226475596427917480e-01 -7.024348974227905273e-01 1.900000000000000000e+01
-4.516729354858397727e+01 -9.181180000305175781e+00 8.045210242271423340e-01 5.200000000000000000e+01
-2.994494438171387163e+00 -6.081483364105224609e-01 -7.054464817047119141e-01 1.400000000000000000e+01
-4.518005371093750000e+01 -9.167352676391601562e+00 2.416037082672119141e+00 3.700000000000000000e+01
-3.580649852752685991e+00 -7.265392541885375977e-01 -7.101910710334777832e-01 1.200000000000000000e+01
-4.456817626953125000e+00 -9.027002453804016113e-01 -7.202242612838745117e-01 1.100000000000000000e+01
-5.951966762542724609e+00 -1.203370571136475053e+00 -7.455966472625732422e-01 9.000000000000000000e+00
-8.960108757019042969e+00 -1.809929847717284934e+00 -7.997410893440246582e-01 2.000000000000000000e+00
-3.428707504272460938e+01 -6.901032924652099609e+00 -6.104851961135864258e-01 7.000000000000000000e+00
-2.559337139129639116e+00 -5.114060044288635254e-01 -6.993290781974792480e-01 1.900000000000000000e+01
-4.517553329467772727e+01 -9.018763542175292969e+00 8.041021823883056641e-01 5.200000000000000000e+01
-3.004243373870850053e+00 -5.992165803909301758e-01 -7.072461247444152832e-01 1.400000000000000000e+01
-4.517886734008789062e+01 -9.011229515075683594e+00 2.414362430572510210e+00 3.700000000000000000e+01
-3.579313278198242188e+00 -7.132686376571655273e-01 -7.094278335571289062e-01 1.300000000000000000e+01
-4.467691421508789062e+00 -8.886790871620178223e-01 -7.214757800102233887e-01 1.100000000000000000e+01
-5.944448471069335938e+00 -1.180267333984375000e+00 -7.441341876983642578e-01 9.000000000000000000e+00
-8.896016120910644531e+00 -1.764685988426208052e+00 -7.934658527374267578e-01 1.000000000000000000e+00
-3.438157653808593750e+01 -6.795264720916748047e+00 -6.117417216300964355e-01 7.000000000000000000e+00
-2.553523778915404829e+00 -5.009814500808715820e-01 -6.972585320472717285e-01 2.100000000000000000e+01
-4.518711471557617188e+01 -8.857170104980468750e+00 8.037531375885009766e-01 5.200000000000000000e+01
-3.006316661834716797e+00 -5.887261629104614258e-01 -7.072461247444152832e-01 1.400000000000000000e+01
-4.519044494628906250e+01 -8.849632263183593750e+00 2.413315534591674805e+00 3.700000000000000000e+01
-3.576001167297362837e+00 -6.996392607688903809e-01 -7.082830071449279785e-01 1.200000000000000000e+01
-4.459133625030517578e+00 -8.708068132400512695e-01 -7.195985317230224609e-01 1.100000000000000000e+01
-5.934893131256104404e+00 -1.156851649284363015e+00 -7.424280643463134766e-01 1.100000000000000000e+01
-8.913856506347656250e+00 -1.735907435417175071e+00 -7.945117354393005371e-01 2.000000000000000000e+00
-3.440116119384766336e+01 -6.674447059631347656e+00 -6.116719245910644531e-01 1.400000000000000000e+01
-2.564742088317871094e+00 -4.938914775848389227e-01 -6.998466849327087402e-01 1.900000000000000000e+01
-4.518634033203125000e+01 -8.693338394165039062e+00 8.031946420669555664e-01 5.200000000000000000e+01
-2.998785018920897993e+00 -5.763894319534301758e-01 -7.049965858459472656e-01 1.600000000000000000e+01
-4.522106170654296875e+01 -8.691834449768066406e+00 2.413315534591674805e+00 3.700000000000000000e+01
-3.586133718490601030e+00 -6.886333823204040527e-01 -7.098094820976257324e-01 1.300000000000000000e+01
-4.450505733489990234e+00 -8.530051708221435547e-01 -7.177213430404663086e-01 1.100000000000000000e+01
-5.968141555786132812e+00 -1.141722798347472922e+00 -7.460840940475463867e-01 9.000000000000000000e+00
-8.908119201660156250e+00 -1.702537536621093972e+00 -7.934658527374267578e-01 2.000000000000000000e+00
-3.443603515625000000e+01 -6.556568145751953125e+00 -6.118813753128051758e-01 7.000000000000000000e+00
-2.572145223617554155e+00 -4.860118925571442206e-01 -7.013996243476867676e-01 1.900000000000000000e+01
-4.518103790283203125e+01 -8.528879165649414062e+00 8.025663495063781738e-01 5.100000000000000000e+01
-2.989288806915283203e+00 -5.637513399124145508e-01 -7.022972106933593750e-01 1.500000000000000000e+01
-4.521187210083007812e+01 -8.526528358459472656e+00 2.411222219467163086e+00 3.700000000000000000e+01
-3.596232891082764116e+00 -6.775652170181274414e-01 -7.113359570503234863e-01 1.400000000000000000e+01
-4.457338809967041016e+00 -8.381949663162231445e-01 -7.183470726013183594e-01 1.100000000000000000e+01
-5.944776058197020596e+00 -1.115756630897521973e+00 -7.426717877388000488e-01 9.000000000000000000e+00
-8.894425392150878906e+00 -1.667760252952575906e+00 -7.917227745056152344e-01 2.000000000000000000e+00
-3.441939926147460938e+01 -6.428980827331542969e+00 -6.111832857131958008e-01 7.000000000000000000e+00
-2.581423997879027876e+00 -4.784386754035950262e-01 -7.034701704978942871e-01 2.100000000000000000e+01
-4.518693923950195312e+01 -8.366746902465820312e+00 8.021475076675415039e-01 5.100000000000000000e+01
-2.996987104415893999e+00 -5.543767213821411133e-01 -7.036468982696533203e-01 1.600000000000000000e+01
-4.518244171142578125e+01 -8.357758522033691406e+00 2.408082008361815962e+00 3.700000000000000000e+01
-3.583131551742554155e+00 -6.621537804603576660e-01 -7.082830071449279785e-01 1.400000000000000000e+01
-4.462180137634277344e+00 -8.229891061782836914e-01 -7.186599373817443848e-01 1.000000000000000000e+01
-5.936920642852783203e+00 -1.092842459678649902e+00 -7.412093281745910645e-01 9.000000000000000000e+00
-8.904111862182617188e+00 -1.637423396110534890e+00 -7.920714020729064941e-01 1.000000000000000000e+00
-3.439835739135742188e+01 -6.300868988037109375e+00 -6.104153394699096680e-01 1.400000000000000000e+01
-2.569610118865966797e+00 -4.679039716720581055e-01 -6.998466849327087402e-01 2.000000000000000000e+01
-4.513824081420897727e+01 -8.211147308349609375e+00 8.008211255073547363e-01 5.100000000000000000e+01
-3.004465818405150923e+00 -5.460039973258972168e-01 -7.049965858459472656e-01 1.600000000000000000e+01
-4.522170257568358664e+01 -8.210022926330566406e+00 2.408710002899169922e+00 3.700000000000000000e+01
-3.581330776214600053e+00 -6.501924395561218262e-01 -7.075197696685791016e-01 1.400000000000000000e+01
-4.462800025939941406e+00 -8.086145520210266113e-01 -7.183470726013183594e-01 1.100000000000000000e+01
-5.934464454650878906e+00 -1.073125958442687988e+00 -7.404781579971313477e-01 9.000000000000000000e+00
-8.885684013366699219e+00 -1.605191946029663086e+00 -7.899796366691589355e-01 2.000000000000000000e+00
-3.449277114868164062e+01 -6.206228733062744141e+00 -6.117417216300964355e-01 1.400000000000000000e+01
-2.567424297332764116e+00 -4.582526087760924738e-01 -6.988114118576049805e-01 2.000000000000000000e+01
-4.513119125366210938e+01 -8.047216415405273438e+00 8.001928329467773438e-01 5.100000000000000000e+01
-3.010190486907958984e+00 -5.361965894699096680e-01 -7.058964371681213379e-01 1.600000000000000000e+01
-4.521075439453125000e+01 -8.045121192932128906e+00 2.406616687774658203e+00 3.700000000000000000e+01
-3.583578586578369141e+00 -6.376872658729553223e-01 -7.075197696685791016e-01 1.200000000000000000e+01
-4.473375320434570312e+00 -7.944131493568420410e-01 -7.195985317230224609e-01 1.100000000000000000e+01
-5.944037914276123047e+00 -1.053443551063538042e+00 -7.412093281745910645e-01 9.000000000000000000e+00
-8.855919837951660156e+00 -1.567913174629210982e+00 -7.868420481681823730e-01 2.000000000000000000e+00
-3.436455535888671875e+01 -6.059398174285888672e+00 -6.090889573097229004e-01 6.000000000000000000e+00
-2.563299179077147993e+00 -4.482894241809844971e-01 -6.972585320472717285e-01 1.900000000000000000e+01
-4.513142776489257812e+01 -7.884812355041503906e+00 7.997041940689086914e-01 5.100000000000000000e+01
-3.008204460144042969e+00 -5.250157117843627930e-01 -7.049965858459472656e-01 1.600000000000000000e+01
-4.521888732910156250e+01 -7.883826732635498047e+00 2.405569791793822798e+00 3.700000000000000000e+01
-3.583848476409912109e+00 -6.248371601104736328e-01 -7.071381211280822754e-01 1.200000000000000000e+01
-4.450820922851563388e+00 -7.743914127349853516e-01 -7.155312299728393555e-01 1.100000000000000000e+01
-5.959414005279541016e+00 -1.034726142883301003e+00 -7.426717877388000488e-01 9.000000000000000000e+00
-8.833855628967285156e+00 -1.532223820686340110e+00 -7.844016551971435547e-01 2.000000000000000000e+00
-3.434608840942382812e+01 -5.932599544525145596e+00 -6.083908677101135254e-01 1.300000000000000000e+01
-2.572464942932128906e+00 -4.406437277793884277e-01 -6.993290781974792480e-01 2.100000000000000000e+01
-4.514685058593750000e+01 -7.725202560424804688e+00 7.994947433471679688e-01 5.100000000000000000e+01
-2.990809917449951172e+00 -5.112285017967224121e-01 -7.004975676536560059e-01 1.400000000000000000e+01
-4.520675659179688211e+01 -7.719212055206298828e+00 2.403476476669311968e+00 3.600000000000000000e+01
-3.595684051513671875e+00 -6.139756441116333008e-01 -7.090462446212768555e-01 1.200000000000000000e+01
-4.467128276824951172e+00 -7.611731290817260742e-01 -7.177213430404663086e-01 1.100000000000000000e+01
-5.943419456481933594e+00 -1.010589957237244096e+00 -7.402343750000000000e-01 1.100000000000000000e+01
-8.835221290588378906e+00 -1.500711202621459961e+00 -7.840530872344970703e-01 2.000000000000000000e+00
-3.441390609741210938e+01 -5.820676803588867188e+00 -6.092286109924316406e-01 1.300000000000000000e+01
-2.577797889709473100e+00 -4.323005080223082941e-01 -7.003643512725830078e-01 2.100000000000000000e+01
-4.517748641967772727e+01 -7.568224430084229404e+00 7.995645403861999512e-01 5.100000000000000000e+01
-3.004108428955078125e+00 -5.027153491973876953e-01 -7.031970024108886719e-01 1.400000000000000000e+01
-4.521175765991210938e+01 -7.557741641998291016e+00 2.402325153350830078e+00 3.600000000000000000e+01
-3.590059757232666016e+00 -6.001258492469787598e-01 -7.075197696685791016e-01 1.200000000000000000e+01
-4.469758033752441406e+00 -7.455753087997436523e-01 -7.177213430404663086e-01 1.100000000000000000e+01
-5.925371170043945312e+00 -9.862521886825561523e-01 -7.375532388687133789e-01 1.100000000000000000e+01
-8.863990783691406250e+00 -1.473782777786255105e+00 -7.861447930335998535e-01 2.000000000000000000e+00
-3.438272094726563211e+01 -5.692022800445556641e+00 -6.083210706710815430e-01 1.300000000000000000e+01
-2.575478553771973100e+00 -4.226739406585692804e-01 -6.993290781974792480e-01 2.100000000000000000e+01
-4.517600250244141336e+01 -7.405950546264648438e+00 7.990759015083312988e-01 5.100000000000000000e+01
-3.007767915725708008e+00 -4.925408959388732910e-01 -7.036468982696533203e-01 1.600000000000000000e+01
-4.517873001098632812e+01 -7.390204429626464844e+00 2.399184942245482954e+00 3.600000000000000000e+01
-3.578570127487183061e+00 -5.853720307350158691e-01 -7.048484086990356445e-01 1.200000000000000000e+01
-4.484030723571777344e+00 -7.318776249885559082e-01 -7.195985317230224609e-01 1.100000000000000000e+01
-5.936614990234375000e+00 -9.668391346931457520e-01 -7.385281920433044434e-01 1.100000000000000000e+01
-8.849416732788085938e+00 -1.439633488655090110e+00 -7.844016551971435547e-01 1.000000000000000000e+00
-3.446554946899414062e+01 -5.582200527191162109e+00 -6.094380617141723633e-01 1.400000000000000000e+01
-2.565493583679199219e+00 -4.118440449237822931e-01 -6.962232589721679688e-01 2.100000000000000000e+01
-4.516209030151367188e+01 -7.241879463195800781e+00 7.983778119087219238e-01 5.100000000000000000e+01
-3.011393308639525923e+00 -4.823470413684844971e-01 -7.040967941284179688e-01 1.400000000000000000e+01
-4.521214294433593750e+01 -7.233718395233154297e+00 2.399603605270386186e+00 3.600000000000000000e+01
-3.578653097152709961e+00 -5.725667476654052734e-01 -7.044668197631835938e-01 1.200000000000000000e+01
-4.470952987670898438e+00 -7.137297987937927246e-01 -7.170956134796142578e-01 1.100000000000000000e+01
-5.932112216949462891e+00 -9.448615908622741699e-01 -7.375532388687133789e-01 1.100000000000000000e+01
-8.834711074829101562e+00 -1.405604004859924094e+00 -7.826585769653320312e-01 2.000000000000000000e+00
-3.459542846679688211e+01 -5.479377746582031250e+00 -6.113926768302917480e-01 7.000000000000000000e+00
-2.572641134262084961e+00 -4.037849307060242254e-01 -6.977761387825012207e-01 2.000000000000000000e+01
-4.519104385375977273e+01 -7.084809780120849609e+00 7.984476089477539062e-01 5.100000000000000000e+01
-3.007282733917235884e+00 -4.709278941154479980e-01 -7.027471065521240234e-01 1.500000000000000000e+01
-4.521343612670897727e+01 -7.072150707244873047e+00 2.398347616195679155e+00 3.600000000000000000e+01
-3.582569599151610884e+00 -5.603748559951782227e-01 -7.048484086990356445e-01 1.300000000000000000e+01
-4.465610027313232422e+00 -6.969005465507507324e-01 -7.158440947532653809e-01 1.100000000000000000e+01
-5.953027248382568359e+00 -9.268975257873535156e-01 -7.397469282150268555e-01 9.000000000000000000e+00
-8.831688880920410156e+00 -1.373531818389893022e+00 -7.819613218307495117e-01 2.000000000000000000e+00
-1.840025711059569957e+01 -2.855087518692017046e+00 -9.758562445640563965e-01 6.000000000000000000e+00
-3.473686599731445312e+01 -5.377551078796386719e+00 -6.135568022727966309e-01 2.100000000000000000e+01
-2.579832553863524947e+00 -3.952306509017943781e-01 -6.993290781974792480e-01 2.200000000000000000e+01
-4.518508148193358664e+01 -6.914288997650145596e+00 7.978891134262084961e-01 5.100000000000000000e+01
-2.999356746673583984e+00 -4.584303498268126886e-01 -7.004975676536560059e-01 1.400000000000000000e+01
-4.521536254882813211e+01 -6.902770519256591797e+00 2.397091388702393022e+00 3.600000000000000000e+01
-3.592362403869628906e+00 -5.484254360198974609e-01 -7.063748836517333984e-01 1.300000000000000000e+01
-4.473992824554443359e+00 -6.814208626747131348e-01 -7.167826890945434570e-01 1.100000000000000000e+01
-5.936758995056152344e+00 -9.020902514457702637e-01 -7.373095154762268066e-01 9.000000000000000000e+00
-8.836664199829101562e+00 -1.341152787208556907e+00 -7.819613218307495117e-01 2.000000000000000000e+00
-3.475634384155272727e+01 -5.250197887420654297e+00 -6.135568022727966309e-01 1.400000000000000000e+01
-2.586928129196166992e+00 -3.870806097984313965e-01 -7.008819580078125000e-01 2.000000000000000000e+01
-4.515356445312500000e+01 -6.748245239257813388e+00 7.969117760658264160e-01 5.100000000000000000e+01
-3.000938653945922852e+00 -4.479578435420989990e-01 -7.004975676536560059e-01 1.300000000000000000e+01
-4.519177246093750000e+01 -6.737829208374023438e+00 2.394579410552978960e+00 3.600000000000000000e+01
-3.580662488937377930e+00 -5.338558554649353027e-01 -7.037035822868347168e-01 1.300000000000000000e+01
-4.476344108581542969e+00 -6.657995581626892090e-01 -7.167826890945434570e-01 1.000000000000000000e+01
-5.932017326354979581e+00 -8.801962137222290039e-01 -7.363345623016357422e-01 9.000000000000000000e+00
-8.833408355712890625e+00 -1.309130668640136941e+00 -7.812640666961669922e-01 2.000000000000000000e+00
-3.473291397094727273e+01 -5.122716426849365234e+00 -6.128237843513488770e-01 2.100000000000000000e+01
-2.567236185073852983e+00 -3.749768733978270929e-01 -6.951879262924194336e-01 2.200000000000000000e+01
-4.518871688842772727e+01 -6.592320919036865234e+00 7.971212267875671387e-01 5.100000000000000000e+01
-3.002484083175659180e+00 -4.374798834323883057e-01 -7.004975676536560059e-01 1.300000000000000000e+01
-4.522291946411132812e+01 -6.581189632415770596e+00 2.394998073577880859e+00 3.600000000000000000e+01
-3.584446907043457031e+00 -5.216364860534667969e-01 -7.040851712226867676e-01 1.200000000000000000e+01
-4.478641033172607422e+00 -6.501701474189758301e-01 -7.167826890945434570e-01 1.000000000000000000e+01
-5.938982963562011719e+00 -8.600532412528991699e-01 -7.368220686912536621e-01 9.000000000000000000e+00
-8.837924003601074219e+00 -1.278288245201111062e+00 -7.812640666961669922e-01 2.000000000000000000e+00
-3.474860382080078125e+01 -5.001159667968750000e+00 -6.127889156341552734e-01 1.400000000000000000e+01
-2.568529605865478960e+00 -3.660132586956024170e-01 -6.951879262924194336e-01 2.200000000000000000e+01
-4.517185974121093750e+01 -6.428907394409179688e+00 7.964231371879577637e-01 5.000000000000000000e+01
-2.998204708099364790e+00 -4.261738657951354980e-01 -6.991478800773620605e-01 1.300000000000000000e+01
-4.523770904541016336e+01 -6.422169208526611328e+00 2.394579410552978960e+00 3.600000000000000000e+01
-3.586245775222777876e+00 -5.091212391853332520e-01 -7.040851712226867676e-01 1.200000000000000000e+01
-4.469148159027099609e+00 -6.328710317611694336e-01 -7.149055004119873047e-01 1.000000000000000000e+01
-5.934086322784423828e+00 -8.382064700126647949e-01 -7.358471155166625977e-01 9.000000000000000000e+00
-8.798929214477539062e+00 -1.241307377815247026e+00 -7.774292230606079102e-01 2.000000000000000000e+00
-3.475000762939453125e+01 -4.877610206604003906e+00 -6.125096678733825684e-01 1.400000000000000000e+01
-2.573555946350098100e+00 -3.580260872840880793e-01 -6.962232589721679688e-01 2.100000000000000000e+01
-4.517312240600585938e+01 -6.276324748992919922e+00 7.960740923881530762e-01 5.000000000000000000e+01
-3.005392313003540039e+00 -4.170326590538024902e-01 -7.004975676536560059e-01 1.400000000000000000e+01
-4.518753433227539062e+01 -6.262250423431395596e+00 2.390811204910277876e+00 3.600000000000000000e+01
-3.593748569488524947e+00 -4.980345368385314941e-01 -7.052300572395324707e-01 1.200000000000000000e+01
-4.471222400665283203e+00 -6.180472970008850098e-01 -7.149055004119873047e-01 1.000000000000000000e+01
-5.928967475891113281e+00 -8.174392580986022949e-01 -7.348721623420715332e-01 9.000000000000000000e+00
-8.838524818420410156e+00 -1.217014193534851074e+00 -7.805668115615844727e-01 2.000000000000000000e+00
-3.478976440429688211e+01 -4.765604972839354581e+00 -6.129285097122192383e-01 7.000000000000000000e+00
-2.576704502105712891e+00 -3.493000268936157227e-01 -6.967408657073974609e-01 1.800000000000000000e+01
-4.519079208374022727e+01 -6.118066310882568359e+00 7.960042357444763184e-01 5.000000000000000000e+01
-2.999104976654053178e+00 -4.054948985576630194e-01 -6.986979842185974121e-01 1.300000000000000000e+01
-4.524078750610352273e+01 -6.108754634857177734e+00 2.392485857009888139e+00 3.600000000000000000e+01
-3.585736989974976030e+00 -4.841734170913695734e-01 -7.033219337463378906e-01 1.300000000000000000e+01
-4.473352432250976562e+00 -6.024360656738281250e-01 -7.149055004119873047e-01 1.000000000000000000e+01
-5.923914909362792969e+00 -7.956812977790832520e-01 -7.338972091674804688e-01 9.000000000000000000e+00
-8.822972297668457031e+00 -1.183505773544311968e+00 -7.788237333297729492e-01 2.000000000000000000e+00
-3.484582901000977273e+01 -4.649426460266113281e+00 -6.136265993118286133e-01 1.400000000000000000e+01
-2.579882621765137163e+00 -3.401060700416564941e-01 -6.972585320472717285e-01 2.100000000000000000e+01
-4.520101928710938211e+01 -5.950826644897460938e+00 7.957948446273803711e-01 5.000000000000000000e+01
-2.994774818420410156e+00 -3.937378525733947754e-01 -6.973482966423034668e-01 1.500000000000000000e+01
-4.519847106933593750e+01 -5.942466259002686435e+00 2.389136314392089844e+00 3.600000000000000000e+01
-3.583594560623168945e+00 -4.705166220664978027e-01 -7.025586962699890137e-01 1.200000000000000000e+01
-4.471612930297851562e+00 -5.855234265327453613e-01 -7.142797708511352539e-01 1.000000000000000000e+01
-5.918918132781982422e+00 -7.729355096817016602e-01 -7.329222559928894043e-01 9.000000000000000000e+00
-8.831202507019042969e+00 -1.151675224304198997e+00 -7.791723608970642090e-01 2.000000000000000000e+00
-3.485073852539063211e+01 -4.520135402679443359e+00 -6.134172081947326660e-01 7.000000000000000000e+00
-2.571473360061645952e+00 -3.298695087432860773e-01 -6.946703195571899414e-01 2.000000000000000000e+01
-4.521358108520507812e+01 -5.791993141174316406e+00 7.956551909446716309e-01 5.000000000000000000e+01
-3.007728815078734907e+00 -3.847653865814208984e-01 -7.000476717948913574e-01 1.500000000000000000e+01
-4.519617080688477273e+01 -5.773728370666503906e+00 2.387880325317382812e+00 3.600000000000000000e+01
-3.579372882843018022e+00 -4.572583436965941828e-01 -7.014138698577880859e-01 1.200000000000000000e+01
-4.481467723846436435e+00 -5.709095597267150879e-01 -7.155312299728393555e-01 1.100000000000000000e+01
-5.911733627319335938e+00 -7.510190606117248535e-01 -7.317035198211669922e-01 1.100000000000000000e+01
-8.815402984619140625e+00 -1.118334054946898970e+00 -7.774292230606079102e-01 2.000000000000000000e+00
-1.807691764831542969e+01 -2.286851167678833008e+00 -9.549218416213989258e-01 6.000000000000000000e+00
-3.484646606445313211e+01 -4.395953655242919922e+00 -6.130681037902832031e-01 7.000000000000000000e+00
-2.564941167831420898e+00 -3.199349343776702881e-01 -6.925997734069824219e-01 2.000000000000000000e+01
-4.473743057250977273e+01 -5.572341918945313388e+00 7.869290113449096680e-01 4.900000000000000000e+01
-3.010987520217895952e+00 -3.745046555995941162e-01 -7.004975676536560059e-01 1.400000000000000000e+01
-4.472750091552733664e+01 -5.563177585601806641e+00 2.362131118774414062e+00 3.500000000000000000e+01
-3.584843635559082031e+00 -4.452451765537261963e-01 -7.021771073341369629e-01 1.200000000000000000e+01
-4.477460479736328125e+01 -5.553165912628173828e+00 3.947283506393433061e+00 5.400000000000000000e+01
-4.473631381988525391e+00 -5.540488958358764648e-01 -7.139669060707092285e-01 8.000000000000000000e+00
-5.916289329528808594e+00 -7.306219935417175293e-01 -7.319473028182983398e-01 1.100000000000000000e+01
-8.787614822387695312e+00 -1.083654284477234109e+00 -7.746402621269226074e-01 2.000000000000000000e+00
-3.485762786865233664e+01 -4.273803234100341797e+00 -6.129983067512512207e-01 2.100000000000000000e+01
-2.573713541030883789e+00 -3.119093477725983221e-01 -6.946703195571899414e-01 2.000000000000000000e+01
-4.466529083251953125e+01 -5.405094146728515625e+00 7.853233814239501953e-01 4.900000000000000000e+01
-2.998733758926392046e+00 -3.623556196689606268e-01 -6.973482966423034668e-01 1.300000000000000000e+01
-4.477440643310546875e+01 -5.410369873046875000e+00 2.363596439361571822e+00 3.500000000000000000e+01
-3.576630353927611861e+00 -4.315531253814697266e-01 -7.002689838409423828e-01 1.300000000000000000e+01
-4.479371643066406250e+01 -5.396839618682861328e+00 3.947283506393433061e+00 5.400000000000000000e+01
-4.471615791320800781e+00 -5.379577279090881348e-01 -7.133411765098571777e-01 8.000000000000000000e+00
-5.928658485412597656e+00 -7.111479043960571289e-01 -7.331659793853759766e-01 1.100000000000000000e+01
-8.783431053161621094e+00 -1.052025437355041948e+00 -7.739430069923400879e-01 2.000000000000000000e+00
-3.484453582763671875e+01 -4.148791313171386719e+00 -6.125096678733825684e-01 2.100000000000000000e+01
-2.576599359512329102e+00 -3.040486574172974188e-01 -6.951879262924194336e-01 2.100000000000000000e+01
-4.470588302612304688e+01 -5.267555713653563565e+00 7.857422232627868652e-01 4.900000000000000000e+01
-2.995986461639403853e+00 -3.524776399135590155e-01 -6.964484453201293945e-01 1.300000000000000000e+01
-4.474449539184570312e+01 -5.256270408630371094e+00 2.361084222793579102e+00 3.500000000000000000e+01
-3.591617345809936968e+00 -4.219180941581726074e-01 -7.029403448104858398e-01 1.200000000000000000e+01
-4.479462051391602273e+01 -5.254232883453369141e+00 3.945888996124268022e+00 5.400000000000000000e+01
-4.469359397888183594e+00 -5.234475135803222656e-01 -7.127154469490051270e-01 8.000000000000000000e+00
-5.915090084075927734e+00 -6.906772255897521973e-01 -7.312160730361938477e-01 1.200000000000000000e+01
-8.794608116149902344e+00 -1.025349140167236106e+00 -7.746402621269226074e-01 2.000000000000000000e+00
-3.481766891479492188e+01 -4.034699916839599609e+00 -6.118115782737731934e-01 1.400000000000000000e+01
-2.585322141647338867e+00 -2.959315776824951172e-01 -6.972585320472717285e-01 1.900000000000000000e+01
-4.471207809448242188e+01 -5.110108375549316406e+00 7.855328321456909180e-01 4.900000000000000000e+01
-3.001070976257324219e+00 -3.424594402313231867e-01 -6.973482966423034668e-01 1.300000000000000000e+01
-4.472199249267578125e+01 -5.103334426879882812e+00 2.358990907669066939e+00 3.400000000000000000e+01
-3.585265874862670898e+00 -4.084894359111785889e-01 -7.014138698577880859e-01 1.200000000000000000e+01
-4.481268692016602273e+01 -5.097838401794433594e+00 3.945888996124268022e+00 5.400000000000000000e+01
-4.479010581970214844e+00 -5.087351202964782715e-01 -7.139669060707092285e-01 8.000000000000000000e+00
-5.905629634857177734e+00 -6.686854362487792969e-01 -7.297536134719848633e-01 1.100000000000000000e+01
-8.766457557678222656e+00 -9.910629391670227051e-01 -7.718512415885925293e-01 2.000000000000000000e+00
-3.480371856689453125e+01 -3.910013437271118164e+00 -6.113228797912597656e-01 1.400000000000000000e+01
-2.572998523712158203e+00 -2.845162153244019110e-01 -6.936350464820861816e-01 1.800000000000000000e+01
-4.470751571655272727e+01 -4.935755729675292969e+00 7.851139307022094727e-01 4.900000000000000000e+01
-3.008174896240233931e+00 -3.315741717815399170e-01 -6.986979842185974121e-01 1.400000000000000000e+01
-4.471942138671875000e+01 -4.929170131683349609e+00 2.357839584350585938e+00 3.400000000000000000e+01
-3.567293167114257812e+00 -3.925724923610687256e-01 -6.975976824760437012e-01 1.100000000000000000e+01
-4.480024337768554688e+01 -4.922251224517822266e+00 3.943100214004517046e+00 5.400000000000000000e+01
-4.473076343536376953e+00 -4.906716346740723211e-01 -7.127154469490051270e-01 1.000000000000000000e+01
-5.914073944091796875e+00 -6.466518640518188477e-01 -7.304848432540893555e-01 1.100000000000000000e+01
-8.778120994567871094e+00 -9.582598209381103516e-01 -7.725484967231750488e-01 2.000000000000000000e+00
-3.479462051391602273e+01 -3.773761034011840820e+00 -6.109040379524230957e-01 2.100000000000000000e+01
-2.560529708862305132e+00 -2.740936875343322754e-01 -6.900115609169006348e-01 1.900000000000000000e+01
-4.468470764160156250e+01 -4.775417327880859375e+00 7.844158411026000977e-01 4.800000000000000000e+01
-3.011251688003540039e+00 -3.212784230709075928e-01 -6.991478800773620605e-01 1.500000000000000000e+01
-4.472443771362304688e+01 -4.771768569946289062e+00 2.357211351394652876e+00 3.400000000000000000e+01
-3.576450586318970171e+00 -3.809496760368347168e-01 -6.991241574287414551e-01 1.200000000000000000e+01
-4.478149032592772727e+01 -4.762046813964843750e+00 3.939962625503540039e+00 5.400000000000000000e+01
-4.474761962890625000e+00 -4.750546813011168878e-01 -7.127154469490051270e-01 8.000000000000000000e+00
-5.912346839904785156e+00 -6.255862116813659668e-01 -7.299973964691162109e-01 9.000000000000000000e+00
-8.761598587036132812e+00 -9.255195856094360352e-01 -7.708054184913635254e-01 3.000000000000000000e+00
-3.478371429443358664e+01 -3.649777889251708984e+00 -6.104851961135864258e-01 2.100000000000000000e+01
-2.565314054489136186e+00 -2.655519545078278143e-01 -6.910468339920043945e-01 1.900000000000000000e+01
-4.479658126831054688e+01 -4.629276275634765625e+00 7.860912680625915527e-01 4.900000000000000000e+01
-3.008477926254272017e+00 -3.103652596473693848e-01 -6.982480883598327637e-01 1.600000000000000000e+01
-3.571899890899658203e+00 -3.678598403930664062e-01 -6.979793310165405273e-01 1.200000000000000000e+01
-4.477009582519531250e+01 -4.602848529815673828e+00 3.937522172927856001e+00 5.400000000000000000e+01
-4.468533039093017578e+00 -4.586252272129058838e-01 -7.114639282226562500e-01 8.000000000000000000e+00
-5.922393798828125000e+00 -6.057524085044860840e-01 -7.309723496437072754e-01 9.000000000000000000e+00
-8.760811805725097656e+00 -8.945255279541015625e-01 -7.704567909240722656e-01 2.000000000000000000e+00
-3.480818176269531250e+01 -3.529548168182373047e+00 -6.106945872306823730e-01 2.100000000000000000e+01
-2.568147659301757812e+00 -2.567879259586334229e-01 -6.915645003318786621e-01 1.700000000000000000e+01
-2.997908115386962891e+00 -2.987025678157805841e-01 -6.955486536026000977e-01 1.500000000000000000e+01
-3.580976486206055132e+00 -3.561665713787078857e-01 -6.995058059692382812e-01 1.200000000000000000e+01
-4.481364440917968750e+01 -4.449299812316895419e+00 3.939962625503540039e+00 5.400000000000000000e+01
-4.481901168823242188e+00 -4.441932737827301025e-01 -7.133411765098571777e-01 8.000000000000000000e+00
-5.924472332000732422e+00 -5.850756764411926270e-01 -7.309723496437072754e-01 9.000000000000000000e+00
-8.755949974060058594e+00 -8.631572723388671875e-01 -7.697595357894897461e-01 2.000000000000000000e+00
-3.478446578979492188e+01 -3.404517412185668945e+00 -6.100662946701049805e-01 2.100000000000000000e+01
-2.582488775253295898e+00 -2.491203099489212036e-01 -6.951879262924194336e-01 1.900000000000000000e+01
-2.998932361602783203e+00 -2.882361114025115967e-01 -6.955486536026000977e-01 1.500000000000000000e+01
-3.582197904586791992e+00 -3.436644673347473145e-01 -6.995058059692382812e-01 1.300000000000000000e+01
-4.478923797607421875e+01 -4.289045333862304688e+00 3.936476230621337891e+00 5.400000000000000000e+01
-4.471625804901123047e+00 -4.274180829524993896e-01 -7.114639282226562500e-01 8.000000000000000000e+00
-5.904740810394287109e+00 -5.623217225074768066e-01 -7.282912135124206543e-01 1.100000000000000000e+01
-8.739074707031250000e+00 -8.307026624679565430e-01 -7.680163979530334473e-01 2.000000000000000000e+00
-3.479414749145507812e+01 -3.282888412475585938e+00 -6.100314259529113770e-01 2.100000000000000000e+01
-2.575648546218872070e+00 -2.393890917301177979e-01 -6.931173801422119141e-01 1.900000000000000000e+01
-3.001860857009888139e+00 -2.779457867145537775e-01 -6.959985494613647461e-01 1.400000000000000000e+01
-3.569691419601439986e+00 -3.298934996128082275e-01 -6.968344449996948242e-01 1.200000000000000000e+01
-4.479600143432617188e+01 -4.131943702697753906e+00 3.935779094696044922e+00 5.400000000000000000e+01
-4.480958938598632812e+00 -4.125309586524962824e-01 -7.127154469490051270e-01 8.000000000000000000e+00
-5.902713775634765625e+00 -5.413443446159362793e-01 -7.278037071228027344e-01 9.000000000000000000e+00
-8.745889663696289062e+00 -8.005557656288146973e-01 -7.683650255203247070e-01 2.000000000000000000e+00
-3.480738449096679688e+01 -3.161594867706298828e+00 -6.100662946701049805e-01 1.400000000000000000e+01
-2.559110879898070845e+00 -2.292950004339217862e-01 -6.884586811065673828e-01 1.800000000000000000e+01
-3.002765893936156782e+00 -2.679897248744965155e-01 -6.959985494613647461e-01 1.400000000000000000e+01
-3.562943696975708008e+00 -3.173574507236481268e-01 -6.953079700469970703e-01 1.200000000000000000e+01
-4.482929992675781250e+01 -3.985136032104492188e+00 3.937522172927856001e+00 5.400000000000000000e+01
-4.470496177673339844e+00 -3.966218829154968262e-01 -7.108381986618041992e-01 8.000000000000000000e+00
-5.898544311523438388e+00 -5.212430357933044434e-01 -7.270724773406982422e-01 9.000000000000000000e+00
-8.724679946899414062e+00 -7.694485783576965332e-01 -7.662733197212219238e-01 2.000000000000000000e+00
-3.479775619506835938e+01 -3.044409275054932085e+00 -6.097172498703002930e-01 2.100000000000000000e+01
-2.577218294143677202e+00 -2.218518108129501065e-01 -6.931173801422119141e-01 1.900000000000000000e+01
-2.999799966812133789e+00 -2.571735680103302002e-01 -6.950987577438354492e-01 1.400000000000000000e+01
-3.577722549438477007e+00 -3.060899972915648859e-01 -6.979793310165405273e-01 1.300000000000000000e+01
-4.481117630004882812e+01 -3.825916528701781782e+00 3.934733152389525923e+00 5.400000000000000000e+01
-4.460043907165527344e+00 -3.800083100795745850e-01 -7.089610099792480469e-01 1.000000000000000000e+01
-5.908239841461181641e+00 -5.013214349746704102e-01 -7.280474305152893066e-01 9.000000000000000000e+00
-8.735253334045410156e+00 -7.396614551544189453e-01 -7.669705152511596680e-01 2.000000000000000000e+00
-3.479422378540039062e+01 -2.921752691268920898e+00 -6.094729304313659668e-01 2.100000000000000000e+01
-2.572164058685303178e+00 -2.128263115882874090e-01 -6.915645003318786621e-01 1.900000000000000000e+01
-2.996752023696898970e+00 -2.469044327735900879e-01 -6.941989660263061523e-01 1.400000000000000000e+01
-3.572847843170166016e+00 -2.937415540218353271e-01 -6.968344449996948242e-01 1.200000000000000000e+01
-4.478390121459960938e+01 -3.674038171768188032e+00 3.931246995925902876e+00 5.400000000000000000e+01
-4.461279392242431641e+00 -3.652161955833435059e-01 -7.089610099792480469e-01 8.000000000000000000e+00
-5.905912876129150391e+00 -4.814036786556243896e-01 -7.275599837303161621e-01 9.000000000000000000e+00
-8.709856986999511719e+00 -7.084289789199829102e-01 -7.645301818847656250e-01 3.000000000000000000e+00
-3.481169509887695312e+01 -2.806997537612915039e+00 -6.096125841140747070e-01 2.100000000000000000e+01
-2.584446191787720171e+00 -2.047619670629501065e-01 -6.946703195571899414e-01 2.300000000000000000e+01
-2.995652914047241211e+00 -2.362890690565108975e-01 -6.937490701675415039e-01 1.500000000000000000e+01
-3.571894168853760210e+00 -2.811141610145568848e-01 -6.964528560638427734e-01 1.200000000000000000e+01
-4.479645538330078125e+01 -3.517690658569335938e+00 3.931246995925902876e+00 5.400000000000000000e+01
-4.462527275085449219e+00 -3.496412038803101141e-01 -7.089610099792480469e-01 8.000000000000000000e+00
-5.897661685943604404e+00 -4.600134491920471191e-01 -7.263413071632385254e-01 1.100000000000000000e+01
-8.720222473144531250e+00 -6.786399483680725098e-01 -7.652274370193481445e-01 2.000000000000000000e+00
-3.478738784790039062e+01 -2.682851076126099077e+00 -6.090191602706909180e-01 1.300000000000000000e+01
-2.573553085327147993e+00 -1.953133642673491877e-01 -6.915645003318786621e-01 1.800000000000000000e+01
-2.998363018035889116e+00 -2.265006303787230890e-01 -6.941989660263061523e-01 1.400000000000000000e+01
-4.492277526855468750e+01 -3.385645389556885210e+00 2.360979557037353960e+00 3.500000000000000000e+01
-3.557145118713378906e+00 -2.680874466896057129e-01 -6.933999061584472656e-01 1.200000000000000000e+01
-4.478800582885742188e+01 -3.367627143859862837e+00 3.929503917694091797e+00 5.400000000000000000e+01
-4.461692333221436435e+00 -3.346932232379912775e-01 -7.086481451988220215e-01 1.000000000000000000e+01
-5.887277603149414062e+00 -4.395667314529418945e-01 -7.248788475990295410e-01 1.100000000000000000e+01
-8.706529617309570312e+00 -6.485348939895629883e-01 -7.638329267501831055e-01 2.000000000000000000e+00
-3.477016448974608664e+01 -2.565564155578612837e+00 -6.085653901100158691e-01 2.000000000000000000e+01
-2.556877851486206055e+00 -1.850735843181610107e-01 -6.869057416915893555e-01 1.900000000000000000e+01
-2.999135494232178178e+00 -2.160330116748810092e-01 -6.941989660263061523e-01 1.400000000000000000e+01
-3.565892219543457031e+00 -2.562319040298461914e-01 -6.949263811111450195e-01 1.200000000000000000e+01
-4.477564239501953125e+01 -3.209557771682738814e+00 3.927412033081055132e+00 5.400000000000000000e+01
-4.470715045928955078e+00 -3.196805417537689209e-01 -7.098996043205261230e-01 1.000000000000000000e+01
-5.896696090698242188e+00 -4.195771813392639160e-01 -7.258538007736206055e-01 1.100000000000000000e+01
-8.668992996215820312e+00 -6.153182387351989746e-01 -7.603467106819152832e-01 2.000000000000000000e+00
-3.472903823852539062e+01 -2.440673351287841797e+00 -6.076927781105041504e-01 1.300000000000000000e+01
-2.563290119171143022e+00 -1.765455007553100863e-01 -6.884586811065673828e-01 1.700000000000000000e+01
-2.999871253967285156e+00 -2.055627554655075073e-01 -6.941989660263061523e-01 1.400000000000000000e+01
-3.562847375869750977e+00 -2.435152977705002109e-01 -6.941631436347961426e-01 1.200000000000000000e+01
-4.479452133178710938e+01 -3.053784132003784180e+00 3.928109407424927202e+00 5.400000000000000000e+01
-4.450124263763427734e+00 -3.025987446308135986e-01 -7.064580321311950684e-01 8.000000000000000000e+00
-5.886241436004638672e+00 -3.981874585151671808e-01 -7.243914008140563965e-01 1.100000000000000000e+01
-8.679039001464843750e+00 -5.855905413627624512e-01 -7.610439658164978027e-01 2.000000000000000000e+00
-3.480119705200195312e+01 -2.323694705963135210e+00 -6.088097691535949707e-01 1.300000000000000000e+01
-2.573529481887816939e+00 -1.682269424200057983e-01 -6.910468339920043945e-01 2.100000000000000000e+01
-2.975290298461914062e+00 -1.934463381767272949e-01 -6.883502006530761719e-01 1.200000000000000000e+01
-3.563675642013549805e+00 -2.310771644115447998e-01 -6.941631436347961426e-01 1.200000000000000000e+01
-4.480490875244141336e+01 -2.897403478622436968e+00 3.928109407424927202e+00 5.400000000000000000e+01
-4.462981224060058594e+00 -2.878258526325225830e-01 -7.083352804183959961e-01 8.000000000000000000e+00
-5.895519733428955078e+00 -3.781464695930480957e-01 -7.253663539886474609e-01 1.100000000000000000e+01
-8.653193473815917969e+00 -5.535109043121337891e-01 -7.586035728454589844e-01 2.000000000000000000e+00
-3.478714370727539062e+01 -2.200812816619873047e+00 -6.084257960319519043e-01 2.000000000000000000e+01
-2.576029062271118164e+00 -1.593619138002395907e-01 -6.915645003318786621e-01 2.000000000000000000e+01
-2.979837656021118164e+00 -1.832987517118453979e-01 -6.892500519752502441e-01 1.300000000000000000e+01
-3.554662704467772993e+00 -2.180352210998534879e-01 -6.922550201416015625e-01 1.200000000000000000e+01
-4.480679702758789062e+01 -2.740500926971435991e+00 3.927412033081055132e+00 5.400000000000000000e+01
-4.467902183532714844e+00 -2.724859118461608887e-01 -7.089610099792480469e-01 1.000000000000000000e+01
-5.880952358245849609e+00 -3.566037714481353760e-01 -7.234164476394653320e-01 1.100000000000000000e+01
-8.655073165893554688e+00 -5.233021974563598633e-01 -7.586035728454589844e-01 2.000000000000000000e+00
-3.474470901489257812e+01 -2.076387405395507812e+00 -6.075531840324401855e-01 1.300000000000000000e+01
-2.566926956176757812e+00 -1.498061567544937134e-01 -6.889762878417968750e-01 2.100000000000000000e+01
-2.986295700073242188e+00 -1.732346266508101862e-01 -6.905997395515441895e-01 1.400000000000000000e+01
-4.497502136230468750e+01 -2.601119279861450195e+00 2.360979557037353960e+00 3.500000000000000000e+01
-3.551482200622559038e+00 -2.053990960121155063e-01 -6.914917826652526855e-01 1.200000000000000000e+01
-4.481608963012695312e+01 -2.584079504013061968e+00 3.927412033081055132e+00 5.400000000000000000e+01
-4.468826293945313388e+00 -2.568883597850800116e-01 -7.089610099792480469e-01 1.000000000000000000e+01
-5.866306304931640625e+00 -3.351673781871796209e-01 -7.214665412902832031e-01 1.100000000000000000e+01
-8.632977485656738281e+00 -4.917275905609130859e-01 -7.565118670463562012e-01 2.000000000000000000e+00
-3.474974822998046875e+01 -1.954980731010437012e+00 -6.075182557106018066e-01 2.000000000000000000e+01
-2.565554141998291016e+00 -1.398436427116394043e-01 -6.884586811065673828e-01 2.300000000000000000e+01
-3.002506017684936968e+00 -1.626099050045012873e-01 -6.941989660263061523e-01 2.300000000000000000e+01
-4.498467636108397727e+01 -2.428408861160277876e+00 2.360979557037353960e+00 3.500000000000000000e+01
-3.558125972747803178e+00 -1.920783817768096924e-01 -6.926366686820983887e-01 1.300000000000000000e+01
-4.484955596923828125e+01 -2.413264036178588867e+00 3.929503917694091797e+00 5.400000000000000000e+01
-4.453999042510986328e+00 -2.388810962438583096e-01 -7.064580321311950684e-01 8.000000000000000000e+00
-5.863585472106933594e+00 -3.124287128448485773e-01 -7.209790349006652832e-01 1.100000000000000000e+01
-8.602968215942382812e+00 -4.568851888179779053e-01 -7.537228465080261230e-01 2.000000000000000000e+00
-3.474301910400391336e+01 -1.820804595947266069e+00 -6.072739362716674805e-01 1.300000000000000000e+01
-2.566026687622069868e+00 -1.308873295783997137e-01 -6.884586811065673828e-01 2.300000000000000000e+01
-3.001108884811400923e+00 -1.520296186208724976e-01 -6.937490701675415039e-01 2.400000000000000000e+01
-4.496894454956054688e+01 -2.270159721374512163e+00 2.359723567962646040e+00 3.400000000000000000e+01
-3.570539236068726030e+00 -1.802509427070617953e-01 -6.949263811111450195e-01 1.300000000000000000e+01
-4.482984542846679688e+01 -2.255293607711791992e+00 3.927063465118408203e+00 5.400000000000000000e+01
-4.439022541046142578e+00 -2.225410193204880038e-01 -7.039551138877868652e-01 8.000000000000000000e+00
-5.864640235900878906e+00 -2.919590771198273260e-01 -7.209790349006652832e-01 1.100000000000000000e+01
-8.604510307312011719e+00 -4.268524348735808771e-01 -7.537228465080261230e-01 2.000000000000000000e+00
-1.720150947570801137e+01 -8.473130464553833008e-01 -9.025859236717224121e-01 5.000000000000000000e+00
-3.474117660522460938e+01 -1.699126958847045898e+00 -6.071343421936035156e-01 1.300000000000000000e+01
-2.562566041946411133e+00 -1.226405873894691051e-01 -6.874234080314636230e-01 1.900000000000000000e+01
-2.976266622543334961e+00 -1.413984149694443027e-01 -6.879003047943115234e-01 2.300000000000000000e+01
-4.495553207397460938e+01 -2.135776519775391069e+00 2.358676910400391069e+00 3.400000000000000000e+01
-3.569126844406127930e+00 -1.689400672912597934e-01 -6.945447325706481934e-01 1.900000000000000000e+01
-4.478496551513671875e+01 -2.112005472183227983e+00 3.922531366348267046e+00 5.400000000000000000e+01
-4.433780193328857422e+00 -2.083162218332290927e-01 -7.030164599418640137e-01 1.000000000000000000e+01
-5.857596874237061435e+00 -2.731634676456450861e-01 -7.200040817260742188e-01 1.100000000000000000e+01
-8.593867301940917969e+00 -3.992637097835540771e-01 -7.526770234107971191e-01 2.000000000000000000e+00
-3.474234771728516336e+01 -1.589793324470520020e+00 -6.070644855499267578e-01 1.300000000000000000e+01
-2.566838264465332031e+00 -1.138660460710526068e-01 -6.884586811065673828e-01 1.900000000000000000e+01
-4.478347778320313211e+01 -1.978782653808593972e+00 7.824611663818359375e-01 4.800000000000000000e+01
-2.982582807540893999e+00 -1.312654912471770963e-01 -6.892500519752502441e-01 2.200000000000000000e+01
-4.488723373413085938e+01 -1.967668294906615989e+00 2.354699373245238814e+00 3.400000000000000000e+01
-3.550081253051757812e+00 -1.556206792593002042e-01 -6.907285451889038086e-01 2.000000000000000000e+01
-4.479206466674804688e+01 -1.955663800239562988e+00 3.922531366348267046e+00 5.400000000000000000e+01
-4.454215526580811435e+00 -1.936963647603988925e-01 -7.061451673507690430e-01 1.000000000000000000e+01
-5.834715843200683594e+00 -2.516883909702301025e-01 -7.170792222023010254e-01 1.100000000000000000e+01
-8.607151985168457031e+00 -3.697761893272399902e-01 -7.537228465080261230e-01 2.000000000000000000e+00
-3.473969268798828125e+01 -1.468172430992126021e+00 -6.069248914718627930e-01 1.300000000000000000e+01
-2.563359737396239790e+00 -1.047476604580878934e-01 -6.874234080314636230e-01 2.000000000000000000e+01
-4.474615478515625000e+01 -1.820658445358275923e+00 7.816932797431945801e-01 4.800000000000000000e+01
-2.990811347961425781e+00 -1.211690828204154968e-01 -6.910496354103088379e-01 2.500000000000000000e+01
-3.552564382553101030e+00 -1.433067768812180121e-01 -6.911101937294006348e-01 1.700000000000000000e+01
-4.479861831665039062e+01 -1.799298405647278054e+00 3.922531366348267046e+00 5.400000000000000000e+01
-4.439074039459229404e+00 -1.775156259536742887e-01 -7.036422491073608398e-01 1.300000000000000000e+01
-5.847459793090820312e+00 -2.317916452884674072e-01 -7.185416221618652344e-01 1.100000000000000000e+01
-8.580518722534179688e+00 -3.386294245719910223e-01 -7.512825131416320801e-01 2.000000000000000000e+00
-3.468865585327147727e+01 -1.344730496406554954e+00 -6.059475541114807129e-01 6.000000000000000000e+00
-2.554057121276855025e+00 -9.543853998184204102e-02 -6.848351955413818359e-01 2.100000000000000000e+01
-4.473624801635742188e+01 -1.663859605789185014e+00 7.814140319824218750e-01 4.800000000000000000e+01
-2.995110988616942915e+00 -1.108726412057877003e-01 -6.919494271278381348e-01 2.100000000000000000e+01
-3.553042888641356978e+00 -1.309051364660263062e-01 -6.911101937294006348e-01 2.000000000000000000e+01
-4.480462646484375000e+01 -1.642911076545715110e+00 3.922531366348267046e+00 5.400000000000000000e+01
-4.439666748046875000e+00 -1.620192825794219971e-01 -7.036422491073608398e-01 1.600000000000000000e+01
-5.854184627532958984e+00 -2.115938961505889893e-01 -7.192728519439697266e-01 1.100000000000000000e+01
-8.557755470275878906e+00 -3.078163266181945801e-01 -7.491907477378845215e-01 3.000000000000000000e+00
-1.701185035705566051e+01 -6.059582233428955078e-01 -8.921186923980712891e-01 5.000000000000000000e+00
-3.466915893554688211e+01 -1.222790360450745073e+00 -6.055287122726440430e-01 1.300000000000000000e+01
-2.556320667266846147e+00 -8.614186942577362061e-02 -6.853528022766113281e-01 2.000000000000000000e+01
-4.472206115722656250e+01 -1.499211907386780007e+00 7.810649871826171875e-01 4.800000000000000000e+01
-2.985758781433105025e+00 -9.956951439380645752e-02 -6.896999478340148926e-01 2.300000000000000000e+01
-3.561347723007202148e+00 -1.181420683860778947e-01 -6.926366686820983887e-01 2.000000000000000000e+01
-4.476255798339843750e+01 -1.477105855941772017e+00 3.918347835540771040e+00 5.400000000000000000e+01
-4.420487880706787109e+00 -1.450979560613631925e-01 -7.005135416984558105e-01 1.700000000000000000e+01
-5.833096504211425781e+00 -1.894270777702332098e-01 -7.165917158126831055e-01 1.300000000000000000e+01
-8.582722663879394531e+00 -2.772203683853148859e-01 -7.512825131416320801e-01 3.000000000000000000e+00
-1.701395797729491832e+01 -5.436025857925415039e-01 -8.921186923980712891e-01 5.000000000000000000e+00
-3.468140029907227273e+01 -1.095965981483459029e+00 -6.056683063507080078e-01 1.300000000000000000e+01
-2.556605815887451172e+00 -7.721812278032302856e-02 -6.853528022766113281e-01 1.900000000000000000e+01
-4.472702407836914062e+01 -1.343093633651732954e+00 7.810649871826171875e-01 4.800000000000000000e+01
-2.984140396118164062e+00 -8.908850699663162231e-02 -6.892500519752502441e-01 2.400000000000000000e+01
-3.565663099288939986e+00 -1.058264076709747037e-01 -6.933999061584472656e-01 2.000000000000000000e+01
-4.484709930419921875e+01 -1.323196768760680930e+00 3.925320386886597124e+00 5.400000000000000000e+01
-4.417018413543701172e+00 -1.295508742332457941e-01 -6.998878121376037598e-01 1.700000000000000000e+01
-5.821816444396972656e+00 -1.687195897102355957e-01 -7.151293158531188965e-01 1.500000000000000000e+01
-8.563722610473632812e+00 -2.466856837272644043e-01 -7.495393753051757812e-01 2.000000000000000000e+00
-3.467302322387695312e+01 -9.745615720748901367e-01 -6.054588556289672852e-01 1.300000000000000000e+01
-2.566503524780272993e+00 -6.899927556514739990e-02 -6.879410147666931152e-01 2.100000000000000000e+01
-4.473922729492188211e+01 -1.194979667663573997e+00 7.812046408653259277e-01 4.800000000000000000e+01
-2.976627111434936968e+00 -7.898548245429992676e-02 -6.874504089355468750e-01 2.200000000000000000e+01
-3.552256345748900923e+00 -9.363952279090881348e-02 -6.907285451889038086e-01 2.000000000000000000e+01
-4.481937408447266336e+01 -1.173636674880981001e+00 3.922531366348267046e+00 5.400000000000000000e+01
-4.433221340179443359e+00 -1.153137087821960033e-01 -7.023907303810119629e-01 1.600000000000000000e+01
-5.824328422546386719e+00 -1.494637429714202881e-01 -7.153730392456054688e-01 1.500000000000000000e+01
-8.576443672180175781e+00 -2.185905873775481900e-01 -7.505852580070495605e-01 4.000000000000000000e+00
-3.465207672119141336e+01 -8.589816689491271973e-01 -6.050400137901306152e-01 1.300000000000000000e+01
-2.560934782028197798e+00 -5.990455672144889832e-02 -6.863881349563598633e-01 2.300000000000000000e+01
-4.470714187622070312e+01 -1.037967920303344949e+00 7.805763483047485352e-01 4.800000000000000000e+01
-2.974936485290526900e+00 -6.854974478483200073e-02 -6.870005130767822266e-01 2.000000000000000000e+01
-3.544710636138916016e+00 -8.105973154306411743e-02 -6.892020702362060547e-01 1.900000000000000000e+01
-4.479531097412108664e+01 -1.016547799110413042e+00 3.920090913772583008e+00 5.400000000000000000e+01
-4.429646968841552734e+00 -9.974923729896545410e-02 -7.017650008201599121e-01 1.700000000000000000e+01
-5.814891815185546875e+00 -1.289121508598327914e-01 -7.141543626785278320e-01 1.300000000000000000e+01
-8.529348373413085938e+00 -1.876004189252853116e-01 -7.464017868041992188e-01 4.000000000000000000e+00
-3.463087081909179688e+01 -7.375071644783020020e-01 -6.046211719512939453e-01 1.300000000000000000e+01
-2.545676469802856001e+00 -5.065738409757614136e-02 -6.822469830513000488e-01 2.000000000000000000e+01
-4.475847625732421875e+01 -8.828510046005249023e-01 7.814140319824218750e-01 4.800000000000000000e+01
-2.982951164245605025e+00 -5.831722542643547058e-02 -6.888001561164855957e-01 2.300000000000000000e+01
-3.550860643386840820e+00 -6.879997998476028442e-02 -6.903469562530517578e-01 2.000000000000000000e+01
-4.482647705078125000e+01 -8.607122898101806641e-01 3.922531366348267046e+00 5.400000000000000000e+01
-4.416142940521240234e+00 -8.402323722839355469e-02 -6.995749473571777344e-01 1.500000000000000000e+01
-5.811336517333984375e+00 -1.085394620895386020e-01 -7.136668562889099121e-01 1.300000000000000000e+01
-8.512022972106933594e+00 -1.574945598840714056e-01 -7.448329925537109375e-01 4.000000000000000000e+00
-1.666038703918457031e+01 -3.024429678916931152e-01 -8.732777833938598633e-01 5.000000000000000000e+00
-3.464123153686522727e+01 -6.167607903480529785e-01 -6.047607660293579102e-01 1.300000000000000000e+01
-2.545837879180908203e+00 -4.177100583910942078e-02 -6.822469830513000488e-01 1.900000000000000000e+01
-4.469729995727539062e+01 -7.255707383155822754e-01 7.802971005439758301e-01 4.800000000000000000e+01
-2.977291107177733931e+00 -4.781055822968482971e-02 -6.874504089355468750e-01 1.600000000000000000e+01
-3.533412218093872070e+00 -5.612412467598915100e-02 -6.869123578071594238e-01 1.300000000000000000e+01
-4.482920837402343750e+01 -7.042334675788879395e-01 3.922531366348267046e+00 5.400000000000000000e+01
-4.408508777618408203e+00 -6.848477572202682495e-02 -6.983234286308288574e-01 1.100000000000000000e+01
-5.811680316925048828e+00 -8.825345337390899658e-02 -7.136668562889099121e-01 1.300000000000000000e+01
-8.520489692687988281e+00 -1.279007196426391879e-01 -7.455302476882934570e-01 3.000000000000000000e+00
-1.665335273742676137e+01 -2.441684007644653043e-01 -8.728590607643127441e-01 5.000000000000000000e+00
-3.461118316650391336e+01 -4.953786730766295832e-01 -6.042023301124572754e-01 1.300000000000000000e+01
-2.557558298110961914e+00 -3.303381800651550293e-02 -6.853528022766113281e-01 2.000000000000000000e+01
-4.475154876708983664e+01 -5.702060461044311523e-01 7.812046408653259277e-01 4.800000000000000000e+01
-2.967696905136107954e+00 -3.729514032602310181e-02 -6.852009296417236328e-01 1.400000000000000000e+01
-4.504671859741210938e+01 -5.582401752471923828e-01 2.360979557037353960e+00 3.500000000000000000e+01
-3.547328233718872070e+00 -4.396016523241996765e-02 -6.895837187767028809e-01 1.200000000000000000e+01
-4.483139419555664062e+01 -5.477460622787475586e-01 3.922531366348267046e+00 5.400000000000000000e+01
-4.406745910644531250e+00 -5.307200178503990173e-02 -6.980105638504028320e-01 1.000000000000000000e+01
-5.807982921600341797e+00 -6.791993975639343262e-02 -7.131794095039367676e-01 1.100000000000000000e+01
-8.487015724182128906e+00 -9.776772558689117432e-02 -7.425669431686401367e-01 2.000000000000000000e+00
-3.463269805908203125e+01 -3.747764825820922852e-01 -6.045513749122619629e-01 2.000000000000000000e+01
-2.565385103225708008e+00 -2.417889982461928974e-02 -6.874234080314636230e-01 2.600000000000000000e+01
-4.472127532958983664e+01 -4.136945307254791260e-01 7.806461453437805176e-01 4.800000000000000000e+01
-2.967808961868286133e+00 -2.693571895360947002e-02 -6.852009296417236328e-01 1.300000000000000000e+01
-4.497649383544921875e+01 -4.003543853759766180e-01 2.357211351394652876e+00 3.400000000000000000e+01
-3.539607286453247070e+00 -3.150751069188117981e-02 -6.880572438240051270e-01 1.200000000000000000e+01
-4.483303070068358664e+01 -3.912519514560698908e-01 3.922531366348267046e+00 5.400000000000000000e+01
-4.420731544494628906e+00 -3.780751675367355347e-02 -7.002006769180297852e-01 1.100000000000000000e+01
-5.786349296569824219e+00 -4.746676236391068199e-02 -7.104982733726501465e-01 1.100000000000000000e+01
-8.463397026062011719e+00 -6.794996559619903564e-02 -7.404751777648925781e-01 2.000000000000000000e+00
-3.458980178833007812e+01 -2.535610198974608820e-01 -6.037834286689758301e-01 1.300000000000000000e+01
-2.551928520202637163e+00 -1.558903791010379965e-02 -6.837999224662780762e-01 2.800000000000000000e+01
-4.475439453125000000e+01 -2.655810415744780939e-01 7.812046408653259277e-01 4.800000000000000000e+01
-2.965933322906494141e+00 -1.708273775875568043e-02 -6.847510337829589844e-01 1.300000000000000000e+01
-4.499754333496093750e+01 -2.513163089752197266e-01 2.358258247375487837e+00 3.400000000000000000e+01
-3.533802747726439986e+00 -1.973668299615383148e-02 -6.869123578071594238e-01 1.200000000000000000e+01
-4.483408355712891336e+01 -2.425781041383743009e-01 3.922531366348267046e+00 5.400000000000000000e+01
-4.430709362030029297e+00 -2.319935150444507946e-02 -7.017650008201599121e-01 1.000000000000000000e+01
-5.782505035400390625e+00 -2.825887501239776958e-02 -7.100107669830322266e-01 1.100000000000000000e+01
-8.467560768127441406e+00 -3.990273550152779319e-02 -7.408238053321838379e-01 2.000000000000000000e+00
-3.456445693969727273e+01 -1.387513726949692050e-01 -6.033297181129455566e-01 2.000000000000000000e+01
-2.542308092117310014e+00 -6.655761972069740295e-03 -6.812117099761962891e-01 3.400000000000000000e+01
-4.473505020141602273e+01 -1.093085706233977994e-01 7.808555960655212402e-01 4.800000000000000000e+01
-2.975718498229980025e+00 -6.751702632755041122e-03 -6.870005130767822266e-01 1.200000000000000000e+01
-4.501013183593750000e+01 -9.426913410425186157e-02 2.358886241912841797e+00 3.400000000000000000e+01
-3.531886816024779829e+00 -7.397177163511514664e-03 -6.865307688713073730e-01 1.200000000000000000e+01
-4.483465576171875000e+01 -8.607646822929382324e-02 3.922531366348267046e+00 5.400000000000000000e+01
-4.418910980224609375e+00 -7.712462451308965683e-03 -6.998878121376037598e-01 1.000000000000000000e+01
-5.794478893280029297e+00 -8.090623654425144196e-03 -7.114732265472412109e-01 1.100000000000000000e+01
-8.459678649902343750e+00 -1.033545285463332956e-02 -7.401265501976013184e-01 2.000000000000000000e+00
-3.456072998046875000e+01 -1.809595711529254913e-02 -6.032598614692687988e-01 2.000000000000000000e+01
-2.532656669616699219e+00 2.210160251706839041e-03 -6.786235570907592773e-01 3.500000000000000000e+01
-4.472316360473632812e+01 4.683400318026542664e-02 7.806461453437805176e-01 4.800000000000000000e+01
-2.962082862854003906e+00 3.618868533521891074e-03 -6.838511824607849121e-01 1.400000000000000000e+01
-4.501018524169921875e+01 6.284611672163009644e-02 2.358886241912841797e+00 3.400000000000000000e+01
-3.535817623138428178e+00 4.936935845762491226e-03 -6.872940063476562500e-01 1.200000000000000000e+01
-4.481077575683593750e+01 7.038865983486175537e-02 3.920439720153809038e+00 5.400000000000000000e+01
-4.403108119964599609e+00 7.684880867600440979e-03 -6.973848342895507812e-01 1.000000000000000000e+01
-5.784546375274658203e+00 1.211514323949814016e-02 -7.102545499801635742e-01 1.100000000000000000e+01
-8.447709083557128906e+00 1.916727796196937908e-02 -7.390807271003723145e-01 3.000000000000000000e+00
-3.456458282470703125e+01 1.025554835796356062e-01 -6.033297181129455566e-01 2.000000000000000000e+01
-2.540360689163208008e+00 1.108448486775160009e-02 -6.806941032409667969e-01 3.800000000000000000e+01
-4.476671981811522727e+01 2.031463235616683960e-01 7.814140319824218750e-01 4.800000000000000000e+01
-2.964000940322875977e+00 1.396762859076262041e-02 -6.843010783195495605e-01 1.500000000000000000e+01
-4.499771118164063211e+01 2.199020385742188055e-01 2.358258247375487837e+00 3.400000000000000000e+01
-3.537742137908935991e+00 1.728880777955054890e-02 -6.876755952835083008e-01 1.100000000000000000e+01
-4.483416366577147727e+01 2.269280403852463046e-01 3.922531366348267046e+00 5.400000000000000000e+01
-4.387251377105712891e+00 2.297180518507957112e-02 -6.948819160461425781e-01 9.000000000000000000e+00
-5.766602993011474609e+00 3.220712393522263267e-02 -7.080608606338500977e-01 1.100000000000000000e+01
-8.447590827941894531e+00 4.865516722202301025e-02 -7.390807271003723145e-01 2.000000000000000000e+00
-3.453601837158203125e+01 2.230269759893417081e-01 -6.028410196304321289e-01 2.000000000000000000e+01
-2.553829193115233931e+00 2.005814015865325928e-02 -6.843175292015075684e-01 3.600000000000000000e+01
-4.472174453735352273e+01 3.590568900108336847e-01 7.806461453437805176e-01 4.800000000000000000e+01
-2.954190731048583984e+00 2.423390932381153107e-02 -6.820515990257263184e-01 1.400000000000000000e+01
-4.502063369750977273e+01 3.771727979183197021e-01 2.359514236450194868e+00 3.400000000000000000e+01
-3.527844190597534180e+00 2.955549024045467030e-02 -6.857675313949584961e-01 1.200000000000000000e+01
-4.483309936523438211e+01 3.834270834922791082e-01 3.922531366348267046e+00 5.400000000000000000e+01
-4.391095161437988281e+00 3.832050785422325134e-02 -6.955076456069946289e-01 1.000000000000000000e+01
-5.766455650329589844e+00 5.233612656593322754e-02 -7.080608606338500977e-01 1.100000000000000000e+01
-8.423461914062500000e+00 7.792130857706069946e-02 -7.369889616966247559e-01 2.000000000000000000e+00
-3.454902648925781250e+01 3.437180817127227783e-01 -6.030853390693664551e-01 2.000000000000000000e+01
-2.542153120040893999e+00 2.884105034172534943e-02 -6.812117099761962891e-01 3.100000000000000000e+01
-4.476420974731445312e+01 5.156695246696472168e-01 7.814140319824218750e-01 4.800000000000000000e+01
-2.961882591247559038e+00 3.463696315884590149e-02 -6.838511824607849121e-01 1.200000000000000000e+01
-4.498709106445313211e+01 5.339425802230834961e-01 2.357839584350585938e+00 3.400000000000000000e+01
-3.519867181777954102e+00 4.177658632397651672e-02 -6.842410564422607422e-01 1.200000000000000000e+01
-4.480757904052733664e+01 5.396335721015930176e-01 3.920439720153809038e+00 5.400000000000000000e+01
-4.410686969757080078e+00 5.388938635587692261e-02 -6.986362934112548828e-01 1.000000000000000000e+01
-5.760282993316650391e+00 7.238966226577758789e-02 -7.073296904563903809e-01 9.000000000000000000e+00
-8.411185264587402344e+00 1.071719005703925948e-01 -7.359430789947509766e-01 3.000000000000000000e+00
-3.450562667846679688e+01 4.637502729892731268e-01 -6.023523807525634766e-01 2.000000000000000000e+01
-2.534310340881348100e+00 3.760001063346862793e-02 -6.791411638259887695e-01 2.600000000000000000e+01
-4.473014450073242188e+01 6.714423894882202148e-01 7.808555960655212402e-01 4.800000000000000000e+01
-2.959794998168944868e+00 4.494605958461760781e-02 -6.834012866020202637e-01 1.500000000000000000e+01
-4.496897506713867188e+01 6.907281875610351562e-01 2.357002019882202148e+00 3.400000000000000000e+01
-3.517736911773682085e+00 5.403281003236771324e-02 -6.838594675064086914e-01 1.100000000000000000e+01
-4.482933044433593750e+01 6.964092850685119629e-01 3.922531366348267046e+00 5.400000000000000000e+01
-4.386770248413085938e+00 6.891289353370666504e-02 -6.948819160461425781e-01 9.000000000000000000e+00
-5.763965129852294922e+00 9.256010502576828003e-02 -7.078171372413635254e-01 9.000000000000000000e+00
-8.410759925842285156e+00 1.365317553281784058e-01 -7.359430789947509766e-01 3.000000000000000000e+00
-3.448380279541016336e+01 5.838560461997985840e-01 -6.020033359527587891e-01 2.000000000000000000e+01
-2.536095380783081055e+00 4.648157581686974266e-02 -6.796588301658630371e-01 2.200000000000000000e+01
-4.473952484130858664e+01 8.277975916862487793e-01 7.810649871826171875e-01 4.800000000000000000e+01
-2.955723285675048828e+00 5.520461872220038674e-02 -6.825014948844909668e-01 1.300000000000000000e+01
-4.496628952026367188e+01 8.476949930191040039e-01 2.357002019882202148e+00 3.400000000000000000e+01
-3.523415565490723100e+00 6.642268598079681396e-02 -6.850042939186096191e-01 1.100000000000000000e+01
-4.482662582397460938e+01 8.528885841369628906e-01 3.922531366348267046e+00 5.400000000000000000e+01
-4.384528160095214844e+00 8.418723940849304199e-02 -6.945690512657165527e-01 1.000000000000000000e+01
-5.767576217651367188e+00 1.127571389079093933e-01 -7.083046436309814453e-01 9.000000000000000000e+00
-8.394295692443847656e+00 1.655756235122680942e-01 -7.345486283302307129e-01 3.000000000000000000e+00
-3.451554489135742188e+01 7.049175500869750977e-01 -6.025967001914978027e-01 2.000000000000000000e+01
-2.539780378341674805e+00 5.541820451617240906e-02 -6.806941032409667969e-01 2.200000000000000000e+01
-4.473636245727539062e+01 9.839626550674438477e-01 7.810649871826171875e-01 4.800000000000000000e+01
-2.941874742507935014e+00 6.521934270858764648e-02 -6.793521642684936523e-01 1.400000000000000000e+01
-4.503893280029296875e+01 1.006346821784972922e+00 2.360979557037353960e+00 3.500000000000000000e+01
-3.525125026702880859e+00 7.876515388488769531e-02 -6.853858828544616699e-01 1.100000000000000000e+01
-4.484329605102539062e+01 1.009806036949157937e+00 3.924274444580078125e+00 5.400000000000000000e+01
-4.368408679962158203e+00 9.913305938243865967e-02 -6.920660734176635742e-01 1.000000000000000000e+01
-5.753255367279052734e+00 1.325689405202865878e-01 -7.065984606742858887e-01 1.100000000000000000e+01
-8.413585662841796875e+00 1.953386366367340088e-01 -7.362917065620422363e-01 2.000000000000000000e+00
-1.621923255920410156e+01 3.822273910045623779e-01 -8.502499461174011230e-01 4.000000000000000000e+00
-3.450487518310546875e+01 8.252037167549133301e-01 -6.024570465087890625e-01 1.300000000000000000e+01
-2.551158905029296875e+00 6.457666307687759399e-02 -6.837999224662780762e-01 2.100000000000000000e+01
-4.474065399169921875e+01 1.140319466590880904e+00 7.812046408653259277e-01 4.800000000000000000e+01
-2.947473526000977007e+00 7.563798129558563232e-02 -6.807019114494323730e-01 1.500000000000000000e+01
-4.503514862060546875e+01 1.163555979728698953e+00 2.360979557037353960e+00 3.500000000000000000e+01
-3.516978263854980025e+00 9.086682647466659546e-02 -6.838594675064086914e-01 1.100000000000000000e+01
-4.481958007812500000e+01 1.165814161300658958e+00 3.922531366348267046e+00 5.400000000000000000e+01
-4.377909183502197266e+00 1.146395951509475986e-01 -6.936303973197937012e-01 9.000000000000000000e+00
-5.748788833618164062e+00 1.525454372167587003e-01 -7.061109542846679688e-01 1.100000000000000000e+01
-8.396919250488281250e+00 2.242807596921921054e-01 -7.348971962928771973e-01 2.000000000000000000e+00
-1.621779823303223012e+01 4.388407468795775812e-01 -8.502499461174011230e-01 4.000000000000000000e+00
-3.452577209472656250e+01 9.463006854057312012e-01 -6.028759479522705078e-01 2.000000000000000000e+01
-2.547081232070922852e+00 7.248113304376602173e-02 -6.827646493911743164e-01 1.600000000000000000e+01
-4.473685073852539062e+01 1.280870556831360085e+00 7.812046408653259277e-01 4.800000000000000000e+01
-2.941377401351929155e+00 8.472901582717895508e-02 -6.793521642684936523e-01 1.400000000000000000e+01
-4.499134063720703125e+01 1.303874969482422097e+00 2.358886241912841797e+00 3.400000000000000000e+01
-3.500975847244263139e+00 1.014602929353713989e-01 -6.808065176010131836e-01 1.100000000000000000e+01
-4.486747360229492188e+01 1.308122754096985085e+00 3.927063465118408203e+00 5.400000000000000000e+01
-4.377527713775634766e+00 1.283926069736480990e-01 -6.936303973197937012e-01 9.000000000000000000e+00
-5.744312763214111328e+00 1.704872250556946078e-01 -7.056235074996948242e-01 1.100000000000000000e+01
-8.392189979553222656e+00 2.505404055118560791e-01 -7.345486283302307129e-01 3.000000000000000000e+00
-3.454261779785156250e+01 1.055372357368469016e+00 -6.032249927520751953e-01 1.300000000000000000e+01
-2.541020154953002930e+00 8.118658512830734253e-02 -6.812117099761962891e-01 1.700000000000000000e+01
-4.478007507324218750e+01 1.438564538955688032e+00 7.820423245429992676e-01 4.800000000000000000e+01
-2.943011522293090820e+00 9.505873173475265503e-02 -6.798020601272583008e-01 1.300000000000000000e+01
-4.502643966674804688e+01 1.462212562561034934e+00 2.360979557037353960e+00 3.500000000000000000e+01
-3.512373685836791992e+00 1.140626966953278004e-01 -6.830962300300598145e-01 1.100000000000000000e+01
-4.483874130249022727e+01 1.463951230049133079e+00 3.924971818923950195e+00 5.400000000000000000e+01
-4.357309818267822266e+00 1.430242061614989957e-01 -6.905017495155334473e-01 9.000000000000000000e+00
-5.743682861328125000e+00 1.905375719070435125e-01 -7.056235074996948242e-01 1.100000000000000000e+01
-8.363386154174804688e+00 2.789033949375153143e-01 -7.321082353591918945e-01 3.000000000000000000e+00
-3.449475479125977273e+01 1.174445271492003950e+00 -6.024570465087890625e-01 1.300000000000000000e+01
-2.536859989166260210e+00 8.991904556751251221e-02 -6.801764369010925293e-01 1.500000000000000000e+01
-4.472681808471679688e+01 1.593158960342407005e+00 7.812046408653259277e-01 4.800000000000000000e+01
-2.944609403610229048e+00 1.054008901119232039e-01 -6.802520155906677246e-01 1.400000000000000000e+01
-4.502134323120117188e+01 1.611517548561095969e+00 2.360979557037353960e+00 3.500000000000000000e+01
-3.509992122650146040e+00 1.262519061565398892e-01 -6.827145814895629883e-01 1.200000000000000000e+01
-4.483335494995117188e+01 1.620458722114562988e+00 3.924971818923950195e+00 5.400000000000000000e+01
-4.356783866882324219e+00 1.582331806421279907e-01 -6.905017495155334473e-01 1.000000000000000000e+01
-5.739015102386474609e+00 2.104401290416718084e-01 -7.051360011100769043e-01 1.100000000000000000e+01
-8.378290176391601562e+00 3.086822032928466797e-01 -7.335027456283569336e-01 3.000000000000000000e+00
-1.601293754577637074e+01 5.955635905265808105e-01 -8.397827744483947754e-01 4.000000000000000000e+00
-3.446446609497070312e+01 1.293871998786926047e+00 -6.020033359527587891e-01 2.000000000000000000e+01
-2.551973819732666016e+00 9.937515109777450562e-02 -6.843175292015075684e-01 1.700000000000000000e+01
-4.478092956542968750e+01 1.751619696617126021e+00 7.822517752647399902e-01 4.800000000000000000e+01
-2.932539939880371094e+00 1.152198091149330000e-01 -6.775525808334350586e-01 1.200000000000000000e+01
-4.501513290405272727e+01 1.776518225669861062e+00 2.360979557037353960e+00 3.500000000000000000e+01
-3.507568359375000000e+00 1.384258717298507968e-01 -6.823329925537109375e-01 1.200000000000000000e+01
-4.479955673217772727e+01 1.775841712951659934e+00 3.922531366348267046e+00 5.400000000000000000e+01
-4.354231357574462891e+00 1.733616441488265991e-01 -6.901888847351074219e-01 1.000000000000000000e+01
-5.730311393737792969e+00 2.301530838012695035e-01 -7.041610479354858398e-01 1.100000000000000000e+01
-8.341327667236328125e+00 3.364805281162261963e-01 -7.303650975227355957e-01 2.000000000000000000e+00
-1.601076126098633168e+01 6.514555215835571289e-01 -8.397827744483947754e-01 4.000000000000000000e+00
-3.445374679565429688e+01 1.413921594619750977e+00 -6.018986105918884277e-01 1.300000000000000000e+01
-2.549681186676024947e+00 1.082006916403770030e-01 -6.837999224662780762e-01 1.600000000000000000e+01
-4.475056838989257812e+01 1.906902074813842995e+00 7.818328738212585449e-01 4.800000000000000000e+01
-2.939907789230347124e+00 1.257887929677962979e-01 -6.793521642684936523e-01 1.300000000000000000e+01
-4.500899505615233664e+01 1.925783991813659890e+00 2.360979557037353960e+00 3.500000000000000000e+01
-3.514909505844116211e+00 1.510057896375656128e-01 -6.838594675064086914e-01 1.100000000000000000e+01
-4.483289337158203125e+01 1.933927774429321067e+00 3.926017522811890093e+00 5.400000000000000000e+01
-4.357546329498291016e+00 1.887306421995162964e-01 -6.908146142959594727e-01 1.000000000000000000e+01
-5.725506782531738281e+00 2.499810308218002042e-01 -7.036736011505126953e-01 1.100000000000000000e+01
-8.352045059204101562e+00 3.661186695098876953e-01 -7.314109802246093750e-01 2.000000000000000000e+00
-1.600839042663573863e+01 7.073395252227783203e-01 -8.397827744483947754e-01 4.000000000000000000e+00
-3.441264343261718750e+01 1.532577514648437944e+00 -6.012703180313110352e-01 2.000000000000000000e+01
-2.553147554397583008e+00 1.172773689031600952e-01 -6.848351955413818359e-01 2.100000000000000000e+01
-4.476361465454102273e+01 2.064020156860352007e+00 7.821819782257080078e-01 4.800000000000000000e+01
-2.937504053115845171e+00 1.359601318836211881e-01 -6.789022684097290039e-01 1.300000000000000000e+01
-4.500199890136718750e+01 2.082883119583129883e+00 2.360979557037353960e+00 3.500000000000000000e+01
-3.494749784469604048e+00 1.623630672693253119e-01 -6.800432801246643066e-01 1.200000000000000000e+01
-4.483781051635742188e+01 2.090968847274779829e+00 3.927063465118408203e+00 5.400000000000000000e+01
-4.352914810180664062e+00 2.037554383277893066e-01 -6.901888847351074219e-01 1.000000000000000000e+01
-5.716667652130126953e+00 2.695912122726439875e-01 -7.026986479759216309e-01 1.100000000000000000e+01
-8.318873405456542969e+00 3.937632739543914795e-01 -7.286220192909240723e-01 2.000000000000000000e+00
-3.435914611816406250e+01 1.650388121604918990e+00 -6.004325747489929199e-01 1.300000000000000000e+01
-2.544960737228393999e+00 1.266956478357315063e-01 -6.827646493911743164e-01 2.200000000000000000e+01
-4.475935363769531250e+01 2.236083984375000000e+00 7.822517752647399902e-01 4.800000000000000000e+01
-2.942799329757689986e+00 1.475310176610946933e-01 -6.802520155906677246e-01 1.300000000000000000e+01
-3.501943588256835938e+00 1.761752814054489136e-01 -6.815697550773620605e-01 1.200000000000000000e+01
-4.481751251220703125e+01 2.262515068054199219e+00 3.926017522811890093e+00 5.400000000000000000e+01
-4.342236042022705078e+00 2.199681848287582120e-01 -6.886245012283325195e-01 1.000000000000000000e+01
-5.711625576019287109e+00 2.913373410701752264e-01 -7.022111415863037109e-01 1.100000000000000000e+01
-8.305361747741699219e+00 4.250914156436920166e-01 -7.275761365890502930e-01 3.000000000000000000e+00
-3.434856033325195312e+01 1.782098054885864036e+00 -6.003627777099609375e-01 1.900000000000000000e+01
-2.554148435592650923e+00 1.360923945903778076e-01 -6.853528022766113281e-01 2.300000000000000000e+01
-4.473130798339843750e+01 2.391242265701293945e+00 7.819027304649353027e-01 4.800000000000000000e+01
-2.936428546905518022e+00 1.574893146753310880e-01 -6.789022684097290039e-01 1.300000000000000000e+01
-3.497386455535889116e+00 1.881873011589050015e-01 -6.808065176010131836e-01 1.100000000000000000e+01
-4.485311126708983664e+01 2.421306371688843218e+00 3.929852485656737837e+00 5.400000000000000000e+01
-4.335524559020996094e+00 2.348036020994186124e-01 -6.876859068870544434e-01 1.000000000000000000e+01
-5.716520309448242188e+00 3.115969896316527765e-01 -7.029423713684082031e-01 1.100000000000000000e+01
-8.275975227355957031e+00 4.525569379329680841e-01 -7.251358032226562500e-01 2.000000000000000000e+00
-1.580436325073242010e+01 8.697667121887207031e-01 -8.295249342918395996e-01 4.000000000000000000e+00
-3.434412765502929688e+01 1.902096629142761008e+00 -6.003977060317993164e-01 1.900000000000000000e+01
-2.555637121200561968e+00 1.442246437072753906e-01 -6.858704686164855957e-01 2.500000000000000000e+01
-4.476350402832031250e+01 2.534018039703369141e+00 7.826008200645446777e-01 4.800000000000000000e+01
-2.932028055191040039e+00 1.664926260709763128e-01 -6.780024766921997070e-01 1.300000000000000000e+01
-3.504618406295775923e+00 1.996202915906906128e-01 -6.823329925537109375e-01 1.100000000000000000e+01
-4.482539367675781250e+01 2.561068058013916016e+00 3.928109407424927202e+00 5.400000000000000000e+01
-4.326876640319824219e+00 2.479707896709442139e-01 -6.864344477653503418e-01 1.000000000000000000e+01
-5.701640605926513672e+00 3.287545144557952881e-01 -7.012361884117126465e-01 1.100000000000000000e+01
-8.302359580993652344e+00 4.801649153232573908e-01 -7.275761365890502930e-01 2.000000000000000000e+00
-1.580155277252197088e+01 9.194132089614868164e-01 -8.295249342918395996e-01 4.000000000000000000e+00
-3.435594940185546875e+01 2.011034011840819868e+00 -6.007118225097656250e-01 1.300000000000000000e+01
-2.551261186599731001e+00 1.529134511947632113e-01 -6.848351955413818359e-01 2.100000000000000000e+01
-4.476636123657227273e+01 2.690976381301879883e+00 7.828102111816406250e-01 4.800000000000000000e+01
-2.931429147720336914e+00 1.767262965440750122e-01 -6.780024766921997070e-01 1.200000000000000000e+01
-3.496061563491820845e+00 2.113785445690155029e-01 -6.808065176010131836e-01 1.100000000000000000e+01
-4.485197830200195312e+01 2.719692945480347124e+00 3.931246995925902876e+00 5.400000000000000000e+01
-4.333871841430664062e+00 2.635525166988372803e-01 -6.876859068870544434e-01 1.000000000000000000e+01
-5.700458049774169922e+00 3.486549556255341131e-01 -7.012361884117126465e-01 1.100000000000000000e+01
-8.260860443115234375e+00 5.067030787467956543e-01 -7.240899205207824707e-01 2.000000000000000000e+00
-3.433475112915039062e+01 2.130079746246337891e+00 -6.004675030708312988e-01 1.900000000000000000e+01
-2.537216186523437944e+00 1.609618961811065951e-01 -6.812117099761962891e-01 1.700000000000000000e+01
-4.474472045898438211e+01 2.846462011337279829e+00 7.826008200645446777e-01 4.800000000000000000e+01
-2.936628580093383789e+00 1.873299926519393921e-01 -6.793521642684936523e-01 1.300000000000000000e+01
-3.479628324508666992e+00 2.225781828165054044e-01 -6.777535676956176758e-01 1.100000000000000000e+01
-4.484220886230468750e+01 2.876238822937012163e+00 3.931246995925902876e+00 5.400000000000000000e+01
-4.325040340423583984e+00 2.781718075275421143e-01 -6.864344477653503418e-01 1.000000000000000000e+01
-5.687320709228515625e+00 3.677825331687927246e-01 -6.997737884521484375e-01 1.000000000000000000e+01
-8.243135452270507812e+00 5.345043540000915527e-01 -7.226954102516174316e-01 2.000000000000000000e+00
-1.579474925994873047e+01 1.029705524444580078e+00 -8.295249342918395996e-01 4.000000000000000000e+00
-3.432910156250000000e+01 2.250048160552978960e+00 -6.005023717880249023e-01 1.900000000000000000e+01
-2.527001142501831055e+00 1.691722571849822998e-01 -6.786235570907592773e-01 1.500000000000000000e+01
-4.476643753051757812e+01 3.004775762557982954e+00 7.831593155860900879e-01 4.800000000000000000e+01
-2.930123805999755859e+00 1.971870511770248136e-01 -6.780024766921997070e-01 1.300000000000000000e+01
-3.486665248870850053e+00 2.352516502141953070e-01 -6.792800426483154297e-01 1.100000000000000000e+01
-4.483189773559570312e+01 3.032749891281127930e+00 3.931246995925902876e+00 5.400000000000000000e+01
-4.320101261138916016e+00 2.929999828338623047e-01 -6.858087182044982910e-01 1.000000000000000000e+01
-5.670158386230468750e+00 3.865526020526885986e-01 -6.978238821029663086e-01 1.000000000000000000e+01
-8.213391304016113281e+00 5.613729953765869141e-01 -7.202550768852233887e-01 3.000000000000000000e+00
-3.432502746582031250e+01 2.370140790939331055e+00 -6.005722284317016602e-01 1.900000000000000000e+01
-2.520613908767700195e+00 1.775847971439362127e-01 -6.770706176757812500e-01 1.400000000000000000e+01
-4.477163314819335938e+01 3.162148475646973100e+00 7.834385037422180176e-01 4.800000000000000000e+01
-2.931361675262451172e+00 2.075515389442444125e-01 -6.784523725509643555e-01 1.300000000000000000e+01
-3.489739656448363814e+00 2.476989477872849066e-01 -6.800432801246643066e-01 1.100000000000000000e+01
-4.484488677978516336e+01 3.190920829772949219e+00 3.933338642120360884e+00 5.400000000000000000e+01
-4.315111160278320312e+00 3.077970743179320734e-01 -6.851829290390014648e-01 1.000000000000000000e+01
-4.497653579711914062e+01 3.216068029403686968e+00 5.536524295806884766e+00 3.800000000000000000e+01
-5.672734260559082031e+00 4.066266715526580811e-01 -6.983113288879394531e-01 1.000000000000000000e+01
-8.213368415832519531e+00 5.901824831962585449e-01 -7.204293608665466309e-01 3.000000000000000000e+00
-3.432651519775391336e+01 2.490666627883911133e+00 -6.007467508316040039e-01 1.900000000000000000e+01
-2.533464908599853960e+00 1.873797625303267878e-01 -6.806941032409667969e-01 1.400000000000000000e+01
-4.473240280151367188e+01 3.316341400146483931e+00 7.829498648643493652e-01 4.800000000000000000e+01
-2.911185503005981001e+00 2.163384407758713046e-01 -6.739533543586730957e-01 1.400000000000000000e+01
-3.494727134704589844e+00 2.603164017200469971e-01 -6.811881065368652344e-01 1.200000000000000000e+01
-4.480963134765625000e+01 3.345659255981444868e+00 3.931246995925902876e+00 5.400000000000000000e+01
-4.310070991516113281e+00 3.225629031658173163e-01 -6.845571994781494141e-01 1.000000000000000000e+01
-4.496503448486328125e+01 3.373045921325684038e+00 5.536524295806884766e+00 3.800000000000000000e+01
-5.669301033020020419e+00 4.262768924236298163e-01 -6.980676054954528809e-01 1.000000000000000000e+01
-8.217218399047851562e+00 6.192981004714965820e-01 -7.209523320198059082e-01 2.000000000000000000e+00
-1.558394432067870916e+01 1.179968833923340066e+00 -8.190577030181884766e-01 4.000000000000000000e+00
-3.433156967163085938e+01 2.611535072326660156e+00 -6.009910702705383301e-01 1.300000000000000000e+01
-2.530835151672362837e+00 1.965145617723464966e-01 -6.801764369010925293e-01 1.400000000000000000e+01
-4.474785995483397727e+01 3.482443809509276900e+00 7.834385037422180176e-01 4.800000000000000000e+01
-2.914258718490601030e+00 2.273101061582565030e-01 -6.748531460762023926e-01 1.300000000000000000e+01
-4.491314697265625000e+01 3.511080026626586914e+00 2.360979557037353960e+00 3.500000000000000000e+01
-3.487877845764160156e+00 2.726644575595856268e-01 -6.800432801246643066e-01 1.100000000000000000e+01
-4.484473800659179688e+01 3.513607263565063032e+00 3.935430526733397993e+00 5.400000000000000000e+01
-4.293105125427246094e+00 3.371207714080811102e-01 -6.820542812347412109e-01 1.000000000000000000e+01
-4.491279220581054688e+01 3.534713268280028853e+00 5.531649589538574219e+00 3.800000000000000000e+01
-5.663742542266845703e+00 4.467408657073975164e-01 -6.975800991058349609e-01 1.000000000000000000e+01
-8.216879844665527344e+00 6.495685577392578125e-01 -7.211266160011291504e-01 3.000000000000000000e+00
-3.431578826904296875e+01 2.736872196197510210e+00 -6.008863449096679688e-01 2.000000000000000000e+01
-2.526282548904418945e+00 2.050350755453110019e-01 -6.791411638259887695e-01 1.300000000000000000e+01
-4.469955444335938211e+01 3.635703802108765093e+00 7.828102111816406250e-01 4.800000000000000000e+01
-2.913447380065917969e+00 2.374813705682755072e-01 -6.748531460762023926e-01 1.400000000000000000e+01
-3.463423967361450195e+00 2.829196453094481867e-01 -6.754638552665710449e-01 1.100000000000000000e+01
-4.488383102416992188e+01 3.674349784851074219e+00 3.939962625503540039e+00 5.400000000000000000e+01
-4.307652473449707031e+00 3.533965945243834894e-01 -6.845571994781494141e-01 1.000000000000000000e+01
-4.489226531982421875e+01 3.690815925598144975e+00 5.530674457550048828e+00 3.800000000000000000e+01
-5.674018859863281250e+00 4.674862921237946112e-01 -6.990425586700439453e-01 1.000000000000000000e+01
-8.176835060119628906e+00 6.751318573951721191e-01 -7.178146839141845703e-01 2.000000000000000000e+00
-3.432595443725585938e+01 2.858299255371094194e+00 -6.012353897094726562e-01 2.000000000000000000e+01
-2.517888784408568892e+00 2.127607464790343961e-01 -6.770706176757812500e-01 1.400000000000000000e+01
-4.472311782836914062e+01 3.786949872970581055e+00 7.834385037422180176e-01 4.800000000000000000e+01
-2.916527509689331055e+00 2.474709302186965942e-01 -6.757529377937316895e-01 1.400000000000000000e+01
-3.474203824996947798e+00 2.954012155532836914e-01 -6.777535676956176758e-01 1.100000000000000000e+01
-4.483169555664063211e+01 3.819786787033081055e+00 3.936476230621337891e+00 5.400000000000000000e+01
-4.306456565856933594e+00 3.676793277263640802e-01 -6.845571994781494141e-01 1.000000000000000000e+01
-4.487186813354492188e+01 3.838986873626708984e+00 5.529699802398681641e+00 3.800000000000000000e+01
-5.640792369842529297e+00 4.835864901542664129e-01 -6.951427459716796875e-01 1.000000000000000000e+01
-8.162640571594238281e+00 7.012203335762023926e-01 -7.167688012123107910e-01 3.000000000000000000e+00
-1.537174606323242010e+01 1.325931668281554954e+00 -8.085905313491821289e-01 4.000000000000000000e+00
-3.427644348144531250e+01 2.968661546707152876e+00 -6.005373001098632812e-01 1.900000000000000000e+01
-2.515206336975098100e+00 2.213791459798812866e-01 -6.765530109405517578e-01 1.200000000000000000e+01
-4.471759414672852273e+01 3.943742275238037109e+00 7.835781574249267578e-01 4.800000000000000000e+01
-2.921469211578369141e+00 2.581646144390106201e-01 -6.771026849746704102e-01 1.500000000000000000e+01
-3.465329170227050781e+00 3.068340122699738104e-01 -6.762270927429199219e-01 1.100000000000000000e+01
-4.485778045654296875e+01 3.979776859283446822e+00 3.939962625503540039e+00 5.400000000000000000e+01
-4.283503055572509766e+00 3.807854056358336847e-01 -6.811156868934631348e-01 1.000000000000000000e+01
-4.482655715942382812e+01 3.992777824401855025e+00 5.525799751281738281e+00 3.800000000000000000e+01
-5.654887676239013672e+00 5.046852827072143555e-01 -6.970926523208618164e-01 1.000000000000000000e+01
-8.150220870971679688e+00 7.288216948509216309e-01 -7.158972620964050293e-01 2.000000000000000000e+00
-1.536702442169188920e+01 1.379580974578856978e+00 -8.085905313491821289e-01 4.000000000000000000e+00
-3.427782058715820312e+01 3.089367628097534180e+00 -6.007467508316040039e-01 1.900000000000000000e+01
-2.516342163085937944e+00 2.303336113691329956e-01 -6.770706176757812500e-01 1.300000000000000000e+01
-4.475931549072266336e+01 4.104925155639648438e+00 7.845554947853088379e-01 4.800000000000000000e+01
-2.912788152694702148e+00 2.676476240158081055e-01 -6.753030419349670410e-01 1.500000000000000000e+01
-3.483786821365356001e+00 3.207282125949860174e-01 -6.800432801246643066e-01 1.100000000000000000e+01
-4.487535858154296875e+01 4.139263629913330078e+00 3.942751407623291016e+00 5.400000000000000000e+01
-4.284114837646484375e+00 3.959170579910277765e-01 -6.814285516738891602e-01 1.000000000000000000e+01
-4.484792709350585938e+01 4.152521610260009766e+00 5.530187129974365234e+00 3.800000000000000000e+01
-5.625419139862061435e+00 5.218543410301208496e-01 -6.936802864074707031e-01 1.000000000000000000e+01
-8.141675949096679688e+00 7.567136883735656738e-01 -7.153743505477905273e-01 1.000000000000000000e+00
-1.530643367767333984e+01 1.428018689155579057e+00 -8.056597113609313965e-01 4.000000000000000000e+00
-3.434845733642578125e+01 3.216645240783690962e+00 -6.021778583526611328e-01 1.300000000000000000e+01
-2.523215532302856001e+00 2.398471087217330933e-01 -6.791411638259887695e-01 1.600000000000000000e+01
-4.475267410278320312e+01 4.261898040771484375e+00 7.846950888633728027e-01 4.900000000000000000e+01
-2.902136325836182085e+00 2.768881022930145264e-01 -6.730535626411437988e-01 1.400000000000000000e+01
-3.465056896209716797e+00 3.312056958675385077e-01 -6.766086816787719727e-01 1.100000000000000000e+01
-4.482890319824218750e+01 4.292843818664550781e+00 3.939962625503540039e+00 5.400000000000000000e+01
-4.286639690399169922e+00 4.112462997436522882e-01 -6.820542812347412109e-01 1.000000000000000000e+01
-4.485291671752929688e+01 4.310944080352783203e+00 5.532624244689941406e+00 3.800000000000000000e+01
-5.611707687377929688e+00 5.403459668159484863e-01 -6.922178864479064941e-01 1.000000000000000000e+01
-8.127085685729980469e+00 7.839809656143188477e-01 -7.143284678459167480e-01 2.000000000000000000e+00
-1.515822219848632990e+01 1.467581629753113015e+00 -7.981233596801757812e-01 4.000000000000000000e+00
-3.430119323730468750e+01 3.333042860031127930e+00 -6.015495657920837402e-01 2.000000000000000000e+01
-2.520483732223511186e+00 2.480238974094390869e-01 -6.786235570907592773e-01 1.200000000000000000e+01
-4.478605651855468750e+01 4.414988040924072266e+00 7.855328321456909180e-01 4.900000000000000000e+01
-2.901202201843262163e+00 2.865104079246520996e-01 -6.730535626411437988e-01 1.400000000000000000e+01
-3.448309898376464844e+00 3.411481380462645929e-01 -6.735557317733764648e-01 1.000000000000000000e+01
-4.486597061157227273e+01 4.446587085723876953e+00 3.944494724273682085e+00 5.400000000000000000e+01
-4.281320571899414062e+00 4.250687062740325928e-01 -6.814285516738891602e-01 1.000000000000000000e+01
-4.486997985839843750e+01 4.462801456451416016e+00 5.536524295806884766e+00 3.800000000000000000e+01
-5.601983547210693359e+00 5.581648349761962891e-01 -6.912429332733154297e-01 1.000000000000000000e+01
-8.114528656005859375e+00 8.099376559257507324e-01 -7.134569287300109863e-01 2.000000000000000000e+00
-1.515327262878417969e+01 1.517840027809143066e+00 -7.981233596801757812e-01 4.000000000000000000e+00
-3.421036529541016336e+01 3.438771486282349077e+00 -6.001533269882202148e-01 1.900000000000000000e+01
-2.502305507659912109e+00 2.550574541091918945e-01 -6.739647984504699707e-01 1.400000000000000000e+01
-4.479026794433593750e+01 4.573324680328369141e+00 7.858818769454956055e-01 4.900000000000000000e+01
-2.911816358566284180e+00 2.978254556655883789e-01 -6.757529377937316895e-01 1.400000000000000000e+01
-3.449050903320312944e+00 3.533830046653748114e-01 -6.739373803138732910e-01 1.100000000000000000e+01
-4.489774322509766336e+01 4.608053684234619141e+00 3.948678016662598100e+00 5.400000000000000000e+01
-4.275880813598632812e+00 4.396066665649414062e-01 -6.808027625083923340e-01 1.000000000000000000e+01
-4.486992645263671875e+01 4.621026515960693359e+00 5.538474082946777344e+00 7.600000000000000000e+01
-5.615797996520996094e+00 5.793456435203552246e-01 -6.931928396224975586e-01 1.000000000000000000e+01
-8.093815803527832031e+00 8.364144563674926758e-01 -7.118881344795227051e-01 2.000000000000000000e+00
-1.514788150787354049e+01 1.570725560188293013e+00 -7.981233596801757812e-01 4.000000000000000000e+00
-3.426180267333983664e+01 3.564789295196533203e+00 -6.012703180313110352e-01 1.300000000000000000e+01
-2.507163524627685991e+00 2.643983662128447931e-01 -6.755176782608032227e-01 1.400000000000000000e+01
-4.477402877807617188e+01 4.729644298553466797e+00 7.858818769454956055e-01 4.900000000000000000e+01
-2.903007268905640093e+00 3.071675896644591730e-01 -6.739533543586730957e-01 1.400000000000000000e+01
-3.461462736129761186e+00 3.668687343597412109e-01 -6.766086816787719727e-01 1.200000000000000000e+01
-4.484968566894531250e+01 4.761382579803466797e+00 3.945888996124268022e+00 5.400000000000000000e+01
-4.260570049285888672e+00 4.530674219131469727e-01 -6.786127090454101562e-01 9.000000000000000000e+00
-4.487720870971679688e+01 4.780146598815917969e+00 5.541399002075195312e+00 7.600000000000000000e+01
-5.617689132690429688e+00 5.993661284446716309e-01 -6.936802864074707031e-01 1.000000000000000000e+01
-8.086884498596191406e+00 8.642386198043823242e-01 -7.115395069122314453e-01 3.000000000000000000e+00
-1.504301261901854936e+01 1.612945437431335005e+00 -7.928897142410278320e-01 4.000000000000000000e+00
-3.426107788085938211e+01 3.685646772384643999e+00 -6.014797091484069824e-01 1.300000000000000000e+01
-2.498543500900268999e+00 2.723111510276793878e-01 -6.734471321105957031e-01 1.400000000000000000e+01
-4.476122283935546875e+01 4.886339664459229404e+00 7.859516739845275879e-01 4.900000000000000000e+01
-2.899980068206787109e+00 3.170872628688812256e-01 -6.735034584999084473e-01 1.400000000000000000e+01
-3.466015815734862837e+00 3.795904517173767090e-01 -6.777535676956176758e-01 1.100000000000000000e+01
-4.483279037475585938e+01 4.917908191680908203e+00 3.945888996124268022e+00 5.400000000000000000e+01
-4.266817092895507812e+00 4.687997698783875067e-01 -6.798641681671142578e-01 9.000000000000000000e+00
-4.487208938598632812e+01 4.938071250915527344e+00 5.542861461639404297e+00 7.600000000000000000e+01
-5.603724002838134766e+00 6.176669597625732422e-01 -6.922178864479064941e-01 1.000000000000000000e+01
-8.077877044677734375e+00 8.918059468269348145e-01 -7.110165357589721680e-01 3.000000000000000000e+00
-1.493803501129150035e+01 1.654452562332153098e+00 -7.876561284065246582e-01 4.000000000000000000e+00
-3.421223068237304688e+01 3.801243066787720171e+00 -6.008514761924743652e-01 1.300000000000000000e+01
-2.511015892028809038e+00 2.825431227684020996e-01 -6.770706176757812500e-01 1.300000000000000000e+01
-4.477171325683593750e+01 5.045691013336181641e+00 7.864403128623962402e-01 4.900000000000000000e+01
-2.893046379089355025e+00 3.265524208545684814e-01 -6.721537709236145020e-01 1.500000000000000000e+01
-3.449063062667847124e+00 3.899224400520325262e-01 -6.747006177902221680e-01 1.100000000000000000e+01
-4.484702682495117188e+01 5.077960491180419922e+00 3.948678016662598100e+00 5.400000000000000000e+01
-4.269080162048339844e+00 4.841360747814177912e-01 -6.804898977279663086e-01 9.000000000000000000e+00
-4.487232971191406250e+01 5.096690177917479581e+00 5.545054912567138672e+00 7.700000000000000000e+01
-5.589699745178222656e+00 6.358776092529296875e-01 -6.907554268836975098e-01 1.000000000000000000e+01
-8.080654144287109375e+00 9.206742048263549805e-01 -7.115395069122314453e-01 2.000000000000000000e+00
-1.493216896057129084e+01 1.706585884094238059e+00 -7.876561284065246582e-01 4.000000000000000000e+00
-3.418286132812500000e+01 3.918820858001708984e+00 -6.005722284317016602e-01 1.300000000000000000e+01
-2.508095264434814009e+00 2.910837829113007147e-01 -6.765530109405517578e-01 1.500000000000000000e+01
-4.479355621337891336e+01 5.206560611724854404e+00 7.871384620666503906e-01 4.900000000000000000e+01
-2.905438423156737837e+00 3.382264077663422186e-01 -6.753030419349670410e-01 1.300000000000000000e+01
-3.447680950164794922e+00 4.019595384597777765e-01 -6.747006177902221680e-01 1.200000000000000000e+01
-4.490027236938477273e+01 5.242793560028076172e+00 3.954953193664550781e+00 5.400000000000000000e+01
-4.267364025115966797e+00 4.990350008010864258e-01 -6.804898977279663086e-01 9.000000000000000000e+00
-4.486806869506835938e+01 5.254909038543701172e+00 5.546761512756347656e+00 7.700000000000000000e+01
-5.591389179229736328e+00 6.558479070663452148e-01 -6.912429332733154297e-01 1.000000000000000000e+01
-8.063539505004882812e+00 9.472481608390808105e-01 -7.103192806243896484e-01 2.000000000000000000e+00
-1.492612075805664062e+01 1.758698463439940962e+00 -7.876561284065246582e-01 4.000000000000000000e+00
-3.414514160156250000e+01 4.035301208496093750e+00 -6.001533269882202148e-01 1.900000000000000000e+01
-2.487778186798096147e+00 2.984112203121184748e-01 -6.713765859603881836e-01 1.500000000000000000e+01
-4.479705810546875000e+01 5.381378650665283203e+00 7.875573039054870605e-01 4.900000000000000000e+01
-2.900248765945435014e+00 3.489144444465637207e-01 -6.744032502174377441e-01 1.400000000000000000e+01
-3.444162845611571822e+00 4.149598479270935059e-01 -6.743189692497253418e-01 1.200000000000000000e+01
-4.483233642578125000e+01 5.409430980682373047e+00 3.950769901275635210e+00 5.400000000000000000e+01
-4.259533405303955078e+00 5.147058963775634766e-01 -6.795513033866882324e-01 1.000000000000000000e+01
-4.486135482788085938e+01 5.428820610046386719e+00 5.548467636108398438e+00 7.700000000000000000e+01
-5.586858749389648438e+00 6.770735979080200195e-01 -6.909991502761840820e-01 8.000000000000000000e+00
-8.006440162658691406e+00 9.717215299606323242e-01 -7.056128978729248047e-01 2.000000000000000000e+00
-3.413733673095703125e+01 4.167348384857177734e+00 -6.002929806709289551e-01 1.900000000000000000e+01
-2.507811546325684038e+00 3.096978664398192804e-01 -6.770706176757812500e-01 1.600000000000000000e+01
-4.477006149291992188e+01 5.536735057830811435e+00 7.874176502227783203e-01 4.900000000000000000e+01
-2.893211364746094194e+00 3.583175241947174072e-01 -6.730535626411437988e-01 1.300000000000000000e+01
-3.438796758651732954e+00 4.264964163303375244e-01 -6.735557317733764648e-01 1.100000000000000000e+01
-4.488831329345703125e+01 5.575223922729492188e+00 3.957393646240233931e+00 5.400000000000000000e+01
-4.253790378570556641e+00 5.290836691856384277e-01 -6.789255738258361816e-01 1.000000000000000000e+01
-4.485198211669921875e+01 5.586609363555908203e+00 5.549685955047607422e+00 7.700000000000000000e+01
-5.582491397857666016e+00 6.963255405426025391e-01 -6.907554268836975098e-01 1.000000000000000000e+01
-8.030677795410156250e+00 1.003120660781859907e+00 -7.080532312393188477e-01 2.000000000000000000e+00
-3.413845443725585938e+01 4.288478374481201172e+00 -6.005722284317016602e-01 1.900000000000000000e+01
-2.499160051345825195e+00 3.166036605834960938e-01 -6.750000715255737305e-01 1.500000000000000000e+01
-4.479608917236328125e+01 5.682893276214599609e+00 7.881855964660644531e-01 4.900000000000000000e+01
-2.888204813003540039e+00 3.669138252735137939e-01 -6.721537709236145020e-01 1.300000000000000000e+01
-3.439387559890747070e+00 4.375453591346740723e-01 -6.739373803138732910e-01 1.200000000000000000e+01
-4.487057876586914062e+01 5.716216564178466797e+00 3.957393646240233931e+00 5.400000000000000000e+01
-4.242309570312500000e+00 5.411947965621948242e-01 -6.773612499237060547e-01 9.000000000000000000e+00
-4.486965179443358664e+01 5.732016086578369141e+00 5.554073333740234375e+00 7.700000000000000000e+01
-5.572400093078613281e+00 7.128524184226989746e-01 -6.897804737091064453e-01 1.000000000000000000e+01
-8.017605781555175781e+00 1.027078986167907937e+00 -7.071816921234130859e-01 2.000000000000000000e+00
-1.470878696441650035e+01 1.889457941055298074e+00 -7.771889567375183105e-01 4.000000000000000000e+00
-3.407721328735352273e+01 4.389574527740479404e+00 -5.997344851493835449e-01 1.300000000000000000e+01
-2.511449337005614790e+00 3.270718157291411798e-01 -6.786235570907592773e-01 1.600000000000000000e+01
-4.480374145507813211e+01 5.842846393585205078e+00 7.886742353439331055e-01 4.900000000000000000e+01
-2.879177093505858931e+00 3.759839534759520929e-01 -6.703541278839111328e-01 1.200000000000000000e+01
-3.430052518844604048e+00 4.485301673412322998e-01 -6.724109053611755371e-01 1.100000000000000000e+01
-4.488986206054688211e+01 5.877983093261718750e+00 3.960879802703856978e+00 5.400000000000000000e+01
-4.248229026794433594e+00 5.570271611213684082e-01 -6.786127090454101562e-01 9.000000000000000000e+00
-4.486708450317382812e+01 5.890931606292724609e+00 5.556267261505126953e+00 7.700000000000000000e+01
-5.546259880065917969e+00 7.291942238807678223e-01 -6.868556141853332520e-01 1.000000000000000000e+01
-8.023848533630371094e+00 1.056359648704529031e+00 -7.080532312393188477e-01 2.000000000000000000e+00
-1.470210266113281072e+01 1.940789699554442915e+00 -7.771889567375183105e-01 4.000000000000000000e+00
-3.402203369140625000e+01 4.503251552581787109e+00 -5.990363955497741699e-01 1.900000000000000000e+01
-2.498803615570067915e+00 3.342994153499603271e-01 -6.755176782608032227e-01 1.400000000000000000e+01
-4.481082153320313211e+01 6.002922534942626953e+00 7.891629338264465332e-01 4.900000000000000000e+01
-2.891367435455321822e+00 3.878454566001892090e-01 -6.735034584999084473e-01 1.200000000000000000e+01
-3.412899732589722124e+00 4.584097266197205145e-01 -6.693579554557800293e-01 1.100000000000000000e+01
-4.486906814575195312e+01 6.034642219543457031e+00 3.960879802703856978e+00 5.400000000000000000e+01
-4.250174045562744141e+00 5.723801851272583008e-01 -6.792384386062622070e-01 9.000000000000000000e+00
-4.490133285522460938e+01 6.054938793182373047e+00 5.563091754913330078e+00 7.700000000000000000e+01
-5.539746284484863281e+00 7.480185627937316895e-01 -6.863681674003601074e-01 1.000000000000000000e+01
-7.984572410583496094e+00 1.079556584358215110e+00 -7.049156427383422852e-01 2.000000000000000000e+00
-1.469523811340332031e+01 1.992097735404968040e+00 -7.771889567375183105e-01 4.000000000000000000e+00
-3.398629379272460938e+01 4.619289875030517578e+00 -5.986873507499694824e-01 1.900000000000000000e+01
-2.486138105392456055e+00 3.414427340030670166e-01 -6.724118590354919434e-01 1.500000000000000000e+01
-4.480147933959960938e+01 6.160939216613770419e+00 7.893723249435424805e-01 4.900000000000000000e+01
-2.895787477493286133e+00 3.987333178520203192e-01 -6.748531460762023926e-01 1.200000000000000000e+01
-4.492587280273438211e+01 6.186035156250000000e+00 2.376680374145507812e+00 3.500000000000000000e+01
-3.422947883605957031e+00 4.719290435314177912e-01 -6.716476678848266602e-01 1.200000000000000000e+01
-4.483194351196289062e+01 6.189047813415527344e+00 3.959485292434691939e+00 5.400000000000000000e+01
-4.238366603851318359e+00 5.858601927757263184e-01 -6.776741147041320801e-01 7.000000000000000000e+00
-4.490351867675781250e+01 6.214902877807617188e+00 5.566016674041748047e+00 7.800000000000000000e+01
-5.552832126617431641e+00 7.695313096046447754e-01 -6.883180737495422363e-01 1.000000000000000000e+01
-7.957073688507080078e+00 1.104135155677794966e+00 -7.028239369392395020e-01 1.000000000000000000e+00
-3.399372863769531250e+01 4.741210937500000000e+00 -5.991061925888061523e-01 1.900000000000000000e+01
-2.496408939361571822e+00 3.517360687255858820e-01 -6.755176782608032227e-01 1.600000000000000000e+01
-4.480346298217772727e+01 6.320640087127686435e+00 7.897912263870239258e-01 4.900000000000000000e+01
-2.886659622192382812e+00 4.077488183975219727e-01 -6.730535626411437988e-01 1.300000000000000000e+01
-4.483281326293945312e+01 6.332761287689208984e+00 2.372912168502808061e+00 3.500000000000000000e+01
-3.417392015457152876e+00 4.833246171474456787e-01 -6.708844304084777832e-01 1.200000000000000000e+01
-4.484951782226563211e+01 6.351089954376220703e+00 3.962971687316894975e+00 5.400000000000000000e+01
-4.226516246795654297e+00 5.992647409439086914e-01 -6.761097311973571777e-01 9.000000000000000000e+00
-4.489923858642578125e+01 6.374118804931640625e+00 5.568210124969482422e+00 7.800000000000000000e+01
-5.540285587310791016e+00 7.875128388404846191e-01 -6.870993375778198242e-01 1.200000000000000000e+01
-7.949225902557373047e+00 1.131342411041259988e+00 -7.024753093719482422e-01 2.000000000000000000e+00
-1.448324871063232067e+01 2.066429853439331055e+00 -7.667217850685119629e-01 4.000000000000000000e+00
-3.400072479248046875e+01 4.863240242004395419e+00 -5.995250940322875977e-01 1.900000000000000000e+01
-2.495165824890137163e+00 3.604480028152465820e-01 -6.755176782608032227e-01 1.500000000000000000e+01
-4.478112792968750000e+01 6.476994991302490234e+00 7.897912263870239258e-01 4.900000000000000000e+01
-2.864003896713256836e+00 4.147504568099976141e-01 -6.681046485900878906e-01 1.200000000000000000e+01
-4.483810806274414062e+01 6.493226051330566406e+00 2.374377727508544922e+00 3.500000000000000000e+01
-3.429284572601317915e+00 4.972226023674011230e-01 -6.735557317733764648e-01 1.200000000000000000e+01
-4.484284973144531250e+01 6.509895324707031250e+00 3.964366197586060014e+00 5.400000000000000000e+01
-4.228308677673339844e+00 6.145825982093811035e-01 -6.767355203628540039e-01 9.000000000000000000e+00
-4.489046859741210938e+01 6.532808780670166016e+00 5.569916248321533203e+00 7.800000000000000000e+01
-5.535538196563720703e+00 8.065610527992248535e-01 -6.868556141853332520e-01 1.200000000000000000e+01
-7.972829818725585938e+00 1.163110017776489036e+00 -7.049156427383422852e-01 2.000000000000000000e+00
-3.396771621704102273e+01 4.979574680328369141e+00 -5.992458462715148926e-01 1.900000000000000000e+01
-2.499625682830810991e+00 3.700042068958281916e-01 -6.770706176757812500e-01 1.500000000000000000e+01
-4.478989410400391336e+01 6.637961387634277344e+00 7.903496623039245605e-01 4.900000000000000000e+01
-2.870249271392821822e+00 4.258892536163330078e-01 -6.699042320251464844e-01 1.300000000000000000e+01
-4.483097076416016336e+01 6.652045726776123047e+00 2.375215053558350053e+00 3.500000000000000000e+01
-3.413934469223022017e+00 5.071705579757690430e-01 -6.708844304084777832e-01 1.200000000000000000e+01
-4.485926818847656250e+01 6.672248840332031250e+00 3.967852354049683061e+00 5.400000000000000000e+01
-4.218322277069091797e+00 6.281746029853820801e-01 -6.754840016365051270e-01 9.000000000000000000e+00
-4.489683914184570312e+01 6.693856716156005859e+00 5.573572635650634766e+00 7.800000000000000000e+01
-5.522872447967529297e+00 8.244134187698364258e-01 -6.856369376182556152e-01 1.200000000000000000e+01
-7.976603031158447266e+00 1.192111372947693093e+00 -7.056128978729248047e-01 1.000000000000000000e+00
-3.395605850219727273e+01 5.099004745483398438e+00 -5.993505716323852539e-01 1.900000000000000000e+01
-2.490678787231444868e+00 3.775690793991088867e-01 -6.750000715255737305e-01 1.400000000000000000e+01
-4.479017639160156250e+01 6.797867298126220703e+00 7.907685637474060059e-01 5.000000000000000000e+01
-2.872598409652709961e+00 4.364911913871765137e-01 -6.708040237426757812e-01 1.100000000000000000e+01
-4.484696960449218750e+01 6.814495086669921875e+00 2.377308368682860884e+00 3.500000000000000000e+01
-3.406320571899414062e+00 5.181984901428222656e-01 -6.697395443916320801e-01 1.200000000000000000e+01
-4.486721801757813211e+01 6.833596229553222656e+00 3.970641374588013139e+00 5.400000000000000000e+01
-4.227820396423339844e+00 6.446821093559265137e-01 -6.773612499237060547e-01 9.000000000000000000e+00
-4.487123870849608664e+01 6.850235462188720703e+00 5.573328971862792969e+00 7.800000000000000000e+01
-5.498375892639160156e+00 8.403876423835754395e-01 -6.829558014869689941e-01 1.000000000000000000e+01
-7.952698707580566406e+00 1.216933846473694070e+00 -7.038697600364685059e-01 1.000000000000000000e+00
-3.395188903808593750e+01 5.219629287719726562e+00 -5.995948910713195801e-01 1.300000000000000000e+01
-2.485527515411376953e+00 3.856684565544127863e-01 -6.739647984504699707e-01 1.500000000000000000e+01
-4.480964660644531250e+01 6.960926055908203125e+00 7.915364503860473633e-01 5.000000000000000000e+01
-2.874908447265625000e+00 4.471147358417510986e-01 -6.717038750648498535e-01 1.400000000000000000e+01
-4.482169342041016336e+01 6.978821754455566406e+00 2.377308368682860884e+00 3.500000000000000000e+01
-3.402550935745238814e+00 5.297836065292358398e-01 -6.693579554557800293e-01 1.200000000000000000e+01
-4.486671447753906250e+01 6.993852615356445312e+00 3.972733020782471147e+00 5.400000000000000000e+01
-4.225544452667236328e+00 6.594360470771789551e-01 -6.773612499237060547e-01 9.000000000000000000e+00
-4.487647247314453125e+01 7.011420249938964844e+00 5.576984882354736328e+00 7.800000000000000000e+01
-5.499331474304199219e+00 8.601889610290527344e-01 -6.834432482719421387e-01 1.200000000000000000e+01
-7.905097484588623047e+00 1.237905263900757058e+00 -7.000349164009094238e-01 1.000000000000000000e+00
-3.392555999755858664e+01 5.336868762969970703e+00 -5.994552373886108398e-01 1.300000000000000000e+01
-2.480350255966186968e+00 3.937364518642426092e-01 -6.729295253753662109e-01 1.600000000000000000e+01
-4.480482482910156250e+01 7.120437145233154297e+00 7.918854951858520508e-01 5.000000000000000000e+01
-2.869481086730957031e+00 4.565349221229553223e-01 -6.708040237426757812e-01 1.100000000000000000e+01
-4.483256149291992188e+01 7.140891075134277344e+00 2.379192590713500977e+00 3.500000000000000000e+01
-3.408436298370360884e+00 5.428927540779113770e-01 -6.708844304084777832e-01 1.200000000000000000e+01
-4.489712142944335938e+01 7.159208774566650391e+00 3.977613687515258789e+00 5.400000000000000000e+01
-4.192006111145020419e+00 6.691995263099670410e-01 -6.723553538322448730e-01 1.000000000000000000e+01
-4.488113021850585938e+01 7.172724723815917969e+00 5.580640792846679688e+00 7.800000000000000000e+01
-5.513936519622802734e+00 8.822025060653686523e-01 -6.856369376182556152e-01 1.200000000000000000e+01
-7.904662609100341797e+00 1.266121864318848100e+00 -7.003835439682006836e-01 1.000000000000000000e+00
-1.431877040863036932e+01 2.298622131347655806e+00 -7.600227594375610352e-01 4.000000000000000000e+00
-3.388698196411132812e+01 5.452082157135009766e+00 -5.991061925888061523e-01 1.300000000000000000e+01
-2.484681367874145952e+00 4.033206999301909845e-01 -6.744824051856994629e-01 1.500000000000000000e+01
-4.481522369384766336e+01 7.282565116882324219e+00 7.925137877464294434e-01 5.000000000000000000e+01
-2.854405879974364790e+00 4.643581211566925049e-01 -6.676547527313232422e-01 1.300000000000000000e+01
-4.484679031372070312e+01 7.303763389587402344e+00 2.381285905838013139e+00 3.500000000000000000e+01
-3.398769617080688032e+00 5.535247921943664551e-01 -6.693579554557800293e-01 1.200000000000000000e+01
-4.489545440673828125e+01 7.319732666015625000e+00 3.979705572128295898e+00 5.400000000000000000e+01
-4.195493221282958984e+00 6.847829222679138184e-01 -6.732939481735229492e-01 1.000000000000000000e+01
-4.487736892700195312e+01 7.332866668701171875e+00 5.583322048187255859e+00 7.900000000000000000e+01
-5.501028060913085938e+00 8.998420834541320801e-01 -6.844182610511779785e-01 1.000000000000000000e+01
-7.888397693634033203e+00 1.291774749755858931e+00 -6.993376612663269043e-01 1.000000000000000000e+00
-3.389536666870117188e+01 5.574880123138427734e+00 -5.995948910713195801e-01 1.300000000000000000e+01
-2.485164165496826172e+00 4.123075902462006170e-01 -6.750000715255737305e-01 1.500000000000000000e+01
-4.479742050170897727e+01 7.440265655517578125e+00 7.926533818244934082e-01 5.000000000000000000e+01
-2.856612205505371094e+00 4.749582707881926935e-01 -6.685545444488525391e-01 1.200000000000000000e+01
-4.480131912231445312e+01 7.456984043121337891e+00 2.380239248275756836e+00 3.500000000000000000e+01
-3.392943382263184038e+00 5.647406578063964844e-01 -6.685947179794311523e-01 1.200000000000000000e+01
-4.488142013549804688e+01 7.478367328643798828e+00 3.980751276016234907e+00 5.400000000000000000e+01
-4.195025920867919922e+00 6.997487545013427734e-01 -6.736068129539489746e-01 9.000000000000000000e+00
-4.486324691772460938e+01 7.491435050964354581e+00 5.584784507751464844e+00 7.900000000000000000e+01
-5.486106395721436435e+00 9.170750379562377930e-01 -6.829558014869689941e-01 1.200000000000000000e+01
-7.895630836486816406e+00 1.321275472640990989e+00 -7.003835439682006836e-01 2.000000000000000000e+00
-1.423146343231200994e+01 2.386637210845946822e+00 -7.562545537948608398e-01 4.000000000000000000e+00
-3.378104400634766336e+01 5.677254676818847656e+00 -5.979194641113281250e-01 1.300000000000000000e+01
-2.476091146469116211e+00 4.196885526180266779e-01 -6.729295253753662109e-01 1.500000000000000000e+01
-4.477511978149414062e+01 7.597261428833007812e+00 7.927231788635253906e-01 5.000000000000000000e+01
-2.866464138031005859e+00 4.868848025798798163e-01 -6.712539196014404297e-01 1.300000000000000000e+01
-4.483802413940429688e+01 7.624038219451904297e+00 2.383588790893555132e+00 3.600000000000000000e+01
-3.389015913009643999e+00 5.762516856193542480e-01 -6.682131290435791016e-01 1.200000000000000000e+01
-4.491003799438477273e+01 7.644348144531250000e+00 3.985632181167602983e+00 5.400000000000000000e+01
-4.198399543762207031e+00 7.153832912445068359e-01 -6.745454072952270508e-01 1.000000000000000000e+01
-4.485247802734375000e+01 7.650661468505859375e+00 5.586734294891357422e+00 7.900000000000000000e+01
-5.473087787628173828e+00 9.345489144325256348e-01 -6.817371249198913574e-01 1.200000000000000000e+01
-7.855620384216308594e+00 1.342785835266113059e+00 -6.972459554672241211e-01 1.000000000000000000e+00
-1.422304534912109020e+01 2.436299800872803178e+00 -7.562545537948608398e-01 4.000000000000000000e+00
-3.383985519409179688e+01 5.808670043945313388e+00 -5.993156433105468750e-01 6.000000000000000000e+00
-2.466996908187866211e+00 4.270112514495850164e-01 -6.708589792251586914e-01 1.500000000000000000e+01
-4.481137847900391336e+01 7.764434337615966797e+00 7.938401699066162109e-01 5.000000000000000000e+01
-2.864747285842895952e+00 4.968876540660858154e-01 -6.712539196014404297e-01 1.300000000000000000e+01
-4.482688140869141336e+01 7.783238887786865234e+00 2.384426116943358931e+00 3.600000000000000000e+01
-3.383115291595458984e+00 5.874063372611999512e-01 -6.674498915672302246e-01 1.200000000000000000e+01
-4.491056442260742188e+01 7.805843353271484375e+00 3.988072395324707031e+00 5.400000000000000000e+01
-4.184199810028076172e+00 7.280024290084838867e-01 -6.726682186126708984e-01 1.000000000000000000e+01
-4.489590072631835938e+01 7.819441318511962891e+00 5.595509052276611328e+00 7.900000000000000000e+01
-5.481525897979736328e+00 9.556935429573059082e-01 -6.831995248794555664e-01 1.200000000000000000e+01
-7.854810714721679688e+00 1.370883941650391069e+00 -6.975945830345153809e-01 1.000000000000000000e+00
-1.421445465087890980e+01 2.485932588577270952e+00 -7.562545537948608398e-01 4.000000000000000000e+00
-3.383512878417968750e+01 5.929519176483154297e+00 -5.995948910713195801e-01 1.300000000000000000e+01
-2.461762428283690962e+00 4.345181584358214777e-01 -6.698237061500549316e-01 1.600000000000000000e+01
-4.478538513183593750e+01 7.912991523742675781e+00 7.938401699066162109e-01 5.000000000000000000e+01
-2.851570129394530806e+00 5.043483972549438477e-01 -6.685545444488525391e-01 1.300000000000000000e+01
-4.483622360229492188e+01 7.938115119934082031e+00 2.386310338973999023e+00 3.600000000000000000e+01
-3.390814542770386186e+00 6.003332734107971191e-01 -6.693579554557800293e-01 1.200000000000000000e+01
-4.487266159057617188e+01 7.952642917633056641e+00 3.987026691436768022e+00 5.400000000000000000e+01
-4.181762695312500000e+00 7.418737411499023438e-01 -6.726682186126708984e-01 1.000000000000000000e+01
-4.489904403686522727e+01 7.973484992980957031e+00 5.599164962768554688e+00 7.900000000000000000e+01
-5.476371765136718750e+00 9.735182523727416992e-01 -6.829558014869689941e-01 1.200000000000000000e+01
-7.842375278472900391e+00 1.395527720451354980e+00 -6.968973278999328613e-01 1.000000000000000000e+00
-3.368142318725585938e+01 6.017771720886229581e+00 -5.972213745117187500e-01 1.300000000000000000e+01
-2.469737052917480025e+00 4.448208510875701904e-01 -6.724118590354919434e-01 1.500000000000000000e+01
-4.478110504150391336e+01 8.073531150817871094e+00 7.942590117454528809e-01 5.000000000000000000e+01
-2.845956563949584961e+00 5.136069655418395996e-01 -6.676547527313232422e-01 1.200000000000000000e+01
-4.481217193603516336e+01 8.095284461975097656e+00 2.386519670486450195e+00 3.600000000000000000e+01
-3.388698339462279829e+00 6.121657490730285645e-01 -6.693579554557800293e-01 1.100000000000000000e+01
-4.487991714477539062e+01 8.115611076354980469e+00 3.990164279937744141e+00 5.400000000000000000e+01
-4.169428825378417969e+00 7.547070980072021484e-01 -6.711038351058959961e-01 9.000000000000000000e+00
-4.486898422241210938e+01 8.129809379577636719e+00 5.598921298980712891e+00 7.900000000000000000e+01
-5.455361366271972656e+00 9.894401431083679199e-01 -6.807621717453002930e-01 1.200000000000000000e+01
-7.825694084167479581e+00 1.420758724212646040e+00 -6.958514451980590820e-01 1.000000000000000000e+00
-1.407144355773925959e+01 2.559751749038695845e+00 -7.495555877685546875e-01 4.000000000000000000e+00
-3.375070571899414062e+01 6.151799678802490234e+00 -5.988269448280334473e-01 1.300000000000000000e+01
-2.471889972686768022e+00 4.545686841011046808e-01 -6.734471321105957031e-01 1.400000000000000000e+01
-4.481414413452147727e+01 8.249192237854003906e+00 7.953759431838989258e-01 5.000000000000000000e+01
-2.842138528823852983e+00 5.236813426017761230e-01 -6.672048568725585938e-01 1.200000000000000000e+01
-4.483327102661132812e+01 8.268893241882324219e+00 2.389240980148314986e+00 3.600000000000000000e+01
-3.374847888946533203e+00 6.224452853202819824e-01 -6.670682430267333984e-01 1.100000000000000000e+01
-4.487338256835938211e+01 8.284390449523925781e+00 3.992255926132202148e+00 5.400000000000000000e+01
-4.164692401885986328e+00 7.696247696876525879e-01 -6.707909703254699707e-01 1.000000000000000000e+01
-4.486426162719727273e+01 8.298901557922363281e+00 5.602089881896972656e+00 7.900000000000000000e+01
-5.445842266082763672e+00 1.008344173431396040e+00 -6.800309419631958008e-01 1.200000000000000000e+01
-7.804762363433837891e+00 1.446527123451232910e+00 -6.944569349288940430e-01 1.000000000000000000e+00
-1.399127388000487926e+01 2.598181486129761186e+00 -7.457873821258544922e-01 4.000000000000000000e+00
-3.373579406738281250e+01 6.276924133300781250e+00 -5.989665985107421875e-01 1.300000000000000000e+01
-2.472187042236328125e+00 4.635504484176635742e-01 -6.739647984504699707e-01 1.500000000000000000e+01
-4.480473327636718750e+01 8.409261703491210938e+00 7.957250475883483887e-01 5.000000000000000000e+01
-2.844123840332030806e+00 5.343186855316162109e-01 -6.681046485900878906e-01 1.200000000000000000e+01
-4.482376098632813211e+01 8.429031372070312500e+00 2.390287876129149947e+00 3.600000000000000000e+01
-3.366866111755371094e+00 6.331334114074707031e-01 -6.659234166145324707e-01 1.200000000000000000e+01
-4.486768722534179688e+01 8.445400238037109375e+00 3.994347572326660156e+00 5.400000000000000000e+01
-4.163921356201171875e+00 7.845233082771301270e-01 -6.711038351058959961e-01 1.000000000000000000e+01
-4.489548873901367188e+01 8.466860771179199219e+00 5.609645843505859375e+00 8.000000000000000000e+01
-5.442289352416992188e+00 1.027347564697266069e+00 -6.800309419631958008e-01 1.000000000000000000e+01
-7.791834354400634766e+00 1.472282409667968972e+00 -6.937597393989562988e-01 1.000000000000000000e+00
-1.398211956024169922e+01 2.647004127502440962e+00 -7.457873821258544922e-01 4.000000000000000000e+00
-3.374118423461914062e+01 6.399862766265869141e+00 -5.994552373886108398e-01 1.900000000000000000e+01
-2.455455541610718218e+00 4.688473939895629883e-01 -6.698237061500549316e-01 1.600000000000000000e+01
-4.479624176025391336e+01 8.561547279357910156e+00 7.960740923881530762e-01 5.000000000000000000e+01
-2.848078250885010210e+00 5.448456406593322754e-01 -6.694543361663818359e-01 1.300000000000000000e+01
-4.482695007324218750e+01 8.583636283874511719e+00 2.391962528228760210e+00 3.600000000000000000e+01
-3.366676330566405806e+00 6.446641087532043457e-01 -6.663050055503845215e-01 1.100000000000000000e+01
-4.486682891845703125e+01 8.599390983581542969e+00 3.996788024902344194e+00 5.400000000000000000e+01
-4.155477046966552734e+00 7.972105145454406738e-01 -6.701652407646179199e-01 1.000000000000000000e+01
-4.489445877075195312e+01 8.620934486389160156e+00 5.613058090209960938e+00 8.000000000000000000e+01
-5.438852787017822266e+00 1.045389175415039062e+00 -6.800309419631958008e-01 1.000000000000000000e+01
-7.755605220794677734e+00 1.492090344429015891e+00 -6.909707188606262207e-01 1.000000000000000000e+00
-3.362945938110352273e+01 6.494276046752929688e+00 -5.978496074676513672e-01 1.900000000000000000e+01
-2.451907873153686968e+00 4.770467281341552734e-01 -6.693060398101806641e-01 1.500000000000000000e+01
-4.481319046020507812e+01 8.727036476135253906e+00 7.969117760658264160e-01 5.100000000000000000e+01
-2.840420961380004883e+00 5.536654591560363770e-01 -6.681046485900878906e-01 1.300000000000000000e+01
-4.485160064697266336e+01 8.750767707824707031e+00 2.394893407821654829e+00 3.600000000000000000e+01
-3.370186328887939009e+00 6.575399041175842285e-01 -6.674498915672302246e-01 1.200000000000000000e+01
-4.484827041625977273e+01 8.758243560791015625e+00 3.997833967208861861e+00 5.400000000000000000e+01
-4.135221004486083984e+00 8.083004355430603027e-01 -6.673493981361389160e-01 9.000000000000000000e+00
-4.488747024536132812e+01 8.782166481018066406e+00 5.615983009338378906e+00 8.000000000000000000e+01
-5.439066886901854581e+00 1.065130949020385964e+00 -6.805183887481689453e-01 1.000000000000000000e+01
-7.742528915405273438e+00 1.517620444297790971e+00 -6.902734637260437012e-01 1.000000000000000000e+00
-3.357126617431641336e+01 6.604677200317382812e+00 -5.972213745117187500e-01 1.300000000000000000e+01
-2.459702730178833008e+00 4.874803721904755194e-01 -6.718942523002624512e-01 1.500000000000000000e+01
-4.480599212646483664e+01 8.888079643249511719e+00 7.973306179046630859e-01 5.100000000000000000e+01
-2.830825090408325195e+00 5.620589852333068848e-01 -6.663050055503845215e-01 1.400000000000000000e+01
-4.484037017822266336e+01 8.911169052124023438e+00 2.395940065383911133e+00 3.600000000000000000e+01
-3.367870569229125977e+00 6.693000793457031250e-01 -6.674498915672302246e-01 1.200000000000000000e+01
-4.487604904174804688e+01 8.926401138305664062e+00 4.003063201904296875e+00 5.400000000000000000e+01
-4.132374286651611328e+00 8.227301239967346191e-01 -6.673493981361389160e-01 9.000000000000000000e+00
-4.490521240234375000e+01 8.948497772216796875e+00 5.622076511383056641e+00 8.100000000000000000e+01
-5.427528381347656250e+00 1.082557201385498047e+00 -6.795434355735778809e-01 1.000000000000000000e+01
-7.733276367187500000e+00 1.543857574462891069e+00 -6.899248361587524414e-01 1.000000000000000000e+00
-1.375827407836914062e+01 2.751671791076660156e+00 -7.353202104568481445e-01 4.000000000000000000e+00
-3.368133544921875000e+01 6.748537063598632812e+00 -5.995948910713195801e-01 6.000000000000000000e+00
-2.465560674667357954e+00 4.975920617580413818e-01 -6.739647984504699707e-01 1.500000000000000000e+01
-4.480605697631835938e+01 9.050763130187988281e+00 7.978891134262084961e-01 5.100000000000000000e+01
-2.823115825653076172e+00 5.707784295082092285e-01 -6.649553179740905762e-01 1.200000000000000000e+01
-4.481682205200195312e+01 9.069221496582031250e+00 2.396358728408813032e+00 3.600000000000000000e+01
-3.359740972518920898e+00 6.798838376998901367e-01 -6.663050055503845215e-01 1.200000000000000000e+01
-4.488757705688477273e+01 9.091694831848144531e+00 4.006897926330566406e+00 5.400000000000000000e+01
-4.139157295227050781e+00 8.391121625900268555e-01 -6.689137816429138184e-01 1.000000000000000000e+01
-4.487175750732421875e+01 9.104797363281250000e+00 5.621832847595214844e+00 8.100000000000000000e+01
-5.413990020751953125e+00 1.099520802497863992e+00 -6.783247590065002441e-01 1.200000000000000000e+01
-7.696600914001464844e+00 1.564492225646973100e+00 -6.871358752250671387e-01 2.000000000000000000e+00
-1.374858474731444957e+01 2.799680233001708984e+00 -7.353202104568481445e-01 4.000000000000000000e+00
-3.368108749389647727e+01 6.870862007141113281e+00 -6.000137329101562500e-01 1.300000000000000000e+01
-2.452454805374145952e+00 5.038627386093139648e-01 -6.708589792251586914e-01 1.600000000000000000e+01
-4.481727981567382812e+01 9.215970993041992188e+00 7.986570000648498535e-01 5.100000000000000000e+01
-2.830649852752685991e+00 5.825936794281005859e-01 -6.672048568725585938e-01 1.300000000000000000e+01
-4.482171630859375000e+01 9.225036621093750000e+00 2.398242950439453125e+00 3.600000000000000000e+01
-3.351578712463378906e+00 6.904190778732299805e-01 -6.651601791381835938e-01 1.200000000000000000e+01
-4.493752288818358664e+01 9.265223503112792969e+00 4.014219284057617188e+00 5.400000000000000000e+01
-4.140071868896484375e+00 8.543538451194763184e-01 -6.695395112037658691e-01 1.000000000000000000e+01
-4.493690490722656250e+01 9.281450271606445312e+00 5.634019851684570312e+00 4.000000000000000000e+01
-5.404286861419677734e+00 1.117206811904907005e+00 -6.775935292243957520e-01 1.000000000000000000e+01
-7.704750061035156250e+00 1.594174742698668990e+00 -6.883560419082641602e-01 2.000000000000000000e+00
-1.373872852325438920e+01 2.847654819488524947e+00 -7.353202104568481445e-01 4.000000000000000000e+00
-3.365298080444335938e+01 6.987576007843017578e+00 -5.999439358711242676e-01 1.300000000000000000e+01
-2.439335346221923828e+00 5.100480318069458008e-01 -6.677531599998474121e-01 1.600000000000000000e+01
-4.478483963012695312e+01 9.372356414794921875e+00 7.986570000648498535e-01 5.100000000000000000e+01
-2.838135719299315962e+00 5.944684743881225586e-01 -6.694543361663818359e-01 1.300000000000000000e+01
-3.347226619720458984e+00 7.017112374305725098e-01 -6.647785305976867676e-01 1.200000000000000000e+01
-4.121598720550537109e+00 8.655523657798767090e-01 -6.670365333557128906e-01 1.000000000000000000e+01
-5.402296543121337891e+00 1.136473059654236062e+00 -6.778373122215270996e-01 1.200000000000000000e+01
-7.662095546722412109e+00 1.613260149955749956e+00 -6.850441098213195801e-01 2.000000000000000000e+00
-1.372870445251465021e+01 2.895594596862792969e+00 -7.353202104568481445e-01 4.000000000000000000e+00
-3.362838745117188211e+01 7.105004310607910156e+00 -5.999439358711242676e-01 1.300000000000000000e+01
-2.437540054321289062e+00 5.185598134994506836e-01 -6.677531599998474121e-01 1.500000000000000000e+01
-2.830325365066527876e+00 6.031533479690551758e-01 -6.681046485900878906e-01 1.400000000000000000e+01
-3.342836856842041016e+00 7.129814624786376953e-01 -6.643969416618347168e-01 1.200000000000000000e+01
-4.120484352111816406e+00 8.803468942642211914e-01 -6.673493981361389160e-01 1.100000000000000000e+01
-5.394414424896240234e+00 1.154492855072021040e+00 -6.773498058319091797e-01 1.200000000000000000e+01
-7.695381164550781250e+00 1.648342013359070046e+00 -6.885303854942321777e-01 1.000000000000000000e+00
-3.357209777832031250e+01 7.215622901916503906e+00 -5.993854403495788574e-01 1.300000000000000000e+01
-2.443267583847045898e+00 5.286995768547058105e-01 -6.698237061500549316e-01 1.600000000000000000e+01
-2.820584774017333984e+00 6.113780736923217773e-01 -6.663050055503845215e-01 1.300000000000000000e+01
-3.353758096694945845e+00 7.275593280792236328e-01 -6.670682430267333984e-01 1.200000000000000000e+01
-4.109664916992188388e+00 8.930467963218688965e-01 -6.660979390144348145e-01 1.100000000000000000e+01
-5.382593154907226562e+00 1.171627044677733931e+00 -6.763748526573181152e-01 1.200000000000000000e+01
-7.650646209716796875e+00 1.666711926460265891e+00 -6.850441098213195801e-01 1.000000000000000000e+00
-1.370815563201903942e+01 2.991367578506470171e+00 -7.353202104568481445e-01 4.000000000000000000e+00
-3.365219879150391336e+01 7.355826377868652344e+00 -6.012703180313110352e-01 2.000000000000000000e+01
-2.439520597457886186e+00 5.368097424507141113e-01 -6.693060398101806641e-01 1.400000000000000000e+01
-2.820336580276488814e+00 6.216394901275634766e-01 -6.667549014091491699e-01 1.200000000000000000e+01
-3.341612100601195845e+00 7.371471524238586426e-01 -6.651601791381835938e-01 1.300000000000000000e+01
-4.116166591644287109e+00 9.095178246498107910e-01 -6.676623225212097168e-01 1.000000000000000000e+01
-5.355212211608886719e+00 1.185260891914367898e+00 -6.734499931335449219e-01 1.200000000000000000e+01
-7.644781589508056641e+00 1.693407535552978960e+00 -6.850441098213195801e-01 1.000000000000000000e+00
-1.360013771057129084e+01 3.017568349838256836e+00 -7.300865650177001953e-01 4.000000000000000000e+00
-3.366145706176757812e+01 7.481058597564697266e+00 -6.018986105918884277e-01 1.300000000000000000e+01
-2.439517259597777876e+00 5.457437634468078613e-01 -6.698237061500549316e-01 1.600000000000000000e+01
-2.810543060302733931e+00 6.297761201858520508e-01 -6.649553179740905762e-01 1.200000000000000000e+01
-3.325608968734741211e+00 7.457997798919677734e-01 -6.624888181686401367e-01 1.300000000000000000e+01
-4.107184886932373047e+00 9.225815534591674805e-01 -6.667236685752868652e-01 1.000000000000000000e+01
-5.347168922424316406e+00 1.203075408935547097e+00 -6.729624867439270020e-01 1.200000000000000000e+01
-7.627161502838134766e+00 1.717456340789794922e+00 -6.839982867240905762e-01 1.000000000000000000e+00
-3.368975067138671875e+01 7.610851764678955078e+00 -6.028759479522705078e-01 1.300000000000000000e+01
-2.428274869918822798e+00 5.516905188560485840e-01 -6.672354936599731445e-01 1.900000000000000000e+01
-2.825540781021118164e+00 6.429843902587890625e-01 -6.690044403076171875e-01 1.300000000000000000e+01
-3.323117494583129883e+00 7.568237781524658203e-01 -6.624888181686401367e-01 1.200000000000000000e+01
-4.092547416687011719e+00 9.335604906082153320e-01 -6.648464798927307129e-01 9.000000000000000000e+00
-5.350890636444091797e+00 1.222569227218627930e+00 -6.739374399185180664e-01 1.200000000000000000e+01
-7.605886459350585938e+00 1.739186525344849077e+00 -6.826037764549255371e-01 1.000000000000000000e+00
-3.356297683715820312e+01 7.699279308319091797e+00 -6.010608673095703125e-01 1.300000000000000000e+01
-2.426334142684936968e+00 5.601633787155151367e-01 -6.672354936599731445e-01 1.900000000000000000e+01
-2.815684556961060014e+00 6.510872840881347656e-01 -6.672048568725585938e-01 1.300000000000000000e+01
-3.324280977249145952e+00 7.693043351173400879e-01 -6.632520556449890137e-01 1.200000000000000000e+01
-4.073868751525878906e+00 9.442721009254455566e-01 -6.623435020446777344e-01 1.000000000000000000e+01
-5.354325294494628906e+00 1.243035554885864036e+00 -6.749124526977539062e-01 1.200000000000000000e+01
-7.588124752044677734e+00 1.763020038604736106e+00 -6.815578937530517578e-01 1.000000000000000000e+00
-3.352421188354492188e+01 7.813665390014648438e+00 -6.008514761924743652e-01 1.300000000000000000e+01
-2.420602560043334961e+00 5.677471756935119629e-01 -6.662002205848693848e-01 2.100000000000000000e+01
-2.800114870071411133e+00 6.577923297882080078e-01 -6.640555262565612793e-01 1.300000000000000000e+01
-3.342597961425780806e+00 7.858459353446960449e-01 -6.674498915672302246e-01 1.200000000000000000e+01
-4.099389553070068359e+00 9.652781486511230469e-01 -6.670365333557128906e-01 1.000000000000000000e+01
-5.340293407440186435e+00 1.259439826011657937e+00 -6.736937165260314941e-01 1.400000000000000000e+01
-7.578046321868895596e+00 1.788581371307373047e+00 -6.812092661857604980e-01 1.000000000000000000e+00
-3.361737823486328125e+01 7.959203243255615234e+00 -6.030155420303344727e-01 1.300000000000000000e+01
-2.424243688583374023e+00 5.775363445281982422e-01 -6.677531599998474121e-01 2.000000000000000000e+01
-2.803488254547119141e+00 6.689193844795227051e-01 -6.654052138328552246e-01 1.400000000000000000e+01
-3.318829298019409180e+00 7.924932241439819336e-01 -6.632520556449890137e-01 1.200000000000000000e+01
-4.099837779998779297e+00 9.805007576942443848e-01 -6.676623225212097168e-01 1.000000000000000000e+01
-5.306907176971436435e+00 1.271137237548827903e+00 -6.700376272201538086e-01 1.100000000000000000e+01
-7.571756839752197266e+00 1.815022826194762962e+00 -6.812092661857604980e-01 1.000000000000000000e+00
-3.360105514526367188e+01 8.079305648803710938e+00 -6.032249927520751953e-01 1.300000000000000000e+01
-2.412824630737305132e+00 5.837236642837524414e-01 -6.651649475097656250e-01 2.100000000000000000e+01
-2.801136255264281782e+00 6.787012815475463867e-01 -6.654052138328552246e-01 1.300000000000000000e+01
-3.304594755172729048e+00 8.012974262237548828e-01 -6.609623432159423828e-01 1.300000000000000000e+01
-4.092550754547119141e+00 9.938735365867614746e-01 -6.670365333557128906e-01 1.000000000000000000e+01
-5.310153007507324219e+00 1.291530609130858931e+00 -6.710125803947448730e-01 1.200000000000000000e+01
-7.546016216278076172e+00 1.836730122566222922e+00 -6.794661879539489746e-01 0.000000000000000000e+00
-1.324347114562987926e+01 3.228410243988037109e+00 -7.143858075141906738e-01 4.000000000000000000e+00
-3.357265090942382812e+01 8.196546554565429688e+00 -6.032249927520751953e-01 1.300000000000000000e+01
-2.405143976211547852e+00 5.907600522041320801e-01 -6.636120080947875977e-01 1.900000000000000000e+01
-2.806319475173950195e+00 6.903369426727294922e-01 -6.672048568725585938e-01 1.100000000000000000e+01
-3.309402942657471147e+00 8.147049546241760254e-01 -6.624888181686401367e-01 1.200000000000000000e+01
-4.081385135650634766e+00 1.006261706352234109e+00 -6.657850742340087891e-01 1.000000000000000000e+01
-5.307539939880371094e+00 1.310534477233886941e+00 -6.712563633918762207e-01 1.200000000000000000e+01
-7.527953624725341797e+00 1.860191822052001953e+00 -6.784203052520751953e-01 1.000000000000000000e+00
-1.310803985595702947e+01 3.243911743164062944e+00 -7.076867818832397461e-01 4.000000000000000000e+00
-3.359429931640625000e+01 8.326194763183593750e+00 -6.041324734687805176e-01 1.300000000000000000e+01
-2.406816244125366211e+00 6.000866889953613281e-01 -6.646472811698913574e-01 1.900000000000000000e+01
-2.796329736709595171e+00 6.982402205467224121e-01 -6.654052138328552246e-01 1.200000000000000000e+01
-3.308443784713745117e+00 8.267278671264648438e-01 -6.628704667091369629e-01 1.200000000000000000e+01
-4.060601234436035156e+00 1.016186237335205078e+00 -6.629692912101745605e-01 9.000000000000000000e+00
-5.283677577972412109e+00 1.324227333068848100e+00 -6.688189506530761719e-01 1.100000000000000000e+01
-7.509819507598876953e+00 1.883549690246582031e+00 -6.773744225502014160e-01 2.000000000000000000e+00
-1.312375545501708984e+01 3.296459436416625977e+00 -7.091522216796875000e-01 4.000000000000000000e+00
-3.365423965454102273e+01 8.465849876403808594e+00 -6.057381033897399902e-01 1.300000000000000000e+01
-2.406579494476317915e+00 6.089582443237304688e-01 -6.651649475097656250e-01 1.900000000000000000e+01
-2.790097475051879883e+00 7.070395350456237793e-01 -6.645054221153259277e-01 1.400000000000000000e+01
-3.309343814849853960e+00 8.392366766929626465e-01 -6.636337041854858398e-01 1.400000000000000000e+01
-4.051285266876220703e+00 1.028895378112792969e+00 -6.620306372642517090e-01 1.000000000000000000e+01
-5.290565967559813565e+00 1.345598578453063965e+00 -6.702814102172851562e-01 1.100000000000000000e+01
-7.510922431945800781e+00 1.911718130111693892e+00 -6.780716776847839355e-01 2.000000000000000000e+00
-1.301539993286132990e+01 3.317583799362183061e+00 -7.039186358451843262e-01 4.000000000000000000e+00
-3.371360778808593750e+01 8.606025695800781250e+00 -6.073437333106994629e-01 1.300000000000000000e+01
-2.406310558319091797e+00 6.178355216979980469e-01 -6.656825542449951172e-01 1.800000000000000000e+01
-2.789499759674071822e+00 7.172598242759704590e-01 -6.649553179740905762e-01 1.500000000000000000e+01
-3.300690174102783203e+00 8.493155837059020996e-01 -6.624888181686401367e-01 1.400000000000000000e+01
-4.068710803985595703e+00 1.048452973365783913e+00 -6.654722094535827637e-01 9.000000000000000000e+00
-5.255082607269287109e+00 1.356121540069580078e+00 -6.663815975189208984e-01 1.100000000000000000e+01
-7.500345230102539062e+00 1.936928153038024902e+00 -6.777230501174926758e-01 1.000000000000000000e+00
-1.300374031066895064e+01 3.362995862960814986e+00 -7.039186358451843262e-01 4.000000000000000000e+00
-3.377241134643554688e+01 8.746717453002929688e+00 -6.089493632316589355e-01 1.300000000000000000e+01
-2.406008720397949219e+00 6.267182826995849609e-01 -6.662002205848693848e-01 1.900000000000000000e+01
-2.788864612579346147e+00 7.274844646453857422e-01 -6.654052138328552246e-01 1.300000000000000000e+01
-3.288207292556763139e+00 8.583526611328125000e-01 -6.605807542800903320e-01 1.300000000000000000e+01
-4.055470466613770419e+00 1.060150980949402078e+00 -6.639078855514526367e-01 1.000000000000000000e+01
-6.089224624633789062e+01 1.592935371398925959e+01 7.728222370147705078e+00 6.300000000000000000e+01
-5.250317096710205078e+00 1.374457001686095969e+00 -6.663815975189208984e-01 1.100000000000000000e+01
-7.493538379669188565e+00 1.963097453117371050e+00 -6.777230501174926758e-01 1.000000000000000000e+00
-1.299192142486572088e+01 3.408366918563843218e+00 -7.039186358451843262e-01 4.000000000000000000e+00
-3.374940872192382812e+01 8.866584777832031250e+00 -6.090889573097229004e-01 1.300000000000000000e+01
-2.392599821090697798e+00 6.321521401405334473e-01 -6.630944013595581055e-01 1.900000000000000000e+01
-2.782540559768677202e+00 7.362180948257446289e-01 -6.645054221153259277e-01 1.400000000000000000e+01
-3.287089109420775923e+00 8.703278899192810059e-01 -6.609623432159423828e-01 1.300000000000000000e+01
-4.049835681915283203e+00 1.073794484138488992e+00 -6.635950207710266113e-01 1.000000000000000000e+01
-6.087464523315429688e+01 1.615199279785155895e+01 7.733097553253173828e+00 6.300000000000000000e+01
-5.241650104522705078e+00 1.391756772994994895e+00 -6.658940911293029785e-01 1.100000000000000000e+01
-7.451979637145996094e+00 1.980033397674560991e+00 -6.745854616165161133e-01 1.000000000000000000e+00
-1.288344001770020064e+01 3.428018331527709961e+00 -6.986849904060363770e-01 4.000000000000000000e+00
-3.370666122436522727e+01 8.981248855590820312e+00 -6.088795661926269531e-01 1.300000000000000000e+01
-2.397842645645142046e+00 6.424999833106994629e-01 -6.651649475097656250e-01 1.900000000000000000e+01
-2.781835794448852983e+00 7.464315295219421387e-01 -6.649553179740905762e-01 1.300000000000000000e+01
-3.289719343185424805e+00 8.833240270614624023e-01 -6.621072292327880859e-01 1.300000000000000000e+01
-6.079320144653320312e+01 1.633498573303223012e+01 5.507371425628662109e+00 5.400000000000000000e+01
-4.028894424438476562e+00 1.083308219909667969e+00 -6.607791781425476074e-01 1.000000000000000000e+01
-5.236759662628173828e+00 1.410045027732848899e+00 -6.658940911293029785e-01 1.100000000000000000e+01
-7.437327861785888672e+00 2.003960132598876953e+00 -6.738882064819335938e-01 1.000000000000000000e+00
-1.287139606475830078e+01 3.472969055175780806e+00 -6.986849904060363770e-01 4.000000000000000000e+00
-3.371371459960938211e+01 9.109284400939941406e+00 -6.095776557922363281e-01 1.400000000000000000e+01
-2.395812273025513139e+00 6.500298380851745605e-01 -6.651649475097656250e-01 1.900000000000000000e+01
-2.771954774856566939e+00 7.531234622001647949e-01 -6.631557345390319824e-01 1.300000000000000000e+01
-3.288822412490845171e+00 8.941696882247924805e-01 -6.624888181686401367e-01 1.300000000000000000e+01
-4.023565292358398438e+00 1.095441102981566939e+00 -6.604663133621215820e-01 9.000000000000000000e+00
-5.215067386627197266e+00 1.421790599822998047e+00 -6.637004613876342773e-01 9.000000000000000000e+00
-7.427151203155517578e+00 2.026266574859619141e+00 -6.735395789146423340e-01 1.000000000000000000e+00
-1.286042118072509943e+01 3.513388633728026900e+00 -6.986849904060363770e-01 4.000000000000000000e+00
-3.377365493774414062e+01 9.239426612854003906e+00 -6.111832857131958008e-01 7.000000000000000000e+00
-2.400979280471802202e+00 6.604382991790771484e-01 -6.672354936599731445e-01 1.900000000000000000e+01
-2.771187782287598100e+00 7.633122801780700684e-01 -6.636056303977966309e-01 1.400000000000000000e+01
-3.278110504150391069e+00 9.035576581954956055e-01 -6.609623432159423828e-01 1.600000000000000000e+01
-4.017812728881835938e+00 1.108953714370727983e+00 -6.601534485816955566e-01 9.000000000000000000e+00
-5.200506210327148438e+00 1.437341809272765891e+00 -6.624817252159118652e-01 1.100000000000000000e+01
-7.423873424530029297e+00 2.053241968154906782e+00 -6.738882064819335938e-01 1.000000000000000000e+00
-3.371807479858397727e+01 9.350850105285644531e+00 -6.107644438743591309e-01 7.000000000000000000e+00
-2.385633230209351030e+00 6.651832461357116699e-01 -6.636120080947875977e-01 2.000000000000000000e+01
-2.762875556945800781e+00 7.714087367057800293e-01 -6.622558832168579102e-01 1.300000000000000000e+01
-3.265482187271118164e+00 9.123534560203552246e-01 -6.590542793273925781e-01 1.400000000000000000e+01
-4.029135704040527344e+00 1.127229452133178933e+00 -6.626563668251037598e-01 1.000000000000000000e+01
-5.193545341491699219e+00 1.454950690269469993e+00 -6.622380018234252930e-01 1.100000000000000000e+01
-7.385966300964354581e+00 2.070538759231566939e+00 -6.710992455482482910e-01 1.000000000000000000e+00
-3.359667587280272727e+01 9.443599700927734375e+00 -6.091588139533996582e-01 1.300000000000000000e+01
-2.381437778472899947e+00 6.729812026023864746e-01 -6.630944013595581055e-01 2.100000000000000000e+01
-2.758291006088256836e+00 7.805176377296447754e-01 -6.618059873580932617e-01 1.300000000000000000e+01
-3.266055583953856978e+00 9.248163104057312012e-01 -6.598175168037414551e-01 1.500000000000000000e+01
-4.017574787139892578e+00 1.139131426811218040e+00 -6.614049077033996582e-01 1.100000000000000000e+01
-5.190344810485839844e+00 1.473612904548645020e+00 -6.624817252159118652e-01 1.100000000000000000e+01
-7.336529731750488281e+00 2.084329128265380859e+00 -6.672643423080444336e-01 2.000000000000000000e+00
-1.272687339782715021e+01 3.620542526245117188e+00 -6.934514045715332031e-01 4.000000000000000000e+00
-3.356735229492188211e+01 9.561911582946777344e+00 -6.092286109924316406e-01 1.300000000000000000e+01
-2.379074096679687944e+00 6.812899112701416016e-01 -6.630944013595581055e-01 1.900000000000000000e+01
-2.757422924041748047e+00 7.906782627105712891e-01 -6.622558832168579102e-01 1.400000000000000000e+01
-3.272243022918701172e+00 9.389187097549438477e-01 -6.617255806922912598e-01 1.300000000000000000e+01
-3.990791082382202148e+00 1.146602630615233931e+00 -6.576504707336425781e-01 1.000000000000000000e+01
-5.192800045013427734e+00 1.493916869163512962e+00 -6.634566783905029297e-01 1.100000000000000000e+01
-7.356014251708984375e+00 2.117642164230347124e+00 -6.697047352790832520e-01 2.000000000000000000e+00
-1.259133338928223012e+01 3.629540920257567915e+00 -6.867524385452270508e-01 4.000000000000000000e+00
-3.364136123657227273e+01 9.710080146789550781e+00 -6.111832857131958008e-01 7.000000000000000000e+00
-2.376681566238402876e+00 6.895902752876281738e-01 -6.630944013595581055e-01 1.900000000000000000e+01
-2.752774715423583984e+00 7.997549772262573242e-01 -6.618059873580932617e-01 1.500000000000000000e+01
-3.268945693969727007e+00 9.503352642059326172e-01 -6.617255806922912598e-01 1.300000000000000000e+01
-3.994351148605347124e+00 1.162734627723694070e+00 -6.589019894599914551e-01 9.000000000000000000e+00
-5.168496131896972656e+00 1.506479144096374956e+00 -6.610193252563476562e-01 1.100000000000000000e+01
-7.340926647186279297e+00 2.141075134277344194e+00 -6.690074801445007324e-01 2.000000000000000000e+00
-1.250956916809082031e+01 3.653314590454102007e+00 -6.829842329025268555e-01 4.000000000000000000e+00
-3.340381240844727273e+01 9.767958641052246094e+00 -6.074833869934082031e-01 6.000000000000000000e+00
-2.387111425399779829e+00 7.021124362945556641e-01 -6.667178869247436523e-01 2.000000000000000000e+01
-2.747955560684204102e+00 8.092885017395019531e-01 -6.613560914993286133e-01 1.400000000000000000e+01
-3.239076137542725053e+00 9.545406103134155273e-01 -6.563829183578491211e-01 1.200000000000000000e+01
-3.990062713623046875e+00 1.177366852760314941e+00 -6.589019894599914551e-01 9.000000000000000000e+00
-5.153420925140380859e+00 1.522600173950195090e+00 -6.598006486892700195e-01 9.000000000000000000e+00
-7.333029747009277344e+00 2.167966604232788086e+00 -6.690074801445007324e-01 2.000000000000000000e+00
-1.249609565734862926e+01 3.699139833450316939e+00 -6.829842329025268555e-01 4.000000000000000000e+00
-3.348665618896483664e+01 9.925558090209960938e+00 -6.096474528312683105e-01 7.000000000000000000e+00
-2.371686220169066939e+00 7.065796256065368652e-01 -6.630944013595581055e-01 2.100000000000000000e+01
-2.746981382369995117e+00 8.194327950477600098e-01 -6.618059873580932617e-01 1.500000000000000000e+01
-3.239486694335937944e+00 9.669643640518188477e-01 -6.571461558341979980e-01 1.200000000000000000e+01
-6.088925933837891336e+01 1.818659782409667969e+01 5.559664726257324219e+00 5.200000000000000000e+01
-3.989713907241820845e+00 1.192418813705443892e+00 -6.595277190208435059e-01 9.000000000000000000e+00
-5.153779983520507812e+00 1.542287111282349077e+00 -6.605318188667297363e-01 1.100000000000000000e+01
-7.325417518615722656e+00 2.193550348281859907e+00 -6.690074801445007324e-01 1.000000000000000000e+00
-1.252136898040770951e+01 3.754208803176879883e+00 -6.850776672363281250e-01 4.000000000000000000e+00
-3.342882537841796875e+01 1.003548812866210938e+01 -6.092286109924316406e-01 6.000000000000000000e+00
-2.374753713607788086e+00 7.165281772613525391e-01 -6.646472811698913574e-01 1.900000000000000000e+01
-2.749700784683227983e+00 8.307072520256042480e-01 -6.631557345390319824e-01 1.400000000000000000e+01
-3.237971067428588867e+00 9.788345098495483398e-01 -6.575278043746948242e-01 1.200000000000000000e+01
-3.985527276992797852e+00 1.206338286399841087e+00 -6.595277190208435059e-01 9.000000000000000000e+00
-5.144565582275390625e+00 1.559116244316101074e+00 -6.600443720817565918e-01 1.100000000000000000e+01
-7.279582977294921875e+00 2.207543611526488814e+00 -6.655212640762329102e-01 2.000000000000000000e+00
-1.246996593475341975e+01 3.786288261413574219e+00 -6.829842329025268555e-01 4.000000000000000000e+00
-3.344333267211914062e+01 1.016723823547362926e+01 -6.101361513137817383e-01 1.400000000000000000e+01
-2.363000392913817915e+00 7.219907641410827637e-01 -6.620591282844543457e-01 1.900000000000000000e+01
-2.741193771362305132e+00 8.385902047157287598e-01 -6.618059873580932617e-01 1.500000000000000000e+01
-3.236411809921265093e+00 9.907058477401733398e-01 -6.579093933105468750e-01 1.100000000000000000e+01
-3.962405443191527876e+00 1.214454412460326926e+00 -6.563990116119384766e-01 9.000000000000000000e+00
-5.139091968536376953e+00 1.577064633369446023e+00 -6.600443720817565918e-01 1.100000000000000000e+01
-7.252786636352539062e+00 2.227092266082764116e+00 -6.637781262397766113e-01 2.000000000000000000e+00
-1.240703773498534979e+01 3.814532995223999023e+00 -6.802627444267272949e-01 4.000000000000000000e+00
-3.360258102416992188e+01 1.034392452239990057e+01 -6.136963963508605957e-01 7.000000000000000000e+00
-2.366130113601685014e+00 7.315346598625183105e-01 -6.636120080947875977e-01 1.900000000000000000e+01
-2.734674692153931108e+00 8.465232253074645996e-01 -6.609061956405639648e-01 1.500000000000000000e+01
-3.231233358383179155e+00 1.000851869583130105e+00 -6.575278043746948242e-01 1.100000000000000000e+01
-3.958356380462646040e+00 1.227587580680846946e+00 -6.563990116119384766e-01 9.000000000000000000e+00
-5.118667602539063388e+00 1.589388489723206010e+00 -6.580944657325744629e-01 1.100000000000000000e+01
-7.243458747863770419e+00 2.250540018081665039e+00 -6.636038422584533691e-01 3.000000000000000000e+00
-1.237143516540526988e+01 3.848536014556885210e+00 -6.790066957473754883e-01 3.000000000000000000e+00
-3.367501068115233664e+01 1.048859882354735973e+01 -6.156510710716247559e-01 1.400000000000000000e+01
-2.369093179702758789e+00 7.415207028388977051e-01 -6.651649475097656250e-01 2.200000000000000000e+01
-2.722405195236206055e+00 8.531500697135925293e-01 -6.586567163467407227e-01 1.400000000000000000e+01
-3.227720022201538086e+00 1.012124896049499956e+00 -6.575278043746948242e-01 1.200000000000000000e+01
-3.959701299667357954e+00 1.243172407150268999e+00 -6.573376059532165527e-01 8.000000000000000000e+00
-5.120663166046142578e+00 1.609627366065979004e+00 -6.590694189071655273e-01 1.100000000000000000e+01
-7.229856967926025391e+00 2.274017333984375000e+00 -6.630808711051940918e-01 3.000000000000000000e+00
-1.236173534393311080e+01 3.892896652221680132e+00 -6.792160272598266602e-01 3.000000000000000000e+00
-3.364200973510742188e+01 1.060728454589843928e+01 -6.157209277153015137e-01 1.400000000000000000e+01
-2.368201017379761186e+00 7.507827281951904297e-01 -6.656825542449951172e-01 2.000000000000000000e+01
-2.719259977340697798e+00 8.631224632263183594e-01 -6.586567163467407227e-01 1.400000000000000000e+01
-3.216504096984862837e+00 1.021571040153502974e+00 -6.560013294219970703e-01 1.300000000000000000e+01
-6.094234848022460938e+01 1.936717796325683949e+01 5.594527244567871094e+00 5.000000000000000000e+01
-3.955118179321289062e+00 1.257677078247070090e+00 -6.573376059532165527e-01 8.000000000000000000e+00
-5.103379726409912109e+00 1.624771475791930930e+00 -6.576069593429565430e-01 1.100000000000000000e+01
-7.225270748138427734e+00 2.301710128784180132e+00 -6.634294986724853516e-01 1.000000000000000000e+00
-1.232074451446533025e+01 3.929682016372681108e+00 -6.777506470680236816e-01 3.000000000000000000e+00
-3.356480789184570312e+01 1.071835136413574041e+01 -6.150227785110473633e-01 1.400000000000000000e+01
-2.350850105285644975e+00 7.543228268623352051e-01 -6.615414619445800781e-01 1.800000000000000000e+01
-2.731073379516602007e+00 8.773775696754455566e-01 -6.622558832168579102e-01 1.400000000000000000e+01
-3.209180355072021040e+00 1.031590938568115012e+00 -6.552380919456481934e-01 1.200000000000000000e+01
-3.950703859329224077e+00 1.271475434303283913e+00 -6.573376059532165527e-01 8.000000000000000000e+00
-5.110903263092041016e+00 1.646837353706360085e+00 -6.593131422996520996e-01 9.000000000000000000e+00
-7.183059215545654297e+00 2.315912246704102007e+00 -6.602919101715087891e-01 2.000000000000000000e+00
-1.230695247650145951e+01 3.972665548324584961e+00 -6.777506470680236816e-01 3.000000000000000000e+00
-3.358046722412108664e+01 1.085266780853270951e+01 -6.160001158714294434e-01 1.400000000000000000e+01
-2.348468780517578125e+00 7.617045044898986816e-01 -6.615414619445800781e-01 1.700000000000000000e+01
-2.715329170227050781e+00 8.817400336265563965e-01 -6.591066122055053711e-01 1.500000000000000000e+01
-3.209658145904541016e+00 1.042881131172179954e+00 -6.560013294219970703e-01 1.100000000000000000e+01
-3.935419082641602007e+00 1.280214071273803933e+00 -6.554604172706604004e-01 8.000000000000000000e+00
-5.101929187774658203e+00 1.661656141281127930e+00 -6.588256955146789551e-01 1.100000000000000000e+01
-7.168170928955078125e+00 2.335997581481934038e+00 -6.595946550369262695e-01 2.000000000000000000e+00
-3.360323333740233664e+01 1.097673797607422053e+01 -6.170473098754882812e-01 2.100000000000000000e+01
-2.349466562271118164e+00 7.711023688316345215e-01 -6.625767350196838379e-01 2.000000000000000000e+01
-6.074462890625000000e+01 1.994832420349121094e+01 1.116011619567871094e+00 5.100000000000000000e+01
-2.702978134155272993e+00 8.881712555885314941e-01 -6.568570733070373535e-01 1.400000000000000000e+01
-3.204133272171020952e+00 1.053465366363524947e+00 -6.556196808815002441e-01 1.200000000000000000e+01
-3.934679031372069868e+00 1.295178771018981934e+00 -6.560861468315124512e-01 9.000000000000000000e+00
-5.094212532043457031e+00 1.678833723068237083e+00 -6.585819125175476074e-01 1.100000000000000000e+01
-7.159973144531250000e+00 2.361005067825316939e+00 -6.595946550369262695e-01 2.000000000000000000e+00
-1.218550586700438920e+01 4.022893905639648438e+00 -6.725170612335205078e-01 3.000000000000000000e+00
-3.356091308593750000e+01 1.109271335601806996e+01 -6.169774532318115234e-01 7.000000000000000000e+00
-2.346760511398314986e+00 7.792988419532775879e-01 -6.625767350196838379e-01 2.000000000000000000e+01
-2.712805986404418945e+00 9.019045829772949219e-01 -6.600064039230346680e-01 1.500000000000000000e+01
-3.196710586547852007e+00 1.063404083251952903e+00 -6.548564434051513672e-01 1.100000000000000000e+01
-3.932008266448975053e+00 1.309529662132262962e+00 -6.563990116119384766e-01 9.000000000000000000e+00
-5.073256015777587891e+00 1.691582322120666948e+00 -6.566320061683654785e-01 1.100000000000000000e+01
-7.132788181304931641e+00 2.379678249359130859e+00 -6.578515172004699707e-01 2.000000000000000000e+00
-1.217138862609862926e+01 4.065404415130615234e+00 -6.725170612335205078e-01 3.000000000000000000e+00
-3.347647476196289062e+01 1.119457530975341975e+01 -6.161397695541381836e-01 7.000000000000000000e+00
-2.345857381820679155e+00 7.881010770797729492e-01 -6.630944013595581055e-01 1.900000000000000000e+01
-6.079343032836914062e+01 2.043562889099121094e+01 1.119502067565917969e+00 5.000000000000000000e+01
-2.704099893569945845e+00 9.095047712326049805e-01 -6.586567163467407227e-01 1.400000000000000000e+01
-3.178093433380126953e+00 1.069546580314636008e+00 -6.518035531044006348e-01 1.100000000000000000e+01
-3.931157112121582031e+00 1.324508309364319070e+00 -6.570247411727905273e-01 9.000000000000000000e+00
-5.056034564971923828e+00 1.705474138259887917e+00 -6.551696062088012695e-01 1.100000000000000000e+01
-7.131989002227783203e+00 2.407110214233397993e+00 -6.585487723350524902e-01 2.000000000000000000e+00
-1.215712356567382990e+01 4.107865810394287109e+00 -6.725170612335205078e-01 3.000000000000000000e+00
-3.333869171142578125e+01 1.127803993225098012e+01 -6.143246889114379883e-01 1.400000000000000000e+01
-2.330149888992310014e+00 7.923402190208435059e-01 -6.594709157943725586e-01 2.000000000000000000e+01
-2.709972143173218218e+00 9.225497841835021973e-01 -6.609061956405639648e-01 1.500000000000000000e+01
-3.189019203186035156e+00 1.086251854896544966e+00 -6.548564434051513672e-01 1.300000000000000000e+01
-3.915058135986328125e+00 1.335082411766052024e+00 -6.551475524902343750e-01 9.000000000000000000e+00
-5.072293281555175781e+00 1.731690406799315962e+00 -6.580944657325744629e-01 1.100000000000000000e+01
-7.134431362152099609e+00 2.437098503112792969e+00 -6.595946550369262695e-01 2.000000000000000000e+00
-3.329713439941406250e+01 1.140015697479248047e+01 -6.143246889114379883e-01 1.400000000000000000e+01
-2.338330984115601030e+00 8.042390346527099609e-01 -6.625767350196838379e-01 1.900000000000000000e+01
-6.083472824096679688e+01 2.093519973754883168e+01 1.122992515563965066e+00 5.000000000000000000e+01
-2.695679903030395952e+00 9.281970262527465820e-01 -6.582067608833312988e-01 1.500000000000000000e+01
-3.190776586532593218e+00 1.099295496940613015e+00 -6.560013294219970703e-01 1.300000000000000000e+01
-3.897302150726317915e+00 1.344231724739074929e+00 -6.529574394226074219e-01 9.000000000000000000e+00
-5.051206588745117188e+00 1.744202017784119096e+00 -6.561445593833923340e-01 1.100000000000000000e+01
-7.091983795166015625e+00 2.450276136398314986e+00 -6.564570665359497070e-01 2.000000000000000000e+00
-3.327603149414063211e+01 1.152285957336425959e+01 -6.146737337112426758e-01 7.000000000000000000e+00
-2.328352212905883789e+00 8.094513416290283203e-01 -6.605061888694763184e-01 2.000000000000000000e+01
-2.688906192779541016e+00 9.358500242233276367e-01 -6.573069691658020020e-01 1.600000000000000000e+01
-3.183405637741088867e+00 1.108579158782958984e+00 -6.552380919456481934e-01 1.200000000000000000e+01
-3.900284051895142046e+00 1.359749436378479004e+00 -6.542089581489562988e-01 8.000000000000000000e+00
-6.092891693115233664e+01 2.125347137451171875e+01 7.923213481903076172e+00 6.300000000000000000e+01
-5.037898063659667969e+00 1.758326292037964089e+00 -6.551696062088012695e-01 1.100000000000000000e+01
-7.053723812103270596e+00 2.463270664215087891e+00 -6.536680459976196289e-01 1.000000000000000000e+00
-3.336220932006835938e+01 1.167674255371093928e+01 -6.169774532318115234e-01 1.400000000000000000e+01
-2.336447477340697798e+00 8.214182257652282715e-01 -6.636120080947875977e-01 1.900000000000000000e+01
-6.087945556640625000e+01 2.141515731811523082e+01 1.126483082771301047e+00 4.900000000000000000e+01
-2.676431894302368164e+00 9.419954419136047363e-01 -6.550574898719787598e-01 1.400000000000000000e+01
-3.172109365463256836e+00 1.117076039314270020e+00 -6.537116169929504395e-01 1.300000000000000000e+01
-3.889925003051757812e+00 1.371385216712952104e+00 -6.532703042030334473e-01 9.000000000000000000e+00
-6.088056564331054688e+01 2.147526741027832031e+01 7.926625728607177734e+00 6.300000000000000000e+01
-5.024241924285888672e+00 1.773258447647094949e+00 -6.541946530342102051e-01 1.300000000000000000e+01
-7.045082092285156250e+00 2.487877607345581055e+00 -6.536680459976196289e-01 1.000000000000000000e+00
-3.332878494262695312e+01 1.179579639434813920e+01 -6.171171069145202637e-01 1.400000000000000000e+01
-2.328105211257935014e+00 8.276277184486389160e-01 -6.620591282844543457e-01 1.900000000000000000e+01
-6.080433273315429688e+01 2.162753677368164062e+01 1.126483082771301047e+00 4.900000000000000000e+01
-2.684143066406250000e+00 9.552525281906127930e-01 -6.577568650245666504e-01 1.400000000000000000e+01
-3.157093763351439986e+00 1.124190568923949973e+00 -6.514219045639038086e-01 1.200000000000000000e+01
-3.888835668563843218e+00 1.386281847953795943e+00 -6.538960933685302734e-01 9.000000000000000000e+00
-5.018021583557128906e+00 1.790785551071166992e+00 -6.541946530342102051e-01 1.100000000000000000e+01
-7.036355018615722656e+00 2.512454509735106978e+00 -6.536680459976196289e-01 2.000000000000000000e+00
-3.329117202758789062e+01 1.191341114044188920e+01 -6.171869039535522461e-01 7.000000000000000000e+00
-2.305204391479492188e+00 8.285614252090454102e-01 -6.563650965690612793e-01 1.800000000000000000e+01
-6.082255172729492188e+01 2.187348747253417969e+01 1.128228306770324929e+00 4.900000000000000000e+01
-2.688127040863037109e+00 9.672552943229675293e-01 -6.595565080642700195e-01 1.400000000000000000e+01
-3.154997587203979048e+00 1.135869026184082031e+00 -6.518035531044006348e-01 1.100000000000000000e+01
-6.091132736206054688e+01 2.194143676757812855e+01 5.664251804351806641e+00 4.800000000000000000e+01
-3.887689590454102007e+00 1.401187539100646973e+00 -6.545218229293823242e-01 9.000000000000000000e+00
-5.000536441802979404e+00 1.804248452186584029e+00 -6.527321934700012207e-01 1.100000000000000000e+01
-7.027542114257813388e+00 2.537000656127930132e+00 -6.536680459976196289e-01 2.000000000000000000e+00
-3.323810195922852273e+01 1.202546405792235973e+01 -6.169774532318115234e-01 7.000000000000000000e+00
-2.304259777069091797e+00 8.368606567382812500e-01 -6.568827629089355469e-01 1.900000000000000000e+01
-6.084365844726563211e+01 2.210920906066894887e+01 1.129973530769347922e+00 4.900000000000000000e+01
-2.670253038406372070e+00 9.708371758460998535e-01 -6.559572815895080566e-01 1.400000000000000000e+01
-3.145678520202637163e+00 1.144311666488647017e+00 -6.506586670875549316e-01 1.100000000000000000e+01
-3.866316556930541992e+00 1.407988429069519043e+00 -6.517059803009033203e-01 8.000000000000000000e+00
-5.009446144104003906e+00 1.826260209083556907e+00 -6.546820998191833496e-01 1.100000000000000000e+01
-6.977911472320556641e+00 2.545270442962646040e+00 -6.498332023620605469e-01 1.000000000000000000e+00
-1.186629009246825994e+01 4.333054065704345703e+00 -6.620498299598693848e-01 3.000000000000000000e+00
-3.317926025390625000e+01 1.212875366210938033e+01 -6.166284084320068359e-01 7.000000000000000000e+00
-2.312205553054810014e+00 8.488937020301818848e-01 -6.599885821342468262e-01 1.900000000000000000e+01
-6.076610946655272727e+01 2.232145881652832031e+01 1.129973530769347922e+00 4.900000000000000000e+01
-2.659531354904174805e+00 9.774631857872009277e-01 -6.541576385498046875e-01 1.400000000000000000e+01
-3.156405925750731978e+00 1.160705804824829102e+00 -6.537116169929504395e-01 1.300000000000000000e+01
-3.857670783996582031e+00 1.420110940933227983e+00 -6.510802507400512695e-01 8.000000000000000000e+00
-4.986277103424072266e+00 1.837557435035706010e+00 -6.524884700775146484e-01 9.000000000000000000e+00
-6.980200767517089844e+00 2.573748111724853960e+00 -6.508790850639343262e-01 1.000000000000000000e+00
-1.185109233856200994e+01 4.374448776245117188e+00 -6.620498299598693848e-01 3.000000000000000000e+00
-3.317048263549804688e+01 1.225697326660156072e+01 -6.172567009925842285e-01 7.000000000000000000e+00
-2.312700748443603960e+00 8.587075471878051758e-01 -6.610238552093505859e-01 1.900000000000000000e+01
-6.077761459350585938e+01 2.257884597778319957e+01 1.131718754768372026e+00 4.800000000000000000e+01
-2.657757759094237837e+00 9.878832101821899414e-01 -6.546075940132141113e-01 1.300000000000000000e+01
-3.131889343261719194e+00 1.164739131927490012e+00 -6.495138406753540039e-01 1.200000000000000000e+01
-3.852439880371094194e+00 1.434240460395812988e+00 -6.510802507400512695e-01 8.000000000000000000e+00
-4.953466892242431641e+00 1.846115350723267046e+00 -6.490761041641235352e-01 3.000000000000000000e+00
-6.978188037872313565e+00 2.602098941802978960e+00 -6.515763401985168457e-01 2.000000000000000000e+00
-1.183497905731200994e+01 4.417855739593505859e+00 -6.620498299598693848e-01 3.000000000000000000e+00
-3.314032363891602273e+01 1.238406658172607067e+01 -6.175359487533569336e-01 1.400000000000000000e+01
-2.300645828247069868e+00 8.633813858032226562e-01 -6.584356427192687988e-01 1.800000000000000000e+01
-2.656117439270019975e+00 9.978398084640502930e-01 -6.550574898719787598e-01 1.100000000000000000e+01
-3.131479978561400923e+00 1.177045941352844016e+00 -6.502770781517028809e-01 1.200000000000000000e+01
-6.096828460693358664e+01 2.292861557006835938e+01 5.698765277862548828e+00 4.700000000000000000e+01
-3.840014696121215820e+00 1.444896578788757102e+00 -6.498287916183471680e-01 8.000000000000000000e+00
-5.012011051177979404e+00 1.887885570526123047e+00 -6.576069593429565430e-01 8.000000000000000000e+00
-6.946689605712890625e+00 2.618009805679320845e+00 -6.494845747947692871e-01 2.000000000000000000e+00
-3.311934280395507812e+01 1.250815105438232067e+01 -6.179547905921936035e-01 1.400000000000000000e+01
-2.294005393981934038e+00 8.700367212295532227e-01 -6.574003696441650391e-01 2.000000000000000000e+01
-2.652618169784545898e+00 1.007105350494384988e+00 -6.550574898719787598e-01 1.000000000000000000e+01
-3.123681545257567915e+00 1.186575293540955034e+00 -6.495138406753540039e-01 1.100000000000000000e+01
-3.846025943756103960e+00 1.462504625320435014e+00 -6.517059803009033203e-01 8.000000000000000000e+00
-4.996114730834960938e+00 1.901838183403014915e+00 -6.563882827758789062e-01 9.000000000000000000e+00
-6.937509059906005859e+00 2.642242431640625000e+00 -6.494845747947692871e-01 2.000000000000000000e+00
-3.302690505981445312e+01 1.260514354705811080e+01 -6.170473098754882812e-01 1.400000000000000000e+01
-2.283738851547241211e+00 8.752735257148742676e-01 -6.553298234939575195e-01 1.800000000000000000e+01
-6.081417846679688211e+01 2.332002258300780895e+01 1.136884689331054910e+00 4.700000000000000000e+01
-2.643628120422362837e+00 1.014264464378356934e+00 -6.537077426910400391e-01 9.000000000000000000e+00
-3.126852035522460938e+00 1.200286030769347922e+00 -6.510403156280517578e-01 1.200000000000000000e+01
-3.833521604537963867e+00 1.473086595535278098e+00 -6.504545211791992188e-01 8.000000000000000000e+00
-5.004267692565917969e+00 1.924967885017395020e+00 -6.583381891250610352e-01 9.000000000000000000e+00
-6.920805931091308594e+00 2.663580179214477983e+00 -6.487873196601867676e-01 2.000000000000000000e+00
-1.160169506072998047e+01 4.469743728637695312e+00 -6.515826582908630371e-01 3.000000000000000000e+00
-3.312076568603516336e+01 1.277359962463379084e+01 -6.196302175521850586e-01 1.400000000000000000e+01
-2.293434858322143999e+00 8.877232670783996582e-01 -6.589533090591430664e-01 1.900000000000000000e+01
-6.073651123046875000e+01 2.352156066894530895e+01 1.136884689331054910e+00 4.700000000000000000e+01
-2.638433218002318892e+00 1.022321343421936035e+00 -6.532578468322753906e-01 8.000000000000000000e+00
-3.121024131774901900e+00 1.209938883781433105e+00 -6.506586670875549316e-01 1.100000000000000000e+01
-3.828615665435791016e+00 1.485790967941283958e+00 -6.504545211791992188e-01 8.000000000000000000e+00
-4.983053684234619141e+00 1.935801386833190918e+00 -6.563882827758789062e-01 9.000000000000000000e+00
-6.904506683349609375e+00 2.683628559112548828e+00 -6.480901241302490234e-01 2.000000000000000000e+00
-1.158680915832520064e+01 4.508192062377929688e+00 -6.515826582908630371e-01 3.000000000000000000e+00
-3.307450103759766336e+01 1.288191032409667969e+01 -6.195604205131530762e-01 7.000000000000000000e+00
-2.284924745559691939e+00 8.936125636100769043e-01 -6.574003696441650391e-01 1.800000000000000000e+01
-2.622146129608153853e+00 1.026552081108093040e+00 -6.501085758209228516e-01 7.000000000000000000e+00
-3.105813503265380859e+00 1.216529726982116921e+00 -6.483689546585083008e-01 1.100000000000000000e+01
-3.819727897644042969e+00 1.497704148292541948e+00 -6.498287916183471680e-01 8.000000000000000000e+00
-4.961483001708984375e+00 1.947381496429442915e+00 -6.544383764266967773e-01 9.000000000000000000e+00
-6.893242359161376953e+00 2.706985235214232954e+00 -6.479157805442810059e-01 3.000000000000000000e+00
-1.157100200653075994e+01 4.548609733581542969e+00 -6.515826582908630371e-01 3.000000000000000000e+00
-3.301072311401367188e+01 1.298996067047118963e+01 -6.192113757133483887e-01 1.400000000000000000e+01
-2.274604797363280806e+00 8.987433910369873047e-01 -6.553298234939575195e-01 1.800000000000000000e+01
-6.084976959228516336e+01 2.405528068542480113e+01 1.142120361328125000e+00 4.600000000000000000e+01
-2.618546724319458008e+00 1.035698771476746050e+00 -6.501085758209228516e-01 6.000000000000000000e+00
-3.103373527526855025e+00 1.228085994720458984e+00 -6.487506031990051270e-01 1.000000000000000000e+01
-3.818149805068970171e+00 1.512483358383178933e+00 -6.504545211791992188e-01 8.000000000000000000e+00
-4.945428848266601562e+00 1.961029767990112083e+00 -6.532196998596191406e-01 1.100000000000000000e+01
-6.868935585021972656e+00 2.725152730941772017e+00 -6.465212702751159668e-01 4.000000000000000000e+00
-1.155505371093750000e+01 4.588972568511962891e+00 -6.515826582908630371e-01 3.000000000000000000e+00
-3.295774459838867188e+01 1.310215568542479936e+01 -6.190717816352844238e-01 7.000000000000000000e+00
-2.271453857421875000e+00 9.066777229309082031e-01 -6.553298234939575195e-01 1.800000000000000000e+01
-6.085828399658203125e+01 2.430462074279785156e+01 1.143865585327147993e+00 4.600000000000000000e+01
-2.623963594436645952e+00 1.048448204994202104e+00 -6.523580551147460938e-01 8.000000000000000000e+00
-3.100890874862670898e+00 1.239640116691588911e+00 -6.491321921348571777e-01 1.000000000000000000e+01
-3.809178829193114790e+00 1.524334073066710982e+00 -6.498287916183471680e-01 8.000000000000000000e+00
-4.945924282073974609e+00 1.981233239173888938e+00 -6.541946530342102051e-01 1.100000000000000000e+01
-6.837188720703125000e+00 2.740218639373778853e+00 -6.444295644760131836e-01 3.000000000000000000e+00
-1.153896522521973012e+01 4.629279136657714844e+00 -6.515826582908630371e-01 3.000000000000000000e+00
-3.293778991699218750e+01 1.322755336761474965e+01 -6.195604205131530762e-01 1.400000000000000000e+01
-2.268275022506713867e+00 9.146010875701904297e-01 -6.553298234939575195e-01 1.900000000000000000e+01
-2.620287895202637163e+00 1.057601213455199973e+00 -6.523580551147460938e-01 1.100000000000000000e+01
-3.092903852462768999e+00 1.248986363410949929e+00 -6.483689546585083008e-01 1.000000000000000000e+01
-3.789183616638184038e+00 1.531698822975158913e+00 -6.473258137702941895e-01 9.000000000000000000e+00
-4.940818786621093750e+00 1.999230265617371050e+00 -6.544383764266967773e-01 1.100000000000000000e+01
-6.829428672790527344e+00 2.764816045761107954e+00 -6.446038484573364258e-01 3.000000000000000000e+00
-1.145239639282226918e+01 4.641024589538574219e+00 -6.476051211357116699e-01 3.000000000000000000e+00
-3.290994644165039062e+01 1.334996318817139027e+01 -6.199094653129577637e-01 1.400000000000000000e+01
-2.268646955490111861e+00 9.239706397056579590e-01 -6.563650965690612793e-01 1.800000000000000000e+01
-6.087231063842772727e+01 2.480435562133789062e+01 1.147356152534485085e+00 4.600000000000000000e+01
-2.616580247879027876e+00 1.066741228103637917e+00 -6.523580551147460938e-01 1.500000000000000000e+01
-3.090343236923218218e+00 1.260516524314879927e+00 -6.487506031990051270e-01 9.000000000000000000e+00
-3.789300203323363814e+00 1.547156333923340066e+00 -6.482644081115722656e-01 9.000000000000000000e+00
-4.911759376525878906e+00 2.007452726364136186e+00 -6.515135169029235840e-01 9.000000000000000000e+00
-6.812359333038330078e+00 2.785621881484984907e+00 -6.439066529273986816e-01 2.000000000000000000e+00
-3.290755462646483664e+01 1.348295497894286932e+01 -6.207472085952758789e-01 1.400000000000000000e+01
-2.279536962509154829e+00 9.381613135337829590e-01 -6.605061888694763184e-01 1.900000000000000000e+01
-6.078098678588867188e+01 2.502729797363280895e+01 1.147356152534485085e+00 4.600000000000000000e+01
-2.607247352600098100e+00 1.074097514152527078e+00 -6.510083675384521484e-01 1.300000000000000000e+01
-3.085702419281005859e+00 1.271834731101989968e+00 -6.487506031990051270e-01 1.100000000000000000e+01
-3.787256240844727007e+00 1.562541246414185014e+00 -6.488901376724243164e-01 9.000000000000000000e+00
-4.893360137939453125e+00 2.020895242691040039e+00 -6.500510573387145996e-01 9.000000000000000000e+00
-6.827883243560791016e+00 2.821223497390747070e+00 -6.463469862937927246e-01 2.000000000000000000e+00
-1.130446338653563920e+01 4.675529003143311435e+00 -6.411154866218566895e-01 3.000000000000000000e+00
-3.288008880615233664e+01 1.361265563964843928e+01 -6.211660504341125488e-01 1.400000000000000000e+01
-2.265544891357421875e+00 9.416638612747192383e-01 -6.574003696441650391e-01 1.700000000000000000e+01
-2.610679149627685991e+00 1.086186289787292036e+00 -6.528079509735107422e-01 1.600000000000000000e+01
-3.073994159698485884e+00 1.279580235481261985e+00 -6.472241282463073730e-01 1.100000000000000000e+01
-3.767191648483275923e+00 1.569673538208008035e+00 -6.463872194290161133e-01 9.000000000000000000e+00
-4.873451232910156250e+00 2.032614946365356001e+00 -6.483449339866638184e-01 1.100000000000000000e+01
-6.781219005584716797e+00 2.829694747924805132e+00 -6.428607702255249023e-01 2.000000000000000000e+00
-1.128807449340819957e+01 4.714960575103759766e+00 -6.411154866218566895e-01 3.000000000000000000e+00
-3.283975219726563211e+01 1.373043155670166016e+01 -6.213056445121765137e-01 1.400000000000000000e+01
-2.249939918518065962e+00 9.439398646354675293e-01 -6.537768840789794922e-01 1.900000000000000000e+01
-2.612452983856201172e+00 1.097101211547852007e+00 -6.541576385498046875e-01 1.500000000000000000e+01
-3.067924022674560991e+00 1.289006471633910911e+00 -6.468424797058105469e-01 1.200000000000000000e+01
-3.780174493789672852e+00 1.589815497398376021e+00 -6.495159268379211426e-01 9.000000000000000000e+00
-4.870343208312988281e+00 2.050305128097534180e+00 -6.488323807716369629e-01 1.100000000000000000e+01
-6.768126010894775391e+00 2.850619792938231978e+00 -6.425121426582336426e-01 2.000000000000000000e+00
-1.127237701416015980e+01 4.752367019653320312e+00 -6.411154866218566895e-01 3.000000000000000000e+00
-3.283088684082031250e+01 1.385480594635009943e+01 -6.220037937164306641e-01 1.400000000000000000e+01
-2.250188827514647993e+00 9.532950520515441895e-01 -6.548121571540832520e-01 1.900000000000000000e+01
-6.088827896118164062e+01 2.580792427062987926e+01 1.154337048530579057e+00 4.400000000000000000e+01
-2.605019330978393999e+00 1.104692101478577104e+00 -6.532578468322753906e-01 1.500000000000000000e+01
-3.065212965011597124e+00 1.300474405288696067e+00 -6.472241282463073730e-01 1.100000000000000000e+01
-3.749147176742554155e+00 1.592190861701965110e+00 -6.451357603073120117e-01 9.000000000000000000e+00
-4.870463848114013672e+00 2.070399761199951172e+00 -6.498073339462280273e-01 1.100000000000000000e+01
-6.736132621765136719e+00 2.864870309829711914e+00 -6.404203772544860840e-01 2.000000000000000000e+00
-1.125571918487549006e+01 4.791686058044433594e+00 -6.411154866218566895e-01 3.000000000000000000e+00
-3.280072021484375000e+01 1.397716236114501953e+01 -6.223528385162353516e-01 7.000000000000000000e+00
-2.250567674636840820e+00 9.622706770896911621e-01 -6.558474898338317871e-01 1.900000000000000000e+01
-6.080236434936522727e+01 2.600969505310058949e+01 1.154337048530579057e+00 4.400000000000000000e+01
-2.585217714309691939e+00 1.106423735618591087e+00 -6.492087244987487793e-01 1.400000000000000000e+01
-3.064493179321289062e+00 1.312177419662476030e+00 -6.479873657226562500e-01 1.200000000000000000e+01
-3.743846654891968218e+00 1.604614734649657981e+00 -6.451357603073120117e-01 9.000000000000000000e+00
-4.859922885894775391e+00 2.084974050521851030e+00 -6.493198871612548828e-01 1.100000000000000000e+01
-6.726595401763916016e+00 2.887192487716674805e+00 -6.404203772544860840e-01 2.000000000000000000e+00
-1.123976707458495916e+01 4.828985214233398438e+00 -6.411154866218566895e-01 3.000000000000000000e+00
-3.282032394409179688e+01 1.411429691314697088e+01 -6.236093640327453613e-01 7.000000000000000000e+00
-2.250742435455321822e+00 9.716521501541137695e-01 -6.568827629089355469e-01 1.900000000000000000e+01
-2.574184179306029829e+00 1.112349152565001997e+00 -6.474091410636901855e-01 1.400000000000000000e+01
-3.056290149688721147e+00 1.321308374404907005e+00 -6.472241282463073730e-01 1.100000000000000000e+01
-3.736409664154053178e+00 1.616888880729675071e+00 -6.448228359222412109e-01 9.000000000000000000e+00
-4.834399700164794922e+00 2.094035387039185014e+00 -6.468824744224548340e-01 1.100000000000000000e+01
-6.727445125579833984e+00 2.915408372879027876e+00 -6.414662599563598633e-01 3.000000000000000000e+00
-1.122284317016601918e+01 4.868189811706542969e+00 -6.411154866218566895e-01 3.000000000000000000e+00
-3.276718521118164062e+01 1.422718238830566051e+01 -6.235395669937133789e-01 7.000000000000000000e+00
-2.242024183273314986e+00 9.771871566772460938e-01 -6.553298234939575195e-01 1.700000000000000000e+01
-2.579216480255126953e+00 1.125224113464355025e+00 -6.496586203575134277e-01 1.500000000000000000e+01
-3.051659345626831055e+00 1.331968784332274947e+00 -6.472241282463073730e-01 1.100000000000000000e+01
-3.743414163589477983e+00 1.635457396507262962e+00 -6.470129489898681641e-01 9.000000000000000000e+00
-6.094311141967772727e+01 2.663805770874023082e+01 8.166464805603027344e+00 6.300000000000000000e+01
-4.821604728698729581e+00 2.108511924743651900e+00 -6.461512446403503418e-01 1.100000000000000000e+01
-6.706275463104248047e+00 2.934082269668579102e+00 -6.404203772544860840e-01 3.000000000000000000e+00
-1.120578098297118963e+01 4.907335281372070312e+00 -6.411154866218566895e-01 3.000000000000000000e+00
-3.274662780761718750e+01 1.435431957244873047e+01 -6.240980625152587891e-01 7.000000000000000000e+00
-2.224453449249268022e+00 9.787829518318176270e-01 -6.511887311935424805e-01 1.800000000000000000e+01
-6.089270401000977273e+01 2.680611610412598012e+01 1.161318063735961914e+00 4.300000000000000000e+01
-2.589540481567382812e+00 1.140504240989685059e+00 -6.532578468322753906e-01 1.500000000000000000e+01
-3.039804935455321822e+00 1.339446425437927024e+00 -6.456976532936096191e-01 1.100000000000000000e+01
-3.723223447799683061e+00 1.642137169837952104e+00 -6.445099711418151855e-01 9.000000000000000000e+00
-6.094056320190429688e+01 2.689069747924805043e+01 8.178651809692382812e+00 6.300000000000000000e+01
-4.819663047790527344e+00 2.127734661102294922e+00 -6.468824744224548340e-01 1.100000000000000000e+01
-6.688702583312988281e+00 2.954253673553466797e+00 -6.397231221199035645e-01 2.000000000000000000e+00
-1.118858337402343928e+01 4.946420669555664062e+00 -6.411154866218566895e-01 3.000000000000000000e+00
-3.271460723876953125e+01 1.447663116455077947e+01 -6.244471073150634766e-01 7.000000000000000000e+00
-2.224554300308227983e+00 9.881101846694946289e-01 -6.522240042686462402e-01 1.800000000000000000e+01
-2.571298360824584961e+00 1.143202900886536089e+00 -6.496586203575134277e-01 1.500000000000000000e+01
-3.036904573440552202e+00 1.350847005844115989e+00 -6.460792422294616699e-01 1.200000000000000000e+01
-3.721077680587768999e+00 1.656730532646178977e+00 -6.451357603073120117e-01 9.000000000000000000e+00
-4.806766986846923828e+00 2.142121315002440962e+00 -6.461512446403503418e-01 9.000000000000000000e+00
-6.645594596862792969e+00 2.962979555130004883e+00 -6.365855336189270020e-01 2.000000000000000000e+00
-1.110558891296387074e+01 4.956143856048583984e+00 -6.373472809791564941e-01 3.000000000000000000e+00
-3.276977539062500000e+01 1.463804149627686080e+01 -6.264715790748596191e-01 1.400000000000000000e+01
-2.221091747283935991e+00 9.958693385124206543e-01 -6.522240042686462402e-01 1.800000000000000000e+01
-2.569069862365723100e+00 1.152969360351562944e+00 -6.501085758209228516e-01 1.600000000000000000e+01
-3.030379772186278853e+00 1.360635399818419966e+00 -6.456976532936096191e-01 1.200000000000000000e+01
-3.700857877731322798e+00 1.663231492042541948e+00 -6.426327824592590332e-01 9.000000000000000000e+00
-4.779346466064453125e+00 2.149929046630858931e+00 -6.434701085090637207e-01 1.300000000000000000e+01
-6.631577491760253906e+00 2.984523773193358931e+00 -6.362369060516357422e-01 2.000000000000000000e+00
-1.106272697448729936e+01 4.983395099639892578e+00 -6.358818411827087402e-01 3.000000000000000000e+00
-3.277681350708007812e+01 1.477864265441895064e+01 -6.275885105133056641e-01 7.000000000000000000e+00
-2.231681823730469194e+00 1.009988427162169966e+00 -6.563650965690612793e-01 1.700000000000000000e+01
-2.561479568481444868e+00 1.160321831703186035e+00 -6.492087244987487793e-01 1.400000000000000000e+01
-3.027400016784667969e+00 1.372015595436095969e+00 -6.460792422294616699e-01 1.200000000000000000e+01
-3.698627471923828125e+00 1.677771806716918945e+00 -6.432585120201110840e-01 9.000000000000000000e+00
-4.759160041809082031e+00 2.160854101181029829e+00 -6.417639851570129395e-01 9.000000000000000000e+00
-6.628375053405761719e+00 3.010950088500977007e+00 -6.369341611862182617e-01 2.000000000000000000e+00
-1.095435714721680043e+01 4.980647563934326172e+00 -6.306482553482055664e-01 3.000000000000000000e+00
-3.275414657592772727e+01 1.490621757507324041e+01 -6.281470060348510742e-01 7.000000000000000000e+00
-2.229899883270264116e+00 1.018575072288512962e+00 -6.568827629089355469e-01 1.900000000000000000e+01
-6.087625122070313211e+01 2.781993103027344105e+01 1.168298959732056108e+00 4.200000000000000000e+01
-2.553869009017943892e+00 1.167635440826416016e+00 -6.483089327812194824e-01 1.400000000000000000e+01
-3.010094881057738814e+00 1.376858234405518022e+00 -6.434079408645629883e-01 1.100000000000000000e+01
-3.692748308181763139e+00 1.690672159194946067e+00 -6.432585120201110840e-01 9.000000000000000000e+00
-4.760611534118652344e+00 2.181588411331177202e+00 -6.429826617240905762e-01 1.100000000000000000e+01
-6.610579967498779297e+00 3.030747652053833008e+00 -6.362369060516357422e-01 2.000000000000000000e+00
-1.093690395355224965e+01 5.018855094909667969e+00 -6.306482553482055664e-01 3.000000000000000000e+00
-3.278187179565429688e+01 1.505718517303466975e+01 -6.296828389167785645e-01 7.000000000000000000e+00
-2.207032442092895952e+00 1.017455935478210005e+00 -6.511887311935424805e-01 1.800000000000000000e+01
-2.563933372497559038e+00 1.183074831962585005e+00 -6.519081592559814453e-01 1.300000000000000000e+01
-3.007052898406981978e+00 1.388180017471313032e+00 -6.437895298004150391e-01 1.200000000000000000e+01
-3.674271821975708008e+00 1.697751998901366965e+00 -6.410684585571289062e-01 9.000000000000000000e+00
-4.765579223632813388e+00 2.204025745391846147e+00 -6.446888446807861328e-01 1.100000000000000000e+01
-6.599960803985595703e+00 3.053804397583007812e+00 -6.362369060516357422e-01 2.000000000000000000e+00
-1.091931819915770951e+01 5.057001590728759766e+00 -6.306482553482055664e-01 3.000000000000000000e+00
-3.276539611816406250e+01 1.518834304809569957e+01 -6.303809285163879395e-01 7.000000000000000000e+00
-2.203467607498168945e+00 1.025153756141663042e+00 -6.511887311935424805e-01 1.800000000000000000e+01
-6.086184310913085938e+01 2.832863044738769887e+01 1.171789526939392090e+00 4.100000000000000000e+01
-2.545655250549315962e+00 1.185436248779297097e+00 -6.483089327812194824e-01 1.300000000000000000e+01
-3.002188920974731001e+00 1.398668050765990989e+00 -6.437895298004150391e-01 1.200000000000000000e+01
-3.670113563537598100e+00 1.711402058601378950e+00 -6.413813233375549316e-01 9.000000000000000000e+00
-4.745265007019042969e+00 2.214770317077637163e+00 -6.429826617240905762e-01 1.100000000000000000e+01
-6.567597389221191406e+00 3.066708564758300781e+00 -6.341452002525329590e-01 2.000000000000000000e+00
-1.095226287841797053e+01 5.118764877319335938e+00 -6.335790753364562988e-01 3.000000000000000000e+00
-3.271218109130858664e+01 1.530262374877930043e+01 -6.303809285163879395e-01 7.000000000000000000e+00
-2.205121755599976030e+00 1.035302042961121050e+00 -6.527416110038757324e-01 1.900000000000000000e+01
-2.537974357604980025e+00 1.192657351493835005e+00 -6.474091410636901855e-01 1.400000000000000000e+01
-3.006171941757202148e+00 1.413315653800963911e+00 -6.456976532936096191e-01 1.100000000000000000e+01
-3.667691946029663086e+00 1.725884795188904031e+00 -6.420070528984069824e-01 9.000000000000000000e+00
-4.719546318054199219e+00 2.222862482070922852e+00 -6.405452489852905273e-01 1.100000000000000000e+01
-6.542433738708496094e+00 3.082820892333983931e+00 -6.327506899833679199e-01 2.000000000000000000e+00
-1.088374805450438920e+01 5.133109092712402344e+00 -6.306482553482055664e-01 3.000000000000000000e+00
-2.210223674774169922e+00 1.047128677368164062e+00 -6.553298234939575195e-01 1.900000000000000000e+01
-6.084328842163085938e+01 2.883847999572753906e+01 1.175279974937438965e+00 4.100000000000000000e+01
-2.530274152755736861e+00 1.199839353561400923e+00 -6.465093493461608887e-01 1.400000000000000000e+01
-2.990577459335327148e+00 1.418751597404479980e+00 -6.434079408645629883e-01 1.100000000000000000e+01
-3.650938510894774947e+00 1.733593106269835982e+00 -6.401298046112060547e-01 9.000000000000000000e+00
-4.697415351867675781e+00 2.232506513595581055e+00 -6.385953426361083984e-01 1.000000000000000000e+01
-6.506442070007324219e+00 3.093661785125731978e+00 -6.303103566169738770e-01 2.000000000000000000e+00
-1.086576366424561080e+01 5.171069145202636719e+00 -6.306482553482055664e-01 3.000000000000000000e+00
-2.196463823318481001e+00 1.049071550369262917e+00 -6.522240042686462402e-01 1.700000000000000000e+01
-2.533524990081787109e+00 1.211144447326659934e+00 -6.483089327812194824e-01 1.400000000000000000e+01
-2.973707914352416992e+00 1.422210335731505904e+00 -6.407365798950195312e-01 1.200000000000000000e+01
-3.663291931152344194e+00 1.753583431243896040e+00 -6.432585120201110840e-01 9.000000000000000000e+00
-4.701119899749755859e+00 2.252399206161499023e+00 -6.400578022003173828e-01 1.100000000000000000e+01
-6.507471084594726562e+00 3.119254350662231001e+00 -6.313561797142028809e-01 2.000000000000000000e+00
-1.066939067840575994e+01 5.118786334991455078e+00 -6.201810836791992188e-01 3.000000000000000000e+00
-2.177125692367554155e+00 1.049184083938599077e+00 -6.475652456283569336e-01 1.600000000000000000e+01
-6.101094055175781250e+01 2.941506004333496094e+01 1.182260870933532937e+00 3.900000000000000000e+01
-2.532792329788208008e+00 1.221673965454102007e+00 -6.492087244987487793e-01 1.300000000000000000e+01
-2.974029779434204102e+00 1.435141563415526900e+00 -6.418814659118652344e-01 1.100000000000000000e+01
-3.635803222656250000e+00 1.756050467491149902e+00 -6.395040750503540039e-01 1.000000000000000000e+01
-4.686079978942871094e+00 2.265339612960814986e+00 -6.390828490257263184e-01 1.000000000000000000e+01
-6.510891914367675781e+00 3.148890256881713867e+00 -6.327506899833679199e-01 3.000000000000000000e+00
-1.065145778656006037e+01 5.155998229980468750e+00 -6.201810836791992188e-01 3.000000000000000000e+00
-2.185425996780395952e+00 1.063071966171265093e+00 -6.511887311935424805e-01 1.700000000000000000e+01
-6.090272140502929688e+01 2.963847923278808949e+01 1.182260870933532937e+00 3.900000000000000000e+01
-2.517784833908081055e+00 1.225830674171447976e+00 -6.465093493461608887e-01 1.400000000000000000e+01
-2.972279787063599077e+00 1.447751641273498979e+00 -6.426447033882141113e-01 1.100000000000000000e+01
-3.624015808105469194e+00 1.766767621040344016e+00 -6.385654807090759277e-01 1.000000000000000000e+01
-4.681313514709472656e+00 2.284240722656250000e+00 -6.395702958106994629e-01 1.000000000000000000e+01
-6.481402873992919922e+00 3.163992404937744141e+00 -6.310075521469116211e-01 3.000000000000000000e+00
-1.063248920440674006e+01 5.195003032684326172e+00 -6.201810836791992188e-01 3.000000000000000000e+00
-2.179967641830443892e+00 1.069842934608459029e+00 -6.506710648536682129e-01 2.100000000000000000e+01
-2.501246690750122070e+00 1.228597760200500044e+00 -6.433600187301635742e-01 1.200000000000000000e+01
-2.968970060348511186e+00 1.458983898162842019e+00 -6.430262923240661621e-01 1.200000000000000000e+01
-3.614281415939331055e+00 1.777663469314574973e+00 -6.379397511482238770e-01 1.000000000000000000e+01
-4.660844802856445312e+00 2.294430494308472124e+00 -6.378641724586486816e-01 9.000000000000000000e+00
-6.466743946075438565e+00 3.184836864471435991e+00 -6.306589841842651367e-01 3.000000000000000000e+00
-1.061429023742675959e+01 5.232085704803466797e+00 -6.201810836791992188e-01 3.000000000000000000e+00
-2.184876441955565962e+00 1.081731677055359109e+00 -6.532592773437500000e-01 1.900000000000000000e+01
-2.507419586181641069e+00 1.242512822151184082e+00 -6.460594534873962402e-01 1.500000000000000000e+01
-2.958582162857056108e+00 1.466722607612610085e+00 -6.418814659118652344e-01 1.100000000000000000e+01
-3.609823703765869141e+00 1.791146755218506081e+00 -6.382526159286499023e-01 9.000000000000000000e+00
-4.631472110748291016e+00 2.300090551376343218e+00 -6.349392533302307129e-01 9.000000000000000000e+00
-6.494842052459716797e+00 3.226893901824951172e+00 -6.344938278198242188e-01 3.000000000000000000e+00
-1.059596157073974965e+01 5.269104480743408203e+00 -6.201810836791992188e-01 3.000000000000000000e+00
-2.170717477798461914e+00 1.084172606468200906e+00 -6.501534581184387207e-01 1.800000000000000000e+01
-6.094677734375000000e+01 3.045337867736816051e+01 1.189241886138916016e+00 3.800000000000000000e+01
-2.504810333251953125e+00 1.252129077911376953e+00 -6.465093493461608887e-01 1.400000000000000000e+01
-2.944664955139160156e+00 1.472650408744812012e+00 -6.399733424186706543e-01 1.200000000000000000e+01
-3.607082366943358931e+00 1.805504918098449929e+00 -6.388783454895019531e-01 9.000000000000000000e+00
-4.619865894317626953e+00 2.314465045928955078e+00 -6.344518065452575684e-01 9.000000000000000000e+00
-6.458601951599121094e+00 3.237047195434569868e+00 -6.320534348487854004e-01 3.000000000000000000e+00
-1.050966644287109020e+01 5.272028923034667969e+00 -6.162035465240478516e-01 3.000000000000000000e+00
-2.161743879318236861e+00 1.089135527610779031e+00 -6.486005187034606934e-01 1.900000000000000000e+01
-2.503904342651367188e+00 1.262619733810425027e+00 -6.474091410636901855e-01 1.400000000000000000e+01
-2.946517705917357954e+00 1.486457228660583052e+00 -6.414998173713684082e-01 1.200000000000000000e+01
-3.588414430618286133e+00 1.811852574348449929e+00 -6.366882920265197754e-01 1.000000000000000000e+01
-4.618845462799072266e+00 2.334158658981322798e+00 -6.354267597198486328e-01 9.000000000000000000e+00
-6.418814182281494141e+00 3.245189189910889116e+00 -6.292644739151000977e-01 3.000000000000000000e+00
-1.048763465881348012e+01 5.306879043579101562e+00 -6.159942150115966797e-01 3.000000000000000000e+00
-2.166540145874022993e+00 1.101050972938538042e+00 -6.511887311935424805e-01 2.000000000000000000e+01
-2.496007680892943892e+00 1.269585371017456055e+00 -6.465093493461608887e-01 1.400000000000000000e+01
-2.937811613082886186e+00 1.494952678680419922e+00 -6.407365798950195312e-01 1.200000000000000000e+01
-3.569746494293212891e+00 1.818091988563538042e+00 -6.344981789588928223e-01 9.000000000000000000e+00
-4.612438201904296875e+00 2.351168632507324219e+00 -6.356704831123352051e-01 9.000000000000000000e+00
-6.400347232818604404e+00 3.263954639434814009e+00 -6.285672187805175781e-01 3.000000000000000000e+00
-1.045481491088867010e+01 5.336191177368164062e+00 -6.151568293571472168e-01 3.000000000000000000e+00
-2.166121721267700195e+00 1.110369443893433061e+00 -6.522240042686462402e-01 2.000000000000000000e+01
-2.484625339508057085e+00 1.274732112884521040e+00 -6.447097063064575195e-01 1.400000000000000000e+01
-2.943055152893065962e+00 1.510577440261841042e+00 -6.430262923240661621e-01 1.200000000000000000e+01
-3.563378334045410156e+00 1.830541610717772993e+00 -6.344981789588928223e-01 9.000000000000000000e+00
-4.590079307556152344e+00 2.359993219375609907e+00 -6.337205767631530762e-01 7.000000000000000000e+00
-6.388915061950683594e+00 3.286276102066040039e+00 -6.285672187805175781e-01 2.000000000000000000e+00
-1.034733676910400035e+01 5.326943874359130859e+00 -6.099232435226440430e-01 3.000000000000000000e+00
-2.165664672851562944e+00 1.119698286056518999e+00 -6.532592773437500000e-01 1.900000000000000000e+01
-2.483622074127196822e+00 1.285188436508178933e+00 -6.456094980239868164e-01 1.400000000000000000e+01
-2.929046869277954102e+00 1.516328454017638938e+00 -6.411182284355163574e-01 1.300000000000000000e+01
-3.558720827102661133e+00 1.843877673149109109e+00 -6.348110437393188477e-01 8.000000000000000000e+00
-4.585338115692138672e+00 2.377828836441040039e+00 -6.342080831527709961e-01 7.000000000000000000e+00
-6.377405166625976562e+00 3.308557510375977007e+00 -6.285672187805175781e-01 2.000000000000000000e+00
-1.032867908477783025e+01 5.363030433654785156e+00 -6.099232435226440430e-01 3.000000000000000000e+00
-2.151465415954589844e+00 1.121891736984252930e+00 -6.501534581184387207e-01 1.800000000000000000e+01
-2.475665569305419922e+00 1.292046785354614036e+00 -6.447097063064575195e-01 1.400000000000000000e+01
-2.911553859710692915e+00 1.520182967185973899e+00 -6.384469270706176758e-01 1.300000000000000000e+01
-3.540007591247559038e+00 1.849884629249572976e+00 -6.326209902763366699e-01 6.000000000000000000e+00
-4.571732997894287109e+00 2.391060352325439009e+00 -6.334768533706665039e-01 9.000000000000000000e+00
-6.362286567687988281e+00 3.328951358795166016e+00 -6.282185912132263184e-01 2.000000000000000000e+00
-1.030989551544188920e+01 5.399051666259765625e+00 -6.099232435226440430e-01 3.000000000000000000e+00
-2.140697002410889116e+00 1.125798106193542036e+00 -6.480829119682312012e-01 1.800000000000000000e+01
-2.481487274169921875e+00 1.306126594543457031e+00 -6.474091410636901855e-01 1.300000000000000000e+01
-2.911441087722777876e+00 1.533081054687500000e+00 -6.395917534828186035e-01 1.200000000000000000e+01
-3.557994365692139116e+00 1.875124096870421919e+00 -6.370011568069458008e-01 5.000000000000000000e+00
-6.093759536743164062e+01 3.212874984741210938e+01 8.458463668823242188e+00 6.300000000000000000e+01
-4.561603069305419922e+00 2.406077861785889116e+00 -6.332331299781799316e-01 1.000000000000000000e+01
-6.329482078552246094e+00 3.339981555938721147e+00 -6.261268854141235352e-01 2.000000000000000000e+00
-1.029098701477050959e+01 5.435006618499755859e+00 -6.099232435226440430e-01 3.000000000000000000e+00
-2.138460636138916016e+00 1.134168863296509011e+00 -6.486005187034606934e-01 1.900000000000000000e+01
-2.459700107574462891e+00 1.305643916130065918e+00 -6.429101228713989258e-01 1.400000000000000000e+01
-2.902603864669799805e+00 1.541392922401428001e+00 -6.388285160064697266e-01 1.300000000000000000e+01
-3.537472724914550781e+00 1.880115747451782005e+00 -6.344981789588928223e-01 7.000000000000000000e+00
-6.100034713745117188e+01 3.243445968627929688e+01 8.482837677001953125e+00 6.300000000000000000e+01
-4.563691616058349609e+00 2.427579641342163086e+00 -6.346955299377441406e-01 1.000000000000000000e+01
-6.328338146209716797e+00 3.367671012878417969e+00 -6.271727085113525391e-01 2.000000000000000000e+00
-1.027195262908936080e+01 5.470895767211914062e+00 -6.099232435226440430e-01 3.000000000000000000e+00
-2.137895822525023970e+00 1.143448829650878906e+00 -6.496357917785644531e-01 1.900000000000000000e+01
-2.455127477645874023e+00 1.314221858978271040e+00 -6.429101228713989258e-01 1.400000000000000000e+01
-2.900667190551757812e+00 1.553369283676147017e+00 -6.395917534828186035e-01 1.300000000000000000e+01
-3.530888319015502930e+00 1.892452359199523926e+00 -6.344981789588928223e-01 9.000000000000000000e+00
-4.548192977905273438e+00 2.439741849899291992e+00 -6.337205767631530762e-01 1.000000000000000000e+01
-6.309521675109863281e+00 3.385972023010253906e+00 -6.264754533767700195e-01 2.000000000000000000e+00
-1.025279331207275035e+01 5.506718635559082031e+00 -6.099232435226440430e-01 3.000000000000000000e+00
-2.135993480682373047e+00 1.151075959205626997e+00 -6.501534581184387207e-01 1.900000000000000000e+01
-2.444126129150391069e+00 1.318228125572205034e+00 -6.411104798316955566e-01 1.400000000000000000e+01
-2.888861656188964844e+00 1.558745265007019043e+00 -6.380652785301208496e-01 1.400000000000000000e+01
-3.524925470352172852e+00 1.903535604476928933e+00 -6.344981789588928223e-01 9.000000000000000000e+00
-4.530027866363525391e+00 2.448355197906494141e+00 -6.322581768035888672e-01 1.000000000000000000e+01
-6.288337707519531250e+00 3.400091409683227983e+00 -6.254296302795410156e-01 2.000000000000000000e+00
-1.023544216156006037e+01 5.538901329040527344e+00 -6.099232435226440430e-01 3.000000000000000000e+00
-2.120080709457397017e+00 1.152068257331847922e+00 -6.465299725532531738e-01 1.900000000000000000e+01
-2.451493263244628906e+00 1.333269000053405984e+00 -6.442598104476928711e-01 1.500000000000000000e+01
-2.869606971740723100e+00 1.561313390731811968e+00 -6.350123286247253418e-01 1.400000000000000000e+01
-3.532138347625731978e+00 1.923385739326477051e+00 -6.370011568069458008e-01 9.000000000000000000e+00
-4.531911849975585938e+00 2.469852685928345171e+00 -6.337205767631530762e-01 1.000000000000000000e+01
-6.276431083679199219e+00 3.422021150588988814e+00 -6.254296302795410156e-01 2.000000000000000000e+00
-1.021604537963867010e+01 5.574595928192138672e+00 -6.099232435226440430e-01 3.000000000000000000e+00
-2.113947391510010210e+00 1.159271359443664995e+00 -6.460123658180236816e-01 1.800000000000000000e+01
-2.444647312164307085e+00 1.341734647750854048e+00 -6.438099145889282227e-01 1.400000000000000000e+01
-2.872195243835449219e+00 1.577044844627379927e+00 -6.369204521179199219e-01 1.500000000000000000e+01
-3.517802238464355025e+00 1.933128595352173074e+00 -6.357496380805969238e-01 9.000000000000000000e+00
-4.518916130065917969e+00 2.485322475433350053e+00 -6.332331299781799316e-01 1.000000000000000000e+01
-6.238806724548339844e+00 3.432649374008179155e+00 -6.229892373085021973e-01 3.000000000000000000e+00
-1.019456577301025035e+01 5.613781452178955078e+00 -6.099232435226440430e-01 3.000000000000000000e+00
-2.113269329071044922e+00 1.168512940406799094e+00 -6.470476388931274414e-01 1.900000000000000000e+01
-2.443359136581420898e+00 1.352146983146667036e+00 -6.447097063064575195e-01 1.400000000000000000e+01
-2.868390560150146040e+00 1.588011980056762917e+00 -6.373020410537719727e-01 1.700000000000000000e+01
-3.490298509597777876e+00 1.933907747268676980e+00 -6.319952607154846191e-01 9.000000000000000000e+00
-4.496325016021729404e+00 2.493379592895507812e+00 -6.312832236289978027e-01 1.000000000000000000e+01
-6.219817161560058594e+00 3.450539827346802202e+00 -6.222919821739196777e-01 3.000000000000000000e+00
-1.017490768432617010e+01 5.649333000183104581e+00 -6.099232435226440430e-01 3.000000000000000000e+00
-2.114650726318358931e+00 1.177966594696044922e+00 -6.486005187034606934e-01 1.900000000000000000e+01
-6.090808105468750000e+01 3.394278717041016336e+01 1.217095971107482910e+00 3.300000000000000000e+01
-2.427184581756591797e+00 1.353173851966857910e+00 -6.415604352951049805e-01 1.500000000000000000e+01
-2.859958171844481978e+00 1.595102906227112038e+00 -6.365388035774230957e-01 1.700000000000000000e+01
-3.484205722808837891e+00 1.944863319396973100e+00 -6.319952607154846191e-01 9.000000000000000000e+00
-4.495401859283447266e+00 2.511365652084351030e+00 -6.322581768035888672e-01 1.000000000000000000e+01
-6.222859859466552734e+00 3.477838993072510210e+00 -6.236864924430847168e-01 3.000000000000000000e+00
-1.006995391845702947e+01 5.632521152496337891e+00 -6.046896576881408691e-01 3.000000000000000000e+00
-2.115579128265380859e+00 1.188178896903991921e+00 -6.501534581184387207e-01 2.000000000000000000e+01
-2.417350053787231001e+00 1.358773469924926980e+00 -6.402106881141662598e-01 1.200000000000000000e+01
-2.859506607055664062e+00 1.607963085174560991e+00 -6.376836895942687988e-01 1.300000000000000000e+01
-3.484281539916992188e+00 1.960888862609863059e+00 -6.332467198371887207e-01 9.000000000000000000e+00
-4.465852737426757812e+00 2.515351772308350053e+00 -6.293333172798156738e-01 1.000000000000000000e+01
-6.196795940399169922e+00 3.491714954376221147e+00 -6.222919821739196777e-01 3.000000000000000000e+00
-1.000847911834716975e+01 5.644091606140136719e+00 -6.021775007247924805e-01 3.000000000000000000e+00
-2.102597713470458984e+00 1.191531062126159890e+00 -6.475652456283569336e-01 1.900000000000000000e+01
-2.415504932403564009e+00 1.369968175888061968e+00 -6.411104798316955566e-01 1.200000000000000000e+01
-2.837943553924560991e+00 1.610211372375488059e+00 -6.342490911483764648e-01 1.200000000000000000e+01
-3.476726531982421875e+00 1.974253058433532937e+00 -6.332467198371887207e-01 1.000000000000000000e+01
-4.454435825347900391e+00 2.531500101089477983e+00 -6.290895342826843262e-01 9.000000000000000000e+00
-6.186807155609130859e+00 3.517452716827393022e+00 -6.226406097412109375e-01 2.000000000000000000e+00
-9.941599845886230469e+00 5.656798362731933594e+00 -5.994560718536376953e-01 3.000000000000000000e+00
-2.085006475448607954e+00 1.191196680068969949e+00 -6.434241533279418945e-01 1.900000000000000000e+01
-2.410708189010620117e+00 1.378391504287719949e+00 -6.411104798316955566e-01 1.200000000000000000e+01
-2.834009647369385210e+00 1.621082663536071999e+00 -6.346307396888732910e-01 1.200000000000000000e+01
-3.468099594116210938e+00 1.985395669937134011e+00 -6.329338550567626953e-01 1.000000000000000000e+01
-4.457628726959229404e+00 2.553941488265991211e+00 -6.307957172393798828e-01 1.000000000000000000e+01
-6.127819538116455078e+00 3.512276411056518999e+00 -6.179342269897460938e-01 3.000000000000000000e+00
-9.921792984008789062e+00 5.691466808319091797e+00 -5.994560718536376953e-01 3.000000000000000000e+00
-2.084183692932128906e+00 1.200395703315735085e+00 -6.444594264030456543e-01 1.900000000000000000e+01
-2.409258842468262163e+00 1.388744473457335982e+00 -6.420103311538696289e-01 1.200000000000000000e+01
-2.835136651992797852e+00 1.634888291358947976e+00 -6.361572146415710449e-01 1.300000000000000000e+01
-3.456015348434447798e+00 1.994527339935302956e+00 -6.319952607154846191e-01 1.100000000000000000e+01
-4.434935092926025391e+00 2.561543226242064986e+00 -6.288458108901977539e-01 1.000000000000000000e+01
-6.131048202514648438e+00 3.542616367340087891e+00 -6.195030212402343750e-01 2.000000000000000000e+00
-9.901865959167480469e+00 5.726065635681152344e+00 -5.994560718536376953e-01 3.000000000000000000e+00
-2.086663484573363814e+00 1.211543679237365945e+00 -6.465299725532531738e-01 1.900000000000000000e+01
-2.394286870956420898e+00 1.391271352767943892e+00 -6.393108963966369629e-01 1.300000000000000000e+01
-2.837899208068848100e+00 1.649708151817321999e+00 -6.380652785301208496e-01 1.200000000000000000e+01
-3.442202329635620117e+00 2.002605438232421875e+00 -6.307437419891357422e-01 1.100000000000000000e+01
-4.427681922912597656e+00 2.578007221221923828e+00 -6.290895342826843262e-01 9.000000000000000000e+00
-6.115201473236083984e+00 3.561990499496459961e+00 -6.191543936729431152e-01 3.000000000000000000e+00
-9.833503723144531250e+00 5.732430458068847656e+00 -5.965252518653869629e-01 3.000000000000000000e+00
-2.087636709213256836e+00 1.221383213996886985e+00 -6.480829119682312012e-01 2.000000000000000000e+01
-2.389660120010375977e+00 1.399203538894653098e+00 -6.393108963966369629e-01 1.300000000000000000e+01
-2.817166805267333984e+00 1.650179266929626021e+00 -6.346307396888732910e-01 1.200000000000000000e+01
-3.437246799468994141e+00 2.015008211135863814e+00 -6.310566067695617676e-01 1.000000000000000000e+01
-3.605683898925781250e+01 2.114596366882323863e+01 5.132405757904052734e+00 2.700000000000000000e+01
-4.386577606201171875e+00 2.573589801788330078e+00 -6.244584918022155762e-01 1.000000000000000000e+01
-6.079299926757813388e+00 3.568130493164062944e+00 -6.167140603065490723e-01 3.000000000000000000e+00
-9.755887985229492188e+00 5.730614185333251953e+00 -5.929663777351379395e-01 3.000000000000000000e+00
-2.080032587051392046e+00 1.226700305938720925e+00 -6.470476388931274414e-01 2.000000000000000000e+01
-2.394830703735352007e+00 1.413479566574096902e+00 -6.420103311538696289e-01 1.400000000000000000e+01
-2.806317806243896040e+00 1.657008290290832964e+00 -6.334858536720275879e-01 1.300000000000000000e+01
-3.442096710205078125e+00 2.034028768539429155e+00 -6.332467198371887207e-01 1.100000000000000000e+01
-3.591445159912108664e+01 2.123128890991210938e+01 5.122655868530273438e+00 2.700000000000000000e+01
-4.384401798248291016e+00 2.592928171157836914e+00 -6.254334449768066406e-01 1.000000000000000000e+01
-6.059948444366455078e+00 3.585271358489989790e+00 -6.160168051719665527e-01 2.000000000000000000e+00
-9.691142082214355469e+00 5.738176345825195312e+00 -5.902448892593383789e-01 3.000000000000000000e+00
-2.062453269958496094e+00 1.226056218147278054e+00 -6.429064869880676270e-01 1.900000000000000000e+01
-2.394906520843505859e+00 1.424819588661194070e+00 -6.433600187301635742e-01 1.200000000000000000e+01
-2.807264804840087891e+00 1.670810461044311968e+00 -6.350123286247253418e-01 1.200000000000000000e+01
-3.412913084030150923e+00 2.032890081405640093e+00 -6.291794180870056152e-01 1.000000000000000000e+01
-4.378734588623046875e+00 2.610249519348144975e+00 -6.259209513664245605e-01 1.000000000000000000e+01
-6.033707141876220703e+00 3.598238706588745117e+00 -6.146222949028015137e-01 2.000000000000000000e+00
-9.684772491455078125e+00 5.780158519744873047e+00 -5.910822749137878418e-01 3.000000000000000000e+00
-2.064789533615111861e+00 1.237219810485840066e+00 -6.449770331382751465e-01 2.000000000000000000e+01
-2.376548051834106001e+00 1.425153017044066939e+00 -6.397607922554016113e-01 1.300000000000000000e+01
-2.798048496246337891e+00 1.678579568862915039e+00 -6.342490911483764648e-01 1.200000000000000000e+01
-3.402408838272095171e+00 2.042757511138916016e+00 -6.285536885261535645e-01 1.000000000000000000e+01
-3.383559036254882812e+01 2.032243728637694957e+01 4.846256256103515625e+00 2.000000000000000000e+01
-4.376402378082275391e+00 2.629607915878295898e+00 -6.268959045410156250e-01 1.000000000000000000e+01
-6.045016765594482422e+00 3.633648872375487837e+00 -6.170626878738403320e-01 3.000000000000000000e+00
-9.602925300598144531e+00 5.776865005493164062e+00 -5.873141288757324219e-01 3.000000000000000000e+00
-2.057150840759276900e+00 1.242422342300415039e+00 -6.439417600631713867e-01 2.000000000000000000e+01
-2.364887952804564986e+00 1.429407835006714089e+00 -6.379612088203430176e-01 1.500000000000000000e+01
-2.797212123870850053e+00 1.691383838653564009e+00 -6.353939771652221680e-01 1.200000000000000000e+01
-3.395257711410522017e+00 2.054621696472167969e+00 -6.285536885261535645e-01 1.000000000000000000e+01
-3.344179534912108664e+01 2.024509429931640980e+01 4.799945831298828125e+00 2.000000000000000000e+01
-4.343425273895263672e+00 2.630471706390380859e+00 -6.234835386276245117e-01 1.000000000000000000e+01
-6.006735801696777344e+00 3.639241456985474077e+00 -6.144480109214782715e-01 3.000000000000000000e+00
-9.610027313232421875e+00 5.826919078826904297e+00 -5.889888405799865723e-01 3.000000000000000000e+00
-2.062702417373656782e+00 1.255622506141663042e+00 -6.470476388931274414e-01 2.000000000000000000e+01
-2.363212347030640093e+00 1.439681887626647949e+00 -6.388610005378723145e-01 1.200000000000000000e+01
-2.779555797576903853e+00 1.693985700607300027e+00 -6.327226161956787109e-01 1.200000000000000000e+01
-3.394810676574707031e+00 2.070575237274169922e+00 -6.298051476478576660e-01 1.000000000000000000e+01
-4.334216594696044922e+00 2.645617246627808061e+00 -6.234835386276245117e-01 1.000000000000000000e+01
-6.002498149871826172e+00 3.665378570556641069e+00 -6.153195500373840332e-01 3.000000000000000000e+00
-9.528277397155761719e+00 5.822935104370117188e+00 -5.852206349372863770e-01 3.000000000000000000e+00
-2.053367137908935991e+00 1.259784340858459029e+00 -6.454946994781494141e-01 2.100000000000000000e+01
-2.356511831283568892e+00 1.446902513504028098e+00 -6.384111046791076660e-01 1.200000000000000000e+01
-2.771952867507935014e+00 1.702650308609009011e+00 -6.323410272598266602e-01 1.200000000000000000e+01
-3.377465248107910156e+00 2.076205730438231978e+00 -6.279279589653015137e-01 1.000000000000000000e+01
-4.324955463409423828e+00 2.660730361938477007e+00 -6.234835386276245117e-01 1.000000000000000000e+01
-5.962518215179443359e+00 3.669600248336791992e+00 -6.125305891036987305e-01 3.000000000000000000e+00
-9.514695167541503906e+00 5.860349178314208984e+00 -5.856393575668334961e-01 3.000000000000000000e+00
-2.035812139511107954e+00 1.258816242218018022e+00 -6.413536071777343750e-01 2.100000000000000000e+01
-2.359732389450072798e+00 1.460246801376342995e+00 -6.406605839729309082e-01 1.400000000000000000e+01
-2.767661809921265093e+00 1.713349223136902078e+00 -6.327226161956787109e-01 1.200000000000000000e+01
-3.371876716613769975e+00 2.089022874832152876e+00 -6.282408237457275391e-01 1.100000000000000000e+01
-3.411547851562500000e+01 2.114425086975098012e+01 4.928152561187744141e+00 2.200000000000000000e+01
-4.315641403198242188e+00 2.675811052322388139e+00 -6.234835386276245117e-01 1.000000000000000000e+01
-5.949672698974609375e+00 3.690391063690185991e+00 -6.125305891036987305e-01 3.000000000000000000e+00
-9.514544486999511719e+00 5.906166553497313565e+00 -5.868954062461853027e-01 3.000000000000000000e+00
-2.037963867187500000e+00 1.270001769065856934e+00 -6.434241533279418945e-01 1.900000000000000000e+01
-2.346353292465209961e+00 1.463318705558777078e+00 -6.384111046791076660e-01 1.300000000000000000e+01
-2.769992589950561968e+00 1.728195786476135032e+00 -6.346307396888732910e-01 1.200000000000000000e+01
-3.352834939956665039e+00 2.093456983566284180e+00 -6.260507106781005859e-01 1.000000000000000000e+01
-6.112108612060546875e+01 3.817786026000977273e+01 8.848445892333984375e+00 6.300000000000000000e+01
-4.302907943725585938e+00 2.688755273818970171e+00 -6.229960918426513672e-01 1.000000000000000000e+01
-3.452951812744141336e+01 2.157643890380859020e+01 6.448854446411132812e+00 1.400000000000000000e+01
-5.963785648345947266e+00 3.728034496307373047e+00 -6.153195500373840332e-01 5.000000000000000000e+00
-9.422754287719726562e+00 5.894853115081787109e+00 -5.824992060661315918e-01 3.000000000000000000e+00
-2.036790370941162109e+00 1.279162764549254927e+00 -6.444594264030456543e-01 2.100000000000000000e+01
-2.336281299591064009e+00 1.468389153480530007e+00 -6.370613574981689453e-01 1.100000000000000000e+01
-2.762281179428101030e+00 1.736809253692626953e+00 -6.342490911483764648e-01 1.200000000000000000e+01
-3.348850965499877930e+00 2.107251882553101030e+00 -6.266764402389526367e-01 1.000000000000000000e+01
-4.269979476928710938e+00 2.688949346542357954e+00 -6.195837259292602539e-01 1.000000000000000000e+01
-3.440384674072266336e+01 2.166525840759276988e+01 6.439468383789063388e+00 1.400000000000000000e+01
-5.922078132629395419e+00 3.730775356292725053e+00 -6.123562455177307129e-01 3.000000000000000000e+00
-9.388604164123535156e+00 5.919187068939208984e+00 -5.816618204116821289e-01 3.000000000000000000e+00
-3.294097900390625000e+01 2.077617263793944957e+01 8.991293907165527344e+00 1.200000000000000000e+01
-2.027415752410889116e+00 1.283165216445923074e+00 -6.429064869880676270e-01 1.900000000000000000e+01
-2.327848911285399947e+00 1.474449753761291948e+00 -6.361615657806396484e-01 1.200000000000000000e+01
-2.756201744079589844e+00 1.746440887451172097e+00 -6.342490911483764648e-01 1.200000000000000000e+01
-3.338138341903686968e+00 2.116812944412231001e+00 -6.260507106781005859e-01 1.000000000000000000e+01
-6.102069091796875000e+01 3.870997238159179688e+01 8.872818946838378906e+00 6.300000000000000000e+01
-4.262243270874023438e+00 2.704901695251464844e+00 -6.198275089263916016e-01 1.000000000000000000e+01
-3.462822723388671875e+01 2.197574234008789062e+01 6.495784759521484375e+00 1.400000000000000000e+01
-5.897244930267333984e+00 3.743949413299560991e+00 -6.111360788345336914e-01 2.000000000000000000e+00
-9.317311286926269531e+00 5.919791221618652344e+00 -5.785216689109802246e-01 3.000000000000000000e+00
-2.029439210891724077e+00 1.294389724731445090e+00 -6.449770331382751465e-01 2.000000000000000000e+01
-2.325973033905028853e+00 1.484663486480712891e+00 -6.370613574981689453e-01 1.100000000000000000e+01
-2.730232477188109907e+00 1.743372082710265891e+00 -6.296696662902832031e-01 1.300000000000000000e+01
-3.327399969100952148e+00 2.126324892044066939e+00 -6.254249811172485352e-01 1.100000000000000000e+01
-4.254447460174561435e+00 2.720832824707030806e+00 -6.200712323188781738e-01 1.000000000000000000e+01
-3.438489151000977273e+01 2.199005508422851918e+01 6.464498043060302734e+00 1.400000000000000000e+01
-5.877427101135253906e+00 3.760216951370238814e+00 -6.104388236999511719e-01 2.000000000000000000e+00
-9.320139884948730469e+00 5.967356204986572266e+00 -5.799870491027832031e-01 3.000000000000000000e+00
-3.269667434692382812e+01 2.094257164001464844e+01 8.964299201965332031e+00 1.200000000000000000e+01
-2.013532638549805132e+00 1.294154405593872070e+00 -6.413536071777343750e-01 1.900000000000000000e+01
-2.327332496643065962e+00 1.496990442276000977e+00 -6.388610005378723145e-01 1.400000000000000000e+01
-3.369245910644531250e+01 2.168003273010253906e+01 2.099718570709228960e+00 2.300000000000000000e+01
-2.730734348297119141e+00 1.757141232490539995e+00 -6.311961412429809570e-01 1.300000000000000000e+01
-3.319957494735718218e+00 2.137926816940308061e+00 -6.254249811172485352e-01 1.000000000000000000e+01
-4.248261451721191406e+00 2.737817764282227007e+00 -6.205586791038513184e-01 1.000000000000000000e+01
-5.857567310333251953e+00 3.776391744613647017e+00 -6.097415685653686523e-01 3.000000000000000000e+00
-9.359670639038085938e+00 6.038834095001220703e+00 -5.837552547454833984e-01 3.000000000000000000e+00
-3.272161102294921875e+01 2.111998558044433949e+01 8.991293907165527344e+00 1.200000000000000000e+01
-2.012245893478393999e+00 1.303275346755981001e+00 -6.423888802528381348e-01 1.900000000000000000e+01
-2.313916444778441939e+00 1.499805569648742898e+00 -6.366114616394042969e-01 1.200000000000000000e+01
-2.727878808975220171e+00 1.768798828125000000e+00 -6.319593787193298340e-01 1.100000000000000000e+01
-3.304188966751099077e+00 2.144125938415526900e+00 -6.238606572151184082e-01 1.000000000000000000e+01
-4.243673324584960938e+00 2.755873680114746094e+00 -6.212899088859558105e-01 1.000000000000000000e+01
-3.406100463867188211e+01 2.212792778015137074e+01 6.433210849761962891e+00 1.400000000000000000e+01
-5.847691059112548828e+00 3.798986196517943892e+00 -6.100901961326599121e-01 2.000000000000000000e+00
-9.254810333251953125e+00 6.017035484313964844e+00 -5.785216689109802246e-01 3.000000000000000000e+00
-3.269016265869141336e+01 2.126170158386230113e+01 9.002990722656250000e+00 1.200000000000000000e+01
-2.007913112640380859e+00 1.309941053390502930e+00 -6.423888802528381348e-01 1.900000000000000000e+01
-2.295876026153564009e+00 1.498947739601135032e+00 -6.330122947692871094e-01 1.300000000000000000e+01
-3.304244995117188211e+01 2.158121490478515980e+01 2.068316936492919922e+00 2.200000000000000000e+01
-2.726929187774658203e+00 1.781055808067321999e+00 -6.331042647361755371e-01 1.200000000000000000e+01
-3.290446758270264116e+00 2.150748252868651900e+00 -6.226091980934143066e-01 9.000000000000000000e+00
-3.475220870971679688e+01 2.272388648986816051e+01 5.098282337188720703e+00 2.600000000000000000e+01
-4.212914943695068359e+00 2.755804300308227983e+00 -6.181213259696960449e-01 1.000000000000000000e+01
-5.831727027893066406e+00 3.816175222396851030e+00 -6.097415685653686523e-01 3.000000000000000000e+00
-3.291757583618164062e+01 2.154886436462401988e+01 7.647624492645263672e+00 6.300000000000000000e+01
-9.234806060791015625e+00 6.047692775726318359e+00 -5.785216689109802246e-01 3.000000000000000000e+00
-3.263903808593750000e+01 2.138280296325683949e+01 9.008389472961425781e+00 1.200000000000000000e+01
-2.003328323364257812e+00 1.316941976547240989e+00 -6.423888802528381348e-01 1.600000000000000000e+01
-2.300397872924805132e+00 1.513378977775573953e+00 -6.357116699218750000e-01 1.200000000000000000e+01
-2.722335577011107954e+00 1.791643023490905984e+00 -6.334858536720275879e-01 1.300000000000000000e+01
-3.287868261337279829e+00 2.165480613708496094e+00 -6.235477924346923828e-01 1.000000000000000000e+01
-4.209899425506591797e+00 2.774863243103026900e+00 -6.190962791442871094e-01 1.000000000000000000e+01
-5.825023651123046875e+00 3.840895414352416992e+00 -6.104388236999511719e-01 2.000000000000000000e+00
-9.213639259338378906e+00 6.079891204833984375e+00 -5.785216689109802246e-01 3.000000000000000000e+00
-3.239505767822266336e+01 2.138495063781737926e+01 8.961600303649902344e+00 1.200000000000000000e+01
-2.003550767898560014e+00 1.327127337455749956e+00 -6.439417600631713867e-01 1.700000000000000000e+01
-2.298349857330321822e+00 1.523553133010864036e+00 -6.366114616394042969e-01 1.500000000000000000e+01
-2.709520339965819868e+00 1.796794652938842995e+00 -6.319593787193298340e-01 1.200000000000000000e+01
-3.285227060317993164e+00 2.180221080780028853e+00 -6.244863867759704590e-01 9.000000000000000000e+00
-4.190266132354736328e+00 2.782952070236206055e+00 -6.176338195800781250e-01 1.000000000000000000e+01
-5.791666984558104581e+00 3.847974300384521040e+00 -6.083470582962036133e-01 2.000000000000000000e+00
-9.192360877990722656e+00 6.112015724182128906e+00 -5.785216689109802246e-01 3.000000000000000000e+00
-3.242730331420897727e+01 2.156913185119628906e+01 8.991293907165527344e+00 1.200000000000000000e+01
-1.992478728294373003e+00 1.329823255538939986e+00 -6.418712139129638672e-01 2.000000000000000000e+01
-2.293017625808715820e+00 1.531566500663757102e+00 -6.366114616394042969e-01 1.500000000000000000e+01
-2.696702241897583008e+00 1.801878809928894043e+00 -6.304329037666320801e-01 1.300000000000000000e+01
-3.271028280258179155e+00 2.187283277511597124e+00 -6.232349276542663574e-01 9.000000000000000000e+00
-4.180526256561279297e+00 2.797561883926392046e+00 -6.176338195800781250e-01 1.000000000000000000e+01
-5.771577358245849609e+00 3.863734245300292969e+00 -6.076498627662658691e-01 3.000000000000000000e+00
-3.350116729736328125e+01 2.245248794555664062e+01 9.310724258422851562e+00 1.200000000000000000e+01
-1.987824678421020952e+00 1.336770176887511985e+00 -6.418712139129638672e-01 1.900000000000000000e+01
-2.287657499313354048e+00 1.539561390876770020e+00 -6.366114616394042969e-01 1.500000000000000000e+01
-2.698539018630981001e+00 1.816763162612915039e+00 -6.323410272598266602e-01 1.200000000000000000e+01
-3.250267505645751953e+00 2.189857959747314009e+00 -6.207319498062133789e-01 9.000000000000000000e+00
-4.177319049835205078e+00 2.816576719284058061e+00 -6.186087727546691895e-01 1.000000000000000000e+01
-5.744841098785400391e+00 3.874944210052489790e+00 -6.062553524971008301e-01 2.000000000000000000e+00
-9.089872360229492188e+00 6.135813713073729581e+00 -5.747534632682800293e-01 3.000000000000000000e+00
-1.983146309852600098e+00 1.343700885772705078e+00 -6.418712139129638672e-01 1.700000000000000000e+01
-2.269366264343262163e+00 1.538788080215454102e+00 -6.330122947692871094e-01 1.500000000000000000e+01
-2.693805456161499023e+00 1.827273845672606978e+00 -6.327226161956787109e-01 1.300000000000000000e+01
-3.249141216278076172e+00 2.205627918243408203e+00 -6.219834089279174805e-01 9.000000000000000000e+00
-3.323690414428710938e+01 2.257081985473633168e+01 4.933027267456054688e+00 2.200000000000000000e+01
-4.155967712402343750e+00 2.823332548141479048e+00 -6.169025897979736328e-01 9.000000000000000000e+00
-3.310723495483397727e+01 2.249965476989746094e+01 6.339975833892822266e+00 1.400000000000000000e+01
-5.744462966918945312e+00 3.903932809829711914e+00 -6.076498627662658691e-01 2.000000000000000000e+00
-9.127852439880371094e+00 6.207941055297851562e+00 -5.785216689109802246e-01 3.000000000000000000e+00
-1.988253831863403098e+00 1.356803297996520996e+00 -6.449770331382751465e-01 1.900000000000000000e+01
-2.270688056945800781e+00 1.550701141357422097e+00 -6.348118782043457031e-01 1.300000000000000000e+01
-2.679625988006591797e+00 1.830659389495850053e+00 -6.308145523071289062e-01 1.300000000000000000e+01
-3.238547801971435991e+00 2.214160680770874023e+00 -6.213576793670654297e-01 9.000000000000000000e+00
-3.314548873901367188e+01 2.266970825195312855e+01 4.930589675903320312e+00 2.200000000000000000e+01
-4.135114192962645596e+00 2.829252243041992188e+00 -6.151964664459228516e-01 1.000000000000000000e+01
-3.298095703125000000e+01 2.256562614440917969e+01 6.329338550567626953e+00 1.400000000000000000e+01
-5.738061904907226562e+00 3.927462100982666016e+00 -6.083470582962036133e-01 2.000000000000000000e+00
-9.001759529113769531e+00 6.165941238403320312e+00 -5.718226432800292969e-01 3.000000000000000000e+00
-3.233903121948242188e+01 2.215958023071289062e+01 9.050681114196777344e+00 1.200000000000000000e+01
-1.965994715690613015e+00 1.351696014404297097e+00 -6.392830610275268555e-01 1.900000000000000000e+01
-2.271682977676392046e+00 1.563036322593688965e+00 -6.366114616394042969e-01 1.500000000000000000e+01
-3.332852935791016336e+01 2.294033813476562855e+01 2.120443582534790039e+00 2.400000000000000000e+01
-2.665133476257324219e+00 1.834436297416687012e+00 -6.289064288139343262e-01 1.300000000000000000e+01
-3.237306356430054155e+00 2.229933977127075195e+00 -6.226091980934143066e-01 9.000000000000000000e+00
-3.301711654663085938e+01 2.275147819519042969e+01 4.923277854919433594e+00 2.200000000000000000e+01
-4.128481864929199219e+00 2.845922470092772993e+00 -6.156839132308959961e-01 1.000000000000000000e+01
-3.295728683471679688e+01 2.271873283386230113e+01 6.339975833892822266e+00 1.400000000000000000e+01
-5.701354503631591797e+00 3.931632757186890093e+00 -6.059067249298095703e-01 3.000000000000000000e+00
-3.335154724121093750e+01 2.300769042968750000e+01 7.875832080841063565e+00 6.300000000000000000e+01
-8.980180740356445312e+00 6.197325229644775391e+00 -5.718226432800292969e-01 3.000000000000000000e+00
-3.239298629760742188e+01 2.236311531066894887e+01 9.087573051452636719e+00 1.200000000000000000e+01
-1.951500058174133079e+00 1.352290749549865945e+00 -6.361772418022155762e-01 1.900000000000000000e+01
-2.264337539672852007e+00 1.570241451263427956e+00 -6.361615657806396484e-01 1.400000000000000000e+01
-2.656778812408446822e+00 1.843073129653931108e+00 -6.285248398780822754e-01 1.200000000000000000e+01
-3.209639310836791992e+00 2.228266000747681108e+00 -6.188547611236572266e-01 9.000000000000000000e+00
-3.302155303955078125e+01 2.293348503112792969e+01 4.936439514160156250e+00 2.200000000000000000e+01
-4.119653701782226562e+00 2.862167596817017046e+00 -6.159276366233825684e-01 9.000000000000000000e+00
-3.358028030395507812e+01 2.333890151977539062e+01 6.477012634277343750e+00 1.400000000000000000e+01
-5.683634281158447266e+00 3.950228691101074219e+00 -6.055580973625183105e-01 3.000000000000000000e+00
-3.326699447631835938e+01 2.312977600097655895e+01 7.875832080841063565e+00 6.300000000000000000e+01
-8.898379325866699219e+00 6.189142227172851562e+00 -5.680544972419738770e-01 2.000000000000000000e+00
-3.217003631591796875e+01 2.238374710083008168e+01 9.047981262207031250e+00 1.200000000000000000e+01
-1.961024045944214089e+00 1.369047164916991965e+00 -6.408359408378601074e-01 1.900000000000000000e+01
-2.254050016403197798e+00 1.574787735939026101e+00 -6.348118782043457031e-01 1.500000000000000000e+01
-3.381834411621093750e+01 2.363590431213378906e+01 2.162312269210814986e+00 2.600000000000000000e+01
-2.656765937805175781e+00 1.856834411621093972e+00 -6.300513148307800293e-01 1.300000000000000000e+01
-3.201841831207274947e+00 2.239456176757812944e+00 -6.188547611236572266e-01 9.000000000000000000e+00
-3.288599777221679688e+01 2.300992012023926137e+01 4.928152561187744141e+00 2.200000000000000000e+01
-4.112890243530273438e+00 2.878807067871094194e+00 -6.164151430130004883e-01 9.000000000000000000e+00
-5.658386230468750000e+00 3.962044715881348100e+00 -6.043379306793212891e-01 3.000000000000000000e+00
-8.876720428466796875e+00 6.220165729522705078e+00 -5.680544972419738770e-01 2.000000000000000000e+00
-3.215234375000000000e+01 2.253841209411621094e+01 9.065077781677246094e+00 1.200000000000000000e+01
-1.957813382148742898e+00 1.376995444297790971e+00 -6.413536071777343750e-01 1.900000000000000000e+01
-2.242165088653564009e+00 1.578159570693969949e+00 -6.330122947692871094e-01 1.500000000000000000e+01
-2.648663043975830078e+00 1.864966750144958052e+00 -6.296696662902832031e-01 1.100000000000000000e+01
-3.190775632858275923e+00 2.248343467712401900e+00 -6.182290315628051758e-01 9.000000000000000000e+00
-4.102816104888916016e+00 2.893146276473999023e+00 -6.164151430130004883e-01 1.000000000000000000e+01
-3.298715591430664062e+01 2.326988029479980113e+01 6.393789291381835938e+00 1.400000000000000000e+01
-5.652661800384520596e+00 3.987514257431029829e+00 -6.052094697952270508e-01 2.000000000000000000e+00
-8.812531471252441406e+00 6.221165180206298828e+00 -5.653330087661743164e-01 2.000000000000000000e+00
-3.305084609985352273e+01 2.334073448181151988e+01 9.341317176818847656e+00 1.200000000000000000e+01
-1.951418519020081010e+00 1.382704257965087891e+00 -6.408359408378601074e-01 1.900000000000000000e+01
-3.423211288452147727e+01 2.426460647583008168e+01 7.324076890945434570e-01 4.000000000000000000e+01
-2.235052824020386186e+00 1.584849357604980025e+00 -6.325623393058776855e-01 1.400000000000000000e+01
-2.632529020309447798e+00 1.867385625839232954e+00 -6.273799538612365723e-01 9.000000000000000000e+00
-3.189351081848144975e+00 2.264041423797606978e+00 -6.194804906845092773e-01 9.000000000000000000e+00
-4.079745769500732422e+00 2.898252964019774947e+00 -6.144652366638183594e-01 9.000000000000000000e+00
-3.286708450317382812e+01 2.335742187500000000e+01 6.386280536651611328e+00 1.400000000000000000e+01
-5.619219779968261719e+00 3.993371725082397017e+00 -6.031177639961242676e-01 2.000000000000000000e+00
-8.774485588073730469e+00 6.240313053131104404e+00 -5.642862915992736816e-01 2.000000000000000000e+00
-3.294376754760742188e+01 2.343788719177246094e+01 9.334118843078613281e+00 1.200000000000000000e+01
-1.942104935646056907e+00 1.385801434516906960e+00 -6.392830610275268555e-01 1.900000000000000000e+01
-2.232956886291503906e+00 1.594517350196837935e+00 -6.334621906280517578e-01 1.300000000000000000e+01
-2.629517078399658203e+00 1.878387451171875000e+00 -6.281431913375854492e-01 8.000000000000000000e+00
-3.178611755371094194e+00 2.272307634353638139e+00 -6.188547611236572266e-01 9.000000000000000000e+00
-3.312849044799804688e+01 2.369144248962401988e+01 5.000786781311035156e+00 2.400000000000000000e+01
-4.070112705230712891e+00 2.911766052246094194e+00 -6.144652366638183594e-01 9.000000000000000000e+00
-3.287387084960938211e+01 2.351802825927734020e+01 6.401924133300781250e+00 1.400000000000000000e+01
-5.599465370178222656e+00 4.007345676422119141e+00 -6.024205088615417480e-01 2.000000000000000000e+00
-8.711525917053222656e+00 6.239140033721923828e+00 -5.615648031234741211e-01 2.000000000000000000e+00
-1.935687065124511941e+00 1.391444683074950950e+00 -6.387653946876525879e-01 1.900000000000000000e+01
-2.230541229248046875e+00 1.604578018188477007e+00 -6.343619823455810547e-01 1.300000000000000000e+01
-2.627724885940552202e+00 1.890995025634766069e+00 -6.292880773544311523e-01 7.000000000000000000e+00
-3.170660495758057085e+00 2.283389329910277876e+00 -6.188547611236572266e-01 9.000000000000000000e+00
-4.053482055664063388e+00 2.921313047409058061e+00 -6.134902834892272949e-01 9.000000000000000000e+00
-5.562817096710205078e+00 4.010554313659667969e+00 -5.999801158905029297e-01 2.000000000000000000e+00
-8.738285064697265625e+00 6.304568767547607422e+00 -5.647049546241760254e-01 2.000000000000000000e+00
-3.266337585449218750e+01 2.357490730285644887e+01 9.299926757812500000e+00 1.200000000000000000e+01
-1.930818319320678933e+00 1.398193001747130904e+00 -6.387653946876525879e-01 1.800000000000000000e+01
-2.221770763397216797e+00 1.610067367553710938e+00 -6.334621906280517578e-01 1.300000000000000000e+01
-2.632234811782836914e+00 1.908222198486327903e+00 -6.319593787193298340e-01 9.000000000000000000e+00
-3.162670612335205078e+00 2.294443130493164062e+00 -6.188547611236572266e-01 9.000000000000000000e+00
-4.057717323303222656e+00 2.945940732955933061e+00 -6.156839132308959961e-01 1.000000000000000000e+01
-3.302440261840820312e+01 2.398482894897460938e+01 6.464498043060302734e+00 1.400000000000000000e+01
-5.548783779144287109e+00 4.029947757720947266e+00 -5.999801158905029297e-01 2.000000000000000000e+00
-8.648368835449218750e+00 6.285714149475097656e+00 -5.603087544441223145e-01 2.000000000000000000e+00
-1.922804474830626997e+00 1.402647256851196067e+00 -6.377301216125488281e-01 1.600000000000000000e+01
-2.219284772872924805e+00 1.620110988616942915e+00 -6.343619823455810547e-01 1.400000000000000000e+01
-2.631899595260620117e+00 1.922030091285706010e+00 -6.334858536720275879e-01 9.000000000000000000e+00
-3.151452541351317915e+00 2.303137779235839844e+00 -6.182290315628051758e-01 9.000000000000000000e+00
-3.294268035888671875e+01 2.408391952514648082e+01 5.010536193847656250e+00 2.400000000000000000e+01
-4.029784202575683594e+00 2.947196483612060991e+00 -6.130027770996093750e-01 1.000000000000000000e+01
-3.309990692138671875e+01 2.421659851074219105e+01 6.495784759521484375e+00 1.400000000000000000e+01
-5.547546386718750000e+00 4.058703422546386719e+00 -6.013746261596679688e-01 2.000000000000000000e+00
-8.648936271667480469e+00 6.332382678985595703e+00 -5.617741346359252930e-01 2.000000000000000000e+00
-1.933463931083678977e+00 1.420790076255797896e+00 -6.429064869880676270e-01 1.700000000000000000e+01
-2.201056480407714844e+00 1.618611812591552956e+00 -6.307627558708190918e-01 1.400000000000000000e+01
-2.620430231094359907e+00 1.927715301513672097e+00 -6.323410272598266602e-01 1.000000000000000000e+01
-3.141803264617919922e+00 2.312953233718872070e+00 -6.179161071777343750e-01 8.000000000000000000e+00
-3.301185989379882812e+01 2.431177139282226918e+01 5.033935070037841797e+00 2.500000000000000000e+01
-4.019472122192382812e+00 2.961245059967041016e+00 -6.130027770996093750e-01 9.000000000000000000e+00
-5.526929855346679688e+00 4.073315143585205078e+00 -6.006773710250854492e-01 2.000000000000000000e+00
-8.610705375671386719e+00 6.350679397583007812e+00 -5.607274174690246582e-01 2.000000000000000000e+00
-1.922281742095947044e+00 1.422932982444762962e+00 -6.408359408378601074e-01 2.000000000000000000e+01
-2.206354379653931108e+00 1.634404897689818892e+00 -6.339120864868164062e-01 1.300000000000000000e+01
-2.597911596298218218e+00 1.925161719322205034e+00 -6.285248398780822754e-01 1.000000000000000000e+01
-3.140057086944580078e+00 2.328612565994263139e+00 -6.191676259040832520e-01 8.000000000000000000e+00
-3.318825912475585938e+01 2.462082481384276988e+01 5.073908329010009766e+00 2.600000000000000000e+01
-4.009110927581787109e+00 2.975257635116577148e+00 -6.130027770996093750e-01 9.000000000000000000e+00
-5.493480682373046875e+00 4.078331470489501953e+00 -5.985856652259826660e-01 2.000000000000000000e+00
-8.601310729980468750e+00 6.390226840972900391e+00 -5.615648031234741211e-01 2.000000000000000000e+00
-1.898718595504760964e+00 1.415776729583740012e+00 -6.346243023872375488e-01 1.700000000000000000e+01
-2.203759670257567915e+00 1.644427418708801047e+00 -6.348118782043457031e-01 1.200000000000000000e+01
-2.595895528793334961e+00 1.937741518020630105e+00 -6.296696662902832031e-01 1.100000000000000000e+01
-3.128744363784790039e+00 2.337194919586182085e+00 -6.185418963432312012e-01 8.000000000000000000e+00
-4.001880645751953125e+00 2.991611003875731978e+00 -6.134902834892272949e-01 9.000000000000000000e+00
-3.608904647827147727e+01 2.697841453552246094e+01 7.136540412902832031e+00 1.500000000000000000e+01
-5.466446876525878906e+00 4.087936878204345703e+00 -5.971911549568176270e-01 4.000000000000000000e+00
-8.518188476562500000e+00 6.374737739562988281e+00 -5.575872659683227539e-01 2.000000000000000000e+00
-1.893764972686768022e+00 1.422395944595336914e+00 -6.346243023872375488e-01 1.700000000000000000e+01
-2.193332672119141069e+00 1.648597359657288042e+00 -6.334621906280517578e-01 1.300000000000000000e+01
-2.601669073104857954e+00 1.956230044364928977e+00 -6.327226161956787109e-01 1.300000000000000000e+01
-3.111096382141112837e+00 2.340975761413574219e+00 -6.166646480560302734e-01 8.000000000000000000e+00
-3.227966308593750000e+01 2.429798316955566051e+01 4.960813522338867188e+00 2.300000000000000000e+01
-3.978727340698242188e+00 2.996009111404418945e+00 -6.115403771400451660e-01 9.000000000000000000e+00
-5.468057632446289062e+00 4.118980884552001953e+00 -5.989342927932739258e-01 3.000000000000000000e+00
-8.495883941650390625e+00 6.404433250427246094e+00 -5.575872659683227539e-01 2.000000000000000000e+00
-3.202557373046875000e+01 2.415053367614746094e+01 9.260334968566894531e+00 1.200000000000000000e+01
-1.898282647132873979e+00 1.435659885406493919e+00 -6.377301216125488281e-01 1.900000000000000000e+01
-2.181638240814208984e+00 1.651157498359679954e+00 -6.316625475883483887e-01 1.400000000000000000e+01
-2.592037200927733931e+00 1.962476611137389915e+00 -6.319593787193298340e-01 1.100000000000000000e+01
-3.100167274475098100e+00 2.348893880844116211e+00 -6.160389184951782227e-01 8.000000000000000000e+00
-3.219258499145507812e+01 2.440009689331055043e+01 4.959838390350341797e+00 2.300000000000000000e+01
-3.967188596725463867e+00 3.007987260818481001e+00 -6.112966537475585938e-01 7.000000000000000000e+00
-5.452781200408936435e+00 4.135887145996093750e+00 -5.987599492073059082e-01 3.000000000000000000e+00
-8.296421051025390625e+00 6.297326564788818359e+00 -5.458640456199645996e-01 5.000000000000000000e+00
-1.900943398475646973e+00 1.448130726814270020e+00 -6.403183341026306152e-01 2.100000000000000000e+01
-2.178960800170897993e+00 1.661125659942626953e+00 -6.325623393058776855e-01 1.300000000000000000e+01
-2.575804471969604048e+00 1.964369416236876997e+00 -6.296696662902832031e-01 1.300000000000000000e+01
-3.095089912414550781e+00 2.362097978591918945e+00 -6.166646480560302734e-01 8.000000000000000000e+00
-3.213561630249022727e+01 2.453400421142578125e+01 4.964225769042968750e+00 2.300000000000000000e+01
-3.958242177963256836e+00 3.023021936416625977e+00 -6.115403771400451660e-01 9.000000000000000000e+00
-5.441477775573729581e+00 4.157314777374267578e+00 -5.991085767745971680e-01 3.000000000000000000e+00
-8.258522987365722656e+00 6.314117431640625000e+00 -5.448173284530639648e-01 1.500000000000000000e+01
-1.891278982162476030e+00 1.451229333877563032e+00 -6.387653946876525879e-01 2.000000000000000000e+01
-2.173149108886719194e+00 1.668721556663512962e+00 -6.325623393058776855e-01 1.300000000000000000e+01
-2.562704086303710938e+00 1.968564867973328081e+00 -6.281431913375854492e-01 1.200000000000000000e+01
-3.096222639083861861e+00 2.380110979080200195e+00 -6.185418963432312012e-01 8.000000000000000000e+00
-3.935078382492064986e+00 3.027137279510498047e+00 -6.095904707908630371e-01 9.000000000000000000e+00
-5.415879726409912109e+00 4.167778015136718750e+00 -5.978884100914001465e-01 5.000000000000000000e+00
-8.397837638854980469e+00 6.467205524444580078e+00 -5.554938316345214844e-01 2.000000000000000000e+00
-3.609463119506835938e+01 2.780664443969726918e+01 1.051916122436523082e+01 1.300000000000000000e+01
-1.878559112548827903e+00 1.451915383338928001e+00 -6.361772418022155762e-01 2.100000000000000000e+01
-2.175018310546875000e+00 1.682258248329163042e+00 -6.348118782043457031e-01 1.300000000000000000e+01
-2.551158666610718218e+00 1.973894119262695090e+00 -6.269983649253845215e-01 1.200000000000000000e+01
-3.084771633148192915e+00 2.388485431671143022e+00 -6.179161071777343750e-01 8.000000000000000000e+00
-3.930764436721802202e+00 3.045718431472777876e+00 -6.105654239654541016e-01 9.000000000000000000e+00
-5.379252433776854581e+00 4.169569492340087891e+00 -5.954480171203613281e-01 4.000000000000000000e+00
-8.356273651123046875e+00 6.481790542602539062e+00 -5.542377829551696777e-01 2.000000000000000000e+00
-1.869414091110229048e+00 1.454251408576965110e+00 -6.346243023872375488e-01 1.800000000000000000e+01
-2.160496234893798828e+00 1.681900501251220925e+00 -6.321124434471130371e-01 1.200000000000000000e+01
-2.555787801742554155e+00 1.990342974662780984e+00 -6.296696662902832031e-01 1.300000000000000000e+01
-3.063230037689208984e+00 2.387236356735229048e+00 -6.151003241539001465e-01 9.000000000000000000e+00
-3.924307346343994141e+00 3.060493707656859907e+00 -6.110528707504272461e-01 9.000000000000000000e+00
-5.359843254089354581e+00 4.181545734405517578e+00 -5.947507619857788086e-01 2.000000000000000000e+00
-8.282343864440917969e+00 6.466221332550048828e+00 -5.506789088249206543e-01 2.000000000000000000e+00
-3.552545928955078125e+01 2.774554634094237926e+01 1.040668582916259943e+01 1.300000000000000000e+01
-1.871929645538330078e+00 1.466725468635559082e+00 -6.372125148773193359e-01 1.900000000000000000e+01
-2.153078794479370117e+00 1.688229322433471902e+00 -6.316625475883483887e-01 1.300000000000000000e+01
-2.548824548721313032e+00 1.999252200126647949e+00 -6.296696662902832031e-01 1.300000000000000000e+01
-3.061093807220458984e+00 2.402793407440185991e+00 -6.163517832756042480e-01 9.000000000000000000e+00
-3.901111841201781782e+00 3.064363479614257812e+00 -6.091029644012451172e-01 9.000000000000000000e+00
-3.519586944580078125e+01 2.765665435791015980e+01 7.089610099792479581e+00 1.500000000000000000e+01
-5.342081069946289062e+00 4.197767734527587891e+00 -5.944021940231323242e-01 4.000000000000000000e+00
-8.259721755981445312e+00 6.495092868804931641e+00 -5.506789088249206543e-01 2.000000000000000000e+00
-1.858959913253783958e+00 1.467591285705565962e+00 -6.346243023872375488e-01 1.600000000000000000e+01
-2.148405790328979048e+00 1.697317481040955034e+00 -6.321124434471130371e-01 1.200000000000000000e+01
-2.535318613052368164e+00 2.003711462020874023e+00 -6.281431913375854492e-01 1.400000000000000000e+01
-3.053815841674805132e+00 2.415221929550170898e+00 -6.166646480560302734e-01 9.000000000000000000e+00
-3.877401590347290039e+00 3.068785667419434038e+00 -6.071530580520629883e-01 9.000000000000000000e+00
-5.339156150817871094e+00 4.227213382720947266e+00 -5.957966446876525879e-01 2.000000000000000000e+00
-8.207682609558105469e+00 6.502996921539306641e+00 -5.487948656082153320e-01 2.000000000000000000e+00
-3.540236663818358664e+01 2.805957221984862926e+01 1.042918109893799006e+01 1.300000000000000000e+01
-1.859874010086060014e+00 1.478880763053894043e+00 -6.366948485374450684e-01 1.700000000000000000e+01
-2.134843349456787109e+00 1.698739528656006081e+00 -6.298629641532897949e-01 1.300000000000000000e+01
-2.520628690719604048e+00 2.006435632705688032e+00 -6.262351274490356445e-01 1.300000000000000000e+01
-3.050001859664916992e+00 2.429559469223022017e+00 -6.176032423973083496e-01 9.000000000000000000e+00
-3.879084110260010210e+00 3.092200756072998047e+00 -6.091029644012451172e-01 8.000000000000000000e+00
-3.505266571044921875e+01 2.795213699340819957e+01 7.100873470306395596e+00 1.500000000000000000e+01
-5.319694995880126953e+00 4.242097854614257812e+00 -5.952737331390380859e-01 4.000000000000000000e+00
-8.184932708740234375e+00 6.531607627868652344e+00 -5.487948656082153320e-01 2.000000000000000000e+00
-1.849185585975646973e+00 1.479887962341309038e+00 -6.346243023872375488e-01 1.800000000000000000e+01
-2.143185853958129883e+00 1.716401576995850053e+00 -6.339120864868164062e-01 1.300000000000000000e+01
-2.512780666351317915e+00 2.013117074966431108e+00 -6.258534789085388184e-01 1.400000000000000000e+01
-3.026942014694213867e+00 2.426773071289062944e+00 -6.144745945930480957e-01 9.000000000000000000e+00
-3.872447252273560014e+00 3.106856346130371094e+00 -6.095904707908630371e-01 9.000000000000000000e+00
-5.273711204528808594e+00 4.232600688934326172e+00 -5.916131734848022461e-01 2.000000000000000000e+00
-8.139457702636718750e+00 6.537278175354003906e+00 -5.471200942993164062e-01 2.000000000000000000e+00
-1.844008564949036089e+00 1.486333847045897993e+00 -6.346243023872375488e-01 1.800000000000000000e+01
-2.131114244461060014e+00 1.718978285789489968e+00 -6.321124434471130371e-01 1.200000000000000000e+01
-2.513377904891968218e+00 2.028040170669556108e+00 -6.277616024017333984e-01 1.300000000000000000e+01
-3.018452405929564986e+00 2.437324285507202148e+00 -6.144745945930480957e-01 9.000000000000000000e+00
-3.867754697799683061e+00 3.125345468521118164e+00 -6.105654239654541016e-01 9.000000000000000000e+00
-5.262003421783447266e+00 4.253488540649414062e+00 -5.919618010520935059e-01 4.000000000000000000e+00
-8.116588592529296875e+00 6.565650463104248047e+00 -5.471200942993164062e-01 2.000000000000000000e+00
-1.845785021781920943e+00 1.499493956565856934e+00 -6.372125148773193359e-01 1.900000000000000000e+01
-2.113913297653197798e+00 1.718543529510498047e+00 -6.289631724357604980e-01 1.400000000000000000e+01
-2.497956514358520952e+00 2.031482458114624023e+00 -6.258534789085388184e-01 1.300000000000000000e+01
-3.015200138092041016e+00 2.453883886337279829e+00 -6.157260537147521973e-01 9.000000000000000000e+00
-3.843411922454833984e+00 3.130144834518433061e+00 -6.086155176162719727e-01 8.000000000000000000e+00
-5.242543220520020419e+00 4.271144866943359375e+00 -5.916131734848022461e-01 4.000000000000000000e+00
-8.060359001159667969e+00 6.571526050567626953e+00 -5.450266599655151367e-01 2.000000000000000000e+00
-1.842034697532654031e+00 1.507151126861572044e+00 -6.377301216125488281e-01 1.900000000000000000e+01
-2.109409332275391069e+00 1.727146506309509055e+00 -6.294130682945251465e-01 1.200000000000000000e+01
-2.487812519073485884e+00 2.037701606750487837e+00 -6.250902414321899414e-01 1.300000000000000000e+01
-2.998977184295653853e+00 2.458132743835449219e+00 -6.141617298126220703e-01 8.000000000000000000e+00
-3.810974836349486861e+00 3.125916957855225053e+00 -6.052031517028808594e-01 9.000000000000000000e+00
-5.238383769989013672e+00 4.298265457153320312e+00 -5.928333401679992676e-01 4.000000000000000000e+00
-8.018848419189453125e+00 6.584412574768066406e+00 -5.437706112861633301e-01 2.000000000000000000e+00
-1.826851606369018999e+00 1.504334449768065962e+00 -6.341066360473632812e-01 1.900000000000000000e+01
-2.108484745025635210e+00 1.737482786178589089e+00 -6.307627558708190918e-01 1.100000000000000000e+01
-2.475338935852050781e+00 2.040512084960937944e+00 -6.235638260841369629e-01 1.200000000000000000e+01
-2.998859167098999023e+00 2.473827362060546875e+00 -6.157260537147521973e-01 9.000000000000000000e+00
-3.796543121337891069e+00 3.134082794189453125e+00 -6.044719219207763672e-01 9.000000000000000000e+00
-5.215637207031250000e+00 4.307089328765869141e+00 -5.917875170707702637e-01 4.000000000000000000e+00
-7.998123168945313388e+00 6.609571933746337891e+00 -5.437706112861633301e-01 2.000000000000000000e+00
-1.821589350700377974e+00 1.510702133178710938e+00 -6.341066360473632812e-01 1.900000000000000000e+01
-2.105406045913695845e+00 1.747321248054503950e+00 -6.316625475883483887e-01 1.100000000000000000e+01
-2.463669538497924805e+00 2.045377969741820845e+00 -6.224189400672912598e-01 1.300000000000000000e+01
-2.985647201538085938e+00 2.480493307113647017e+00 -6.147874593734741211e-01 9.000000000000000000e+00
-3.437286376953125000e+01 2.856731605529785156e+01 5.487776756286621094e+00 3.700000000000000000e+01
-3.794738531112670898e+00 3.154930591583251953e+00 -6.059343814849853516e-01 9.000000000000000000e+00
-5.168402194976806641e+00 4.298514842987061435e+00 -5.881269574165344238e-01 4.000000000000000000e+00
-7.975002765655517578e+00 6.637450218200683594e+00 -5.437706112861633301e-01 2.000000000000000000e+00
-1.814822196960448997e+00 1.515813112258910911e+00 -6.335890293121337891e-01 1.700000000000000000e+01
-2.102284431457519975e+00 1.757159352302551047e+00 -6.325623393058776855e-01 1.100000000000000000e+01
-2.458020925521851030e+00 2.055224657058715820e+00 -6.228005886077880859e-01 1.200000000000000000e+01
-2.966365575790404829e+00 2.482026576995850053e+00 -6.125973463058471680e-01 9.000000000000000000e+00
-3.798922777175902876e+00 3.180901288986206055e+00 -6.083717346191406250e-01 9.000000000000000000e+00
-5.151838779449462891e+00 4.315250396728515625e+00 -5.879526138305664062e-01 4.000000000000000000e+00
-7.924232959747313565e+00 6.642153739929199219e+00 -5.418865084648132324e-01 2.000000000000000000e+00
-1.813955068588257058e+00 1.525869488716125044e+00 -6.351419091224670410e-01 1.900000000000000000e+01
-2.081229448318481001e+00 1.751937270164489968e+00 -6.280633211135864258e-01 1.100000000000000000e+01
-2.456838846206665039e+00 2.068850517272949219e+00 -6.243270039558410645e-01 1.100000000000000000e+01
-2.957683563232421875e+00 2.492365837097167969e+00 -6.125973463058471680e-01 9.000000000000000000e+00
-3.772620677947998047e+00 3.181345701217650923e+00 -6.059343814849853516e-01 9.000000000000000000e+00
-5.132175445556640625e+00 4.329353332519531250e+00 -5.874297022819519043e-01 4.000000000000000000e+00
-7.925417900085449219e+00 6.690387725830078125e+00 -5.435612201690673828e-01 2.000000000000000000e+00
-1.811833620071410911e+00 1.534373283386230025e+00 -6.361772418022155762e-01 2.400000000000000000e+01
-2.078381776809691939e+00 1.761349081993103027e+00 -6.289631724357604980e-01 1.300000000000000000e+01
-2.449964761734008789e+00 2.076986312866210938e+00 -6.243270039558410645e-01 1.100000000000000000e+01
-2.953921318054199219e+00 2.505994081497191939e+00 -6.135360002517700195e-01 8.000000000000000000e+00
-3.752970457077025923e+00 3.186130285263061968e+00 -6.044719219207763672e-01 9.000000000000000000e+00
-5.126902580261229581e+00 4.354086875915527344e+00 -5.884755849838256836e-01 4.000000000000000000e+00
-7.863619327545166016e+00 6.683003902435302734e+00 -5.408397912979125977e-01 2.000000000000000000e+00
-1.809406399726867898e+00 1.543195724487304910e+00 -6.372125148773193359e-01 2.400000000000000000e+01
-2.073703050613402876e+00 1.769858360290526900e+00 -6.294130682945251465e-01 1.300000000000000000e+01
-2.436727523803710938e+00 2.080426454544066939e+00 -6.228005886077880859e-01 1.100000000000000000e+01
-2.945155858993529829e+00 2.516289949417113814e+00 -6.135360002517700195e-01 8.000000000000000000e+00
-3.741826057434082031e+00 3.199211120605469194e+00 -6.044719219207763672e-01 9.000000000000000000e+00
-5.105616092681884766e+00 4.366776466369628906e+00 -5.877783298492431641e-01 4.000000000000000000e+00
-7.831139087677001953e+00 6.702620029449462891e+00 -5.402117371559143066e-01 2.000000000000000000e+00
-1.794946551322937012e+00 1.542263150215148926e+00 -6.341066360473632812e-01 2.200000000000000000e+01
-2.074590444564818892e+00 1.783799529075623003e+00 -6.316625475883483887e-01 1.200000000000000000e+01
-2.420155525207519975e+00 2.081662178039550781e+00 -6.205108761787414551e-01 1.100000000000000000e+01
-2.932919025421143022e+00 2.524490118026732954e+00 -6.129102110862731934e-01 8.000000000000000000e+00
-6.122304534912108664e+01 5.271592330932617188e+01 9.919920921325683594e+00 6.300000000000000000e+01
-3.727066993713378906e+00 3.210313081741333008e+00 -6.039844751358032227e-01 9.000000000000000000e+00
-5.053352355957031250e+00 4.354246616363525391e+00 -5.835948586463928223e-01 5.000000000000000000e+00
-7.797444343566895419e+00 6.723452091217041016e+00 -5.395836830139160156e-01 2.000000000000000000e+00
-1.782247781753540039e+00 1.542198777198791948e+00 -6.315184831619262695e-01 2.300000000000000000e+01
-2.066878080368041992e+00 1.789754629135132058e+00 -6.312126517295837402e-01 1.200000000000000000e+01
-2.417326211929320845e+00 2.093953609466553178e+00 -6.216557025909423828e-01 1.100000000000000000e+01
-2.916625976562500000e+00 2.528243064880371094e+00 -6.113458871841430664e-01 9.000000000000000000e+00
-3.718837261199951172e+00 3.225904941558837891e+00 -6.044719219207763672e-01 9.000000000000000000e+00
-5.047151088714599609e+00 4.379694461822509766e+00 -5.846407413482666016e-01 5.000000000000000000e+00
-7.773927688598632812e+00 6.750629425048828125e+00 -5.395836830139160156e-01 2.000000000000000000e+00
-1.768434333801269887e+01 1.536734771728515980e+01 -4.089447855949401855e-01 3.000000000000000000e+00
-1.784407138824462891e+00 1.554445147514343040e+00 -6.341066360473632812e-01 2.200000000000000000e+01
-2.047711133956909180e+00 1.785073876380919966e+00 -6.271635293960571289e-01 1.400000000000000000e+01
-2.416287899017333984e+00 2.107119560241699219e+00 -6.231821775436401367e-01 1.200000000000000000e+01
-2.909714221954346147e+00 2.539200067520142046e+00 -6.116587519645690918e-01 8.000000000000000000e+00
-3.711109876632689986e+00 3.240830898284912109e+00 -6.049594283103942871e-01 9.000000000000000000e+00
-5.017594814300537109e+00 4.383299350738525391e+00 -5.828976035118103027e-01 5.000000000000000000e+00
-7.733454704284667969e+00 6.760597229003906250e+00 -5.383276343345642090e-01 2.000000000000000000e+00
-1.780422449111938032e+00 1.561938405036926047e+00 -6.346243023872375488e-01 2.300000000000000000e+01
-2.047325372695922852e+00 1.797353506088257058e+00 -6.289631724357604980e-01 1.300000000000000000e+01
-2.398591756820679155e+00 2.106472730636597124e+00 -6.205108761787414551e-01 1.100000000000000000e+01
-2.888962745666503906e+00 2.538909196853638139e+00 -6.091558337211608887e-01 8.000000000000000000e+00
-3.687849521636962891e+00 3.243277788162231001e+00 -6.030095219612121582e-01 1.100000000000000000e+01
-5.006751537322998047e+00 4.404735565185546875e+00 -5.834205150604248047e-01 4.000000000000000000e+00
-7.685823440551757812e+00 6.766434669494628906e+00 -5.366529226303100586e-01 2.000000000000000000e+00
-1.772337198257446067e+00 1.565276265144347922e+00 -6.335890293121337891e-01 2.000000000000000000e+01
-2.045734643936156782e+00 1.808004379272460938e+00 -6.303128600120544434e-01 1.400000000000000000e+01
-2.385710000991820845e+00 2.109213590621947798e+00 -6.189844012260437012e-01 1.200000000000000000e+01
-2.896801710128784180e+00 2.562873601913452148e+00 -6.125973463058471680e-01 9.000000000000000000e+00
-3.668156385421752930e+00 3.247593879699707031e+00 -6.015470623970031738e-01 9.000000000000000000e+00
-4.992117404937744141e+00 4.421314239501953125e+00 -5.834205150604248047e-01 5.000000000000000000e+00
-7.699215888977050781e+00 6.823678016662597656e+00 -5.391650199890136719e-01 2.000000000000000000e+00
-1.758201479911803977e+00 1.563750147819519043e+00 -6.304832100868225098e-01 2.000000000000000000e+01
-2.042322397232056108e+00 1.817725539207458052e+00 -6.312126517295837402e-01 1.300000000000000000e+01
-2.381265401840209961e+00 2.120139598846435991e+00 -6.197476387023925781e-01 1.300000000000000000e+01
-2.883413076400756836e+00 2.569027423858643022e+00 -6.116587519645690918e-01 8.000000000000000000e+00
-3.661242723464965820e+00 3.264341592788695845e+00 -6.022782921791076660e-01 8.000000000000000000e+00
-4.936507225036621094e+00 4.402906417846679688e+00 -5.787141323089599609e-01 4.000000000000000000e+00
-7.639588356018066406e+00 6.818593025207520419e+00 -5.366529226303100586e-01 2.000000000000000000e+00
-1.756774544715880904e+00 1.574051260948180930e+00 -6.320360898971557617e-01 2.200000000000000000e+01
-2.032744407653809038e+00 1.822596907615662065e+00 -6.303128600120544434e-01 1.400000000000000000e+01
-2.369094371795653853e+00 2.124920368194580078e+00 -6.186027526855468750e-01 1.200000000000000000e+01
-2.868097543716431108e+00 2.574300527572631836e+00 -6.104072928428649902e-01 9.000000000000000000e+00
-3.643346548080443892e+00 3.272432804107666016e+00 -6.013033390045166016e-01 9.000000000000000000e+00
-4.948495388031005859e+00 4.446270942687988281e+00 -5.820260643959045410e-01 5.000000000000000000e+00
-7.614545345306395596e+00 6.846547603607177734e+00 -5.366529226303100586e-01 2.000000000000000000e+00
-1.757006645202636941e+00 1.585350632667541948e+00 -6.341066360473632812e-01 2.100000000000000000e+01
-2.019138097763061968e+00 1.823151469230652078e+00 -6.280633211135864258e-01 1.500000000000000000e+01
-2.361662387847899947e+00 2.133177280426024947e+00 -6.186027526855468750e-01 1.200000000000000000e+01
-2.860559701919556108e+00 2.585620880126953125e+00 -6.107201576232910156e-01 9.000000000000000000e+00
-3.631901264190673828e+00 3.285130500793457031e+00 -6.013033390045166016e-01 9.000000000000000000e+00
-4.916693687438964844e+00 4.448812484741210938e+00 -5.801086425781250000e-01 5.000000000000000000e+00
-7.546184539794921875e+00 6.832869052886962891e+00 -5.335127115249633789e-01 2.000000000000000000e+00
-1.756029725074768066e+00 1.595065116882323997e+00 -6.356595754623413086e-01 2.300000000000000000e+01
-2.013081312179564986e+00 1.829837203025818093e+00 -6.280633211135864258e-01 1.500000000000000000e+01
-2.353123188018798828e+00 2.139676332473754883e+00 -6.182211637496948242e-01 1.300000000000000000e+01
-2.841742277145386186e+00 2.585786581039429155e+00 -6.085300445556640625e-01 9.000000000000000000e+00
-3.607777595520019975e+00 3.285127878189086914e+00 -5.991097092628479004e-01 9.000000000000000000e+00
-4.898968219757080078e+00 4.462409019470214844e+00 -5.797600150108337402e-01 4.000000000000000000e+00
-7.538245201110839844e+00 6.871310234069824219e+00 -5.345594286918640137e-01 2.000000000000000000e+00
-1.693977165222167969e+01 1.545187950134276988e+01 -4.002185761928557794e-01 3.000000000000000000e+00
-1.743323922157288042e+00 1.594665527343750000e+00 -6.330713629722595215e-01 2.200000000000000000e+01
-2.002369403839110884e+00 1.832905650138854980e+00 -6.267136335372924805e-01 1.400000000000000000e+01
-2.336952209472655806e+00 2.139922142028809038e+00 -6.159314513206481934e-01 1.100000000000000000e+01
-2.850175619125366211e+00 2.611704826354980025e+00 -6.122844815254211426e-01 8.000000000000000000e+00
-3.607993125915526900e+00 3.308434247970581055e+00 -6.010596156120300293e-01 9.000000000000000000e+00
-4.876020431518554688e+00 4.472748279571533203e+00 -5.788884162902832031e-01 4.000000000000000000e+00
-7.481843948364257812e+00 6.867867946624755859e+00 -5.322566628456115723e-01 2.000000000000000000e+00
-1.728356122970581055e+00 1.590975880622863992e+00 -6.294479370117187500e-01 2.000000000000000000e+01
-2.006634473800659180e+00 1.848429322242737038e+00 -6.298629641532897949e-01 1.500000000000000000e+01
-2.341768026351929155e+00 2.157896280288695845e+00 -6.189844012260437012e-01 1.100000000000000000e+01
-2.831791400909423828e+00 2.611272335052489790e+00 -6.100944280624389648e-01 9.000000000000000000e+00
-3.591746091842650923e+00 3.314367771148682085e+00 -6.000846624374389648e-01 9.000000000000000000e+00
-4.859016895294188565e+00 4.485342025756835938e+00 -5.785398483276367188e-01 5.000000000000000000e+00
-7.492507457733154297e+00 6.921154022216796875e+00 -5.345594286918640137e-01 2.000000000000000000e+00
-1.669007682800292969e+01 1.542814826965332031e+01 -3.967280983924865723e-01 3.000000000000000000e+00
-1.725625634193419966e+00 1.599625945091248003e+00 -6.304832100868225098e-01 1.900000000000000000e+01
-1.993026494979857954e+00 1.848796010017395020e+00 -6.276134252548217773e-01 1.400000000000000000e+01
-2.327025890350341797e+00 2.159380435943603960e+00 -6.170762777328491211e-01 1.200000000000000000e+01
-2.812526464462279829e+00 2.611732006072998047e+00 -6.079043149948120117e-01 9.000000000000000000e+00
-3.593242406845093218e+00 3.339046955108643022e+00 -6.022782921791076660e-01 9.000000000000000000e+00
-4.840411663055419922e+00 4.499562740325927734e+00 -5.781912207603454590e-01 5.000000000000000000e+00
-7.424431324005126953e+00 6.906455516815186435e+00 -5.314192771911621094e-01 2.000000000000000000e+00
-1.731328725814818892e+00 1.616185903549193892e+00 -6.346243023872375488e-01 2.000000000000000000e+01
-1.975168347358704057e+00 1.845099449157715066e+00 -6.240141987800598145e-01 1.400000000000000000e+01
-2.329514980316162109e+00 2.176873207092285156e+00 -6.197476387023925781e-01 1.100000000000000000e+01
-2.800507068634033203e+00 2.618835210800170898e+00 -6.072785854339599609e-01 9.000000000000000000e+00
-3.580115556716918945e+00 3.350212812423706055e+00 -6.020345687866210938e-01 9.000000000000000000e+00
-4.814494132995604581e+00 4.506900310516357422e+00 -5.769709944725036621e-01 5.000000000000000000e+00
-7.400278091430664062e+00 6.932329177856445312e+00 -5.314192771911621094e-01 2.000000000000000000e+00
-1.722861528396606001e+00 1.619573116302490012e+00 -6.335890293121337891e-01 1.800000000000000000e+01
-1.967296361923217995e+00 1.850647568702697976e+00 -6.235643029212951660e-01 1.500000000000000000e+01
-2.316183090209960938e+00 2.179609537124633789e+00 -6.182211637496948242e-01 1.100000000000000000e+01
-2.795662879943848100e+00 2.632657527923583984e+00 -6.082171797752380371e-01 9.000000000000000000e+00
-3.539505481719971147e+00 3.335461139678955078e+00 -5.971598029136657715e-01 9.000000000000000000e+00
-4.784235000610351562e+00 4.510011672973632812e+00 -5.752279162406921387e-01 5.000000000000000000e+00
-7.376034736633300781e+00 6.958118915557861328e+00 -5.314192771911621094e-01 2.000000000000000000e+00
-1.711303114891052024e+00 1.620563507080077903e+00 -6.315184831619262695e-01 1.700000000000000000e+01
-1.971816182136536089e+00 1.868569135665893999e+00 -6.271635293960571289e-01 1.300000000000000000e+01
-2.296780586242675781e+00 2.177278995513916016e+00 -6.151682138442993164e-01 1.000000000000000000e+01
-2.797459840774536133e+00 2.653762578964232954e+00 -6.107201576232910156e-01 9.000000000000000000e+00
-3.535894870758057085e+00 3.356611967086791992e+00 -5.986222028732299805e-01 9.000000000000000000e+00
-4.766228199005126953e+00 4.526144504547119141e+00 -5.750535726547241211e-01 4.000000000000000000e+00
-7.336004734039306641e+00 6.971348285675048828e+00 -5.303725600242614746e-01 2.000000000000000000e+00
-1.700043559074402078e+00 1.621194362640381081e+00 -6.294479370117187500e-01 1.800000000000000000e+01
-1.963871836662292036e+00 1.874095320701598899e+00 -6.267136335372924805e-01 1.200000000000000000e+01
-2.286326169967650923e+00 2.182571649551392046e+00 -6.144049763679504395e-01 1.100000000000000000e+01
-2.771039009094237837e+00 2.647137165069580078e+00 -6.069657206535339355e-01 9.000000000000000000e+00
-3.521286725997924805e+00 3.366190671920775923e+00 -5.981347560882568359e-01 9.000000000000000000e+00
-4.728800773620604581e+00 4.522099018096923828e+00 -5.724388957023620605e-01 4.000000000000000000e+00
-7.274107456207275391e+00 6.961010456085205078e+00 -5.276511311531066895e-01 2.000000000000000000e+00
-1.696336030960083008e+00 1.627864718437195046e+00 -6.299655437469482422e-01 1.600000000000000000e+01
-1.959380149841309038e+00 1.881605625152587891e+00 -6.271635293960571289e-01 1.000000000000000000e+01
-2.285121440887451172e+00 2.195183992385863814e+00 -6.159314513206481934e-01 1.100000000000000000e+01
-2.752740621566772017e+00 2.646246671676636186e+00 -6.047756671905517578e-01 8.000000000000000000e+00
-3.512124776840209961e+00 3.378612756729125977e+00 -5.983784794807434082e-01 9.000000000000000000e+00
-4.726055622100830078e+00 4.547985076904296875e+00 -5.738334059715270996e-01 4.000000000000000000e+00
-7.255080223083496094e+00 6.986599445343017578e+00 -5.278604626655578613e-01 2.000000000000000000e+00
-1.694810867309570090e+00 1.637803554534912109e+00 -6.315184831619262695e-01 1.800000000000000000e+01
-1.944394946098328081e+00 1.880305528640747070e+00 -6.244641542434692383e-01 7.000000000000000000e+00
-2.277444839477539062e+00 2.203147172927856001e+00 -6.159314513206481934e-01 1.200000000000000000e+01
-2.737809419631958008e+00 2.650343656539916992e+00 -6.035241484642028809e-01 8.000000000000000000e+00
-3.501735448837279829e+00 3.392232894897460938e+00 -5.986222028732299805e-01 9.000000000000000000e+00
-4.702997684478759766e+00 4.557521820068359375e+00 -5.729618668556213379e-01 4.000000000000000000e+00
-7.196237087249755859e+00 6.978511333465576172e+00 -5.253483057022094727e-01 2.000000000000000000e+00
-1.690468072891234907e+00 1.645056843757628950e+00 -6.320360898971557617e-01 1.900000000000000000e+01
-1.937819600105286089e+00 1.887081265449523926e+00 -6.244641542434692383e-01 6.000000000000000000e+00
-2.261302947998046875e+00 2.202863693237305132e+00 -6.136417388916015625e-01 1.100000000000000000e+01
-2.748344182968140093e+00 2.679188728332519975e+00 -6.079043149948120117e-01 8.000000000000000000e+00
-3.475663423538208008e+00 3.390573740005493164e+00 -5.961848497390747070e-01 9.000000000000000000e+00
-4.694190025329589844e+00 4.580868244171142578e+00 -5.738334059715270996e-01 4.000000000000000000e+00
-7.143255233764648438e+00 6.975680351257324219e+00 -5.232548713684082031e-01 2.000000000000000000e+00
-1.677816510200500044e+00 1.644187092781066895e+00 -6.294479370117187500e-01 1.800000000000000000e+01
-1.936786174774169922e+00 1.899291753768920898e+00 -6.262637376785278320e-01 7.000000000000000000e+00
-2.249395132064818892e+00 2.206619262695312944e+00 -6.124968528747558594e-01 1.200000000000000000e+01
-2.737565755844116211e+00 2.687382221221923828e+00 -6.075914502143859863e-01 9.000000000000000000e+00
-3.455310344696044922e+00 3.394338846206665039e+00 -5.947223901748657227e-01 1.100000000000000000e+01
-4.669644832611083984e+00 4.588847160339354581e+00 -5.727875232696533203e-01 5.000000000000000000e+00
-7.158735275268554688e+00 7.039783477783203125e+00 -5.261856913566589355e-01 2.000000000000000000e+00
-1.674817085266113059e+00 1.652747511863708052e+00 -6.304832100868225098e-01 1.700000000000000000e+01
-1.931531190872191939e+00 1.907410144805907981e+00 -6.267136335372924805e-01 9.000000000000000000e+00
-2.240282297134398970e+00 2.213078022003173828e+00 -6.121152639389038086e-01 1.200000000000000000e+01
-2.722548961639403853e+00 2.691366672515869141e+00 -6.063399910926818848e-01 9.000000000000000000e+00
-3.451908349990845171e+00 3.414755821228026900e+00 -5.961848497390747070e-01 9.000000000000000000e+00
-4.636603832244873047e+00 4.588302135467529297e+00 -5.706958174705505371e-01 6.000000000000000000e+00
-7.100058555603027344e+00 7.031000614166259766e+00 -5.236735939979553223e-01 2.000000000000000000e+00
-1.671778440475464089e+00 1.661307096481323020e+00 -6.315184831619262695e-01 1.800000000000000000e+01
-1.923479557037353960e+00 1.912766695022583008e+00 -6.262637376785278320e-01 1.100000000000000000e+01
-2.243678569793701172e+00 2.231961250305175781e+00 -6.151682138442993164e-01 1.100000000000000000e+01
-2.701937913894652876e+00 2.689704656600952148e+00 -6.038370132446289062e-01 9.000000000000000000e+00
-3.437154769897460938e+00 3.423982381820679155e+00 -5.956973433494567871e-01 9.000000000000000000e+00
-4.637495040893554688e+00 4.621335029602050781e+00 -5.727875232696533203e-01 2.000000000000000000e+00
-7.092443466186523438e+00 7.072665214538574219e+00 -5.249296426773071289e-01 2.000000000000000000e+00
-1.657775878906250000e+00 1.658933639526366965e+00 -6.284126639366149902e-01 1.600000000000000000e+01
-1.905774950981139915e+00 1.908437728881835938e+00 -6.226645112037658691e-01 1.400000000000000000e+01
-2.230325698852539062e+00 2.234221696853638139e+00 -6.136417388916015625e-01 1.100000000000000000e+01
-2.689742565155028853e+00 2.696322917938231978e+00 -6.032112836837768555e-01 9.000000000000000000e+00
-3.413970232009888139e+00 3.424712419509888139e+00 -5.937474370002746582e-01 9.000000000000000000e+00
-4.604458808898925781e+00 4.620559692382813388e+00 -5.706958174705505371e-01 4.000000000000000000e+00
-7.084623813629150391e+00 7.114362239837645596e+00 -5.261856913566589355e-01 2.000000000000000000e+00
-1.657418131828308105e+00 1.670195221900939941e+00 -6.304832100868225098e-01 1.800000000000000000e+01
-1.904590368270874023e+00 1.920613408088684082e+00 -6.244641542434692383e-01 1.400000000000000000e+01
-2.221131086349486861e+00 2.240599155426024947e+00 -6.132600903511047363e-01 1.200000000000000000e+01
-2.688655376434326172e+00 2.714115619659423828e+00 -6.050885319709777832e-01 9.000000000000000000e+00
-3.396408796310424805e+00 3.430965423583983931e+00 -5.927724838256835938e-01 9.000000000000000000e+00
-4.596710681915283203e+00 4.645101070404052734e+00 -5.717417001724243164e-01 4.000000000000000000e+00
-7.003572463989257812e+00 7.082242965698242188e+00 -5.219988226890563965e-01 2.000000000000000000e+00
-1.649158000946044922e+00 1.672930717468261941e+00 -6.294479370117187500e-01 1.800000000000000000e+01
-1.896843314170836958e+00 1.925530433654784934e+00 -6.240141987800598145e-01 1.300000000000000000e+01
-2.209556102752685991e+00 2.243755817413330078e+00 -6.121152639389038086e-01 1.100000000000000000e+01
-2.687953710556029829e+00 2.731464385986328125e+00 -6.069657206535339355e-01 9.000000000000000000e+00
-3.398931264877318892e+00 3.456363439559936968e+00 -5.952098965644836426e-01 9.000000000000000000e+00
-4.581281661987304688e+00 4.660318851470947266e+00 -5.717417001724243164e-01 4.000000000000000000e+00
-6.977249145507813388e+00 7.102579116821289062e+00 -5.217894911766052246e-01 2.000000000000000000e+00
-1.633848428726196067e+00 1.669013738632201926e+00 -6.258244514465332031e-01 1.600000000000000000e+01
-1.895561337471008079e+00 1.937712073326111062e+00 -6.258138418197631836e-01 1.300000000000000000e+01
-2.200337886810303178e+00 2.250051259994506836e+00 -6.117336153984069824e-01 1.200000000000000000e+01
-2.670119047164916992e+00 2.732353687286376953e+00 -6.050885319709777832e-01 9.000000000000000000e+00
-3.382684707641602007e+00 3.463946104049683061e+00 -5.944786667823791504e-01 8.000000000000000000e+00
-4.551068305969238281e+00 4.662024974822998047e+00 -5.699985623359680176e-01 6.000000000000000000e+00
-6.927309989929199219e+00 7.101157188415527344e+00 -5.199053883552551270e-01 2.000000000000000000e+00
-1.634745478630065918e+00 1.681632757186890093e+00 -6.284126639366149902e-01 1.800000000000000000e+01
-1.886070251464843972e+00 1.941521525382996050e+00 -6.249140501022338867e-01 1.300000000000000000e+01
-2.193838119506835938e+00 2.259126663208007812e+00 -6.121152639389038086e-01 1.200000000000000000e+01
-2.645432472229003906e+00 2.726063728332519975e+00 -6.016469597816467285e-01 8.000000000000000000e+00
-3.376100540161132812e+00 3.481432914733887163e+00 -5.954536199569702148e-01 8.000000000000000000e+00
-4.515352249145507812e+00 4.657855033874511719e+00 -5.675581693649291992e-01 6.000000000000000000e+00
-6.885803699493408203e+00 7.108080387115479404e+00 -5.186493396759033203e-01 2.000000000000000000e+00
-1.634232401847838911e+00 1.692888379096985085e+00 -6.304832100868225098e-01 1.900000000000000000e+01
-1.873869657516479048e+00 1.942483186721801980e+00 -6.231144070625305176e-01 1.500000000000000000e+01
-2.195478439331055132e+00 2.276663303375244141e+00 -6.147865653038024902e-01 1.200000000000000000e+01
-2.640012741088867188e+00 2.739548683166503906e+00 -6.025855541229248047e-01 9.000000000000000000e+00
-3.352911710739136186e+00 3.481757640838623047e+00 -5.935037136077880859e-01 8.000000000000000000e+00
-4.512883663177490234e+00 4.687942028045654297e+00 -5.693013072013854980e-01 6.000000000000000000e+00
-6.844334125518798828e+00 7.114800453186035156e+00 -5.173932909965515137e-01 2.000000000000000000e+00
-1.625935435295104980e+00 1.695509791374206987e+00 -6.294479370117187500e-01 1.700000000000000000e+01
-1.866069555282592995e+00 1.947279453277587891e+00 -6.226645112037658691e-01 1.400000000000000000e+01
-2.181126356124877930e+00 2.276842594146728960e+00 -6.128785014152526855e-01 1.100000000000000000e+01
-2.633645534515380859e+00 2.751142024993896040e+00 -6.032112836837768555e-01 9.000000000000000000e+00
-3.335858583450316939e+00 3.487119436264038086e+00 -5.925287604331970215e-01 8.000000000000000000e+00
-4.501443862915039062e+00 4.707201480865479404e+00 -5.698242187500000000e-01 6.000000000000000000e+00
-6.867618560791015625e+00 7.186552524566650391e+00 -5.209521055221557617e-01 2.000000000000000000e+00
-1.614678144454956055e+00 1.695579051971435991e+00 -6.273773908615112305e-01 1.600000000000000000e+01
-1.860604286193848100e+00 1.955193161964416948e+00 -6.231144070625305176e-01 1.300000000000000000e+01
-2.170459032058715820e+00 2.281597375869750977e+00 -6.121152639389038086e-01 1.100000000000000000e+01
-2.628109216690063032e+00 2.764613628387451172e+00 -6.041498780250549316e-01 9.000000000000000000e+00
-3.323665857315063032e+00 3.498742341995238814e+00 -5.925287604331970215e-01 8.000000000000000000e+00
-4.465777873992919922e+00 4.702659130096436435e+00 -5.673838853836059570e-01 6.000000000000000000e+00
-6.790247917175292969e+00 7.155428409576416016e+00 -5.169745683670043945e-01 2.000000000000000000e+00
-1.611106872558593972e+00 1.704293489456176980e+00 -6.284126639366149902e-01 1.800000000000000000e+01
-5.839945602416992188e+01 6.179888916015625000e+01 1.484152674674988015e+00 1.500000000000000000e+01
-1.861454963684082031e+00 1.970499038696289062e+00 -6.258138418197631836e-01 1.300000000000000000e+01
-2.153994321823120117e+00 2.280972957611083984e+00 -6.098255515098571777e-01 1.100000000000000000e+01
-2.612535953521728960e+00 2.768480777740478960e+00 -6.028984189033508301e-01 8.000000000000000000e+00
-3.308096170425415039e+00 3.508012294769287109e+00 -5.920412540435791016e-01 8.000000000000000000e+00
-4.433478355407714844e+00 4.703048229217529297e+00 -5.654664635658264160e-01 6.000000000000000000e+00
-6.747542381286621094e+00 7.162822246551513672e+00 -5.157185196876525879e-01 2.000000000000000000e+00
-1.605147957801819070e+00 1.709906935691833052e+00 -6.284126639366149902e-01 1.900000000000000000e+01
-1.845232367515563965e+00 1.967035889625549094e+00 -6.226645112037658691e-01 1.200000000000000000e+01
-2.152733802795410156e+00 2.295638322830200195e+00 -6.117336153984069824e-01 1.200000000000000000e+01
-2.596102476119995117e+00 2.770376443862915039e+00 -6.013340950012207031e-01 9.000000000000000000e+00
-3.298544645309447798e+00 3.522436380386352983e+00 -5.925287604331970215e-01 9.000000000000000000e+00
-4.426565647125244141e+00 4.728676795959472656e+00 -5.666866302490234375e-01 6.000000000000000000e+00
-6.738871574401854581e+00 7.203834533691406250e+00 -5.169745683670043945e-01 2.000000000000000000e+00
-1.599468827247620073e+00 1.715220332145690918e+00 -6.284126639366149902e-01 1.800000000000000000e+01
-1.838699340820312944e+00 1.973144054412842019e+00 -6.226645112037658691e-01 1.100000000000000000e+01
-2.150462150573730025e+00 2.308510541915893999e+00 -6.132600903511047363e-01 1.200000000000000000e+01
-2.586901187896728960e+00 2.778970241546630859e+00 -6.013340950012207031e-01 9.000000000000000000e+00
-3.281437397003173828e+00 3.527541399002075195e+00 -5.915538072586059570e-01 9.000000000000000000e+00
-4.421714782714843750e+00 4.755002021789550781e+00 -5.680811405181884766e-01 4.000000000000000000e+00
-6.698630809783936435e+00 7.208585262298583984e+00 -5.157185196876525879e-01 2.000000000000000000e+00
-1.598722219467163086e+00 1.726462960243225098e+00 -6.304832100868225098e-01 2.000000000000000000e+01
-1.837094783782958984e+00 1.985271573066710982e+00 -6.244641542434692383e-01 1.300000000000000000e+01
-2.133058786392211914e+00 2.305914640426636186e+00 -6.105887889862060547e-01 1.100000000000000000e+01
-2.582548618316649947e+00 2.793785333633422852e+00 -6.025855541229248047e-01 9.000000000000000000e+00
-3.255634307861328125e+00 3.524392604827880859e+00 -5.891163945198059082e-01 8.000000000000000000e+00
-4.390221595764160156e+00 4.754306316375732422e+00 -5.661637187004089355e-01 6.000000000000000000e+00
-6.673427104949951172e+00 7.231923580169677734e+00 -5.157185196876525879e-01 2.000000000000000000e+00
-1.405214595794677912e+01 1.523883533477783025e+01 -3.618232905864716131e-01 3.000000000000000000e+00
-1.587455511093140093e+00 1.726344823837280051e+00 -6.284126639366149902e-01 1.900000000000000000e+01
-1.823560953140259011e+00 1.984497547149657981e+00 -6.222146153450012207e-01 1.200000000000000000e+01
-2.123668432235718218e+00 2.311900377273560014e+00 -6.102071404457092285e-01 1.200000000000000000e+01
-2.567437648773192915e+00 2.796962261199951172e+00 -6.013340950012207031e-01 9.000000000000000000e+00
-3.250021457672119141e+00 3.543049812316894975e+00 -5.903350710868835449e-01 9.000000000000000000e+00
-4.365520000457763672e+00 4.760791301727294922e+00 -5.651178359985351562e-01 6.000000000000000000e+00
-6.634649276733398438e+00 7.240448951721191406e+00 -5.146718025207519531e-01 2.000000000000000000e+00
-1.399886703491210938e+01 1.528779315948485973e+01 -3.618232905864716131e-01 3.000000000000000000e+00
-1.576209187507628950e+00 1.726169228553771973e+00 -6.263421177864074707e-01 1.800000000000000000e+01
-1.824503898620605025e+00 1.999487996101378950e+00 -6.249140501022338867e-01 1.500000000000000000e+01
-2.111616134643555132e+00 2.314947843551636186e+00 -6.090623140335083008e-01 1.100000000000000000e+01
-2.557658672332764116e+00 2.805907249450684038e+00 -6.013340950012207031e-01 9.000000000000000000e+00
-3.238970756530762163e+00 3.555840492248535156e+00 -5.905788540840148926e-01 8.000000000000000000e+00
-4.334119319915770596e+00 4.759796142578125000e+00 -5.632004141807556152e-01 6.000000000000000000e+00
-6.606646537780761719e+00 7.260609626770020419e+00 -5.144624710083007812e-01 2.000000000000000000e+00
-1.570174098014831987e+00 1.731660723686218040e+00 -6.263421177864074707e-01 1.700000000000000000e+01
-1.810970783233643022e+00 1.998623967170715110e+00 -6.226645112037658691e-01 1.400000000000000000e+01
-2.112748622894287109e+00 2.332490205764770952e+00 -6.117336153984069824e-01 1.200000000000000000e+01
-2.547848701477050781e+00 2.814818143844604048e+00 -6.013340950012207031e-01 9.000000000000000000e+00
-3.229202032089232954e+00 3.570069313049315962e+00 -5.910663008689880371e-01 8.000000000000000000e+00
-4.326831817626953125e+00 4.785240650177001953e+00 -5.644205808639526367e-01 6.000000000000000000e+00
-6.565193653106688565e+00 7.265843868255615234e+00 -5.132063627243041992e-01 2.000000000000000000e+00
-1.565412521362304910e+00 1.738566756248473899e+00 -6.268597245216369629e-01 1.900000000000000000e+01
-1.793555498123168945e+00 1.993344068527221902e+00 -6.190652847290039062e-01 1.400000000000000000e+01
-2.103281021118164062e+00 2.338391304016112837e+00 -6.113520264625549316e-01 1.200000000000000000e+01
-2.535366535186768022e+00 2.820756196975708008e+00 -6.007083654403686523e-01 9.000000000000000000e+00
-3.206108808517456055e+00 3.569504737854003906e+00 -5.891163945198059082e-01 8.000000000000000000e+00
-4.303446292877197266e+00 4.792902946472167969e+00 -5.635490417480468750e-01 6.000000000000000000e+00
-6.505111694335938388e+00 7.250065326690673828e+00 -5.104849338531494141e-01 2.000000000000000000e+00
-1.568347811698914018e+00 1.754101514816283958e+00 -6.304832100868225098e-01 1.700000000000000000e+01
-1.789183378219604048e+00 2.002499103546143022e+00 -6.199650764465332031e-01 1.100000000000000000e+01
-2.091182231903076172e+00 2.341326236724853960e+00 -6.102071404457092285e-01 1.200000000000000000e+01
-2.521558761596680132e+00 2.825167894363402876e+00 -5.997697114944458008e-01 9.000000000000000000e+00
-3.185701370239257812e+00 3.571785688400268999e+00 -5.876539945602416992e-01 8.000000000000000000e+00
-4.277408599853515625e+00 4.797485351562500000e+00 -5.623288750648498535e-01 6.000000000000000000e+00
-6.506337165832520419e+00 7.302552700042724609e+00 -5.125783681869506836e-01 2.000000000000000000e+00
-1.553236961364746094e+00 1.749452948570251021e+00 -6.268597245216369629e-01 1.900000000000000000e+01
-1.784769058227539062e+00 2.011647701263428178e+00 -6.208649277687072754e-01 1.100000000000000000e+01
-2.073878049850463867e+00 2.338329792022705078e+00 -6.075358390808105469e-01 1.200000000000000000e+01
-2.512991905212401900e+00 2.835430860519409180e+00 -6.000826358795166016e-01 9.000000000000000000e+00
-3.178478717803955078e+00 3.588828325271606001e+00 -5.886289477348327637e-01 8.000000000000000000e+00
-4.260636329650878906e+00 4.812386989593505859e+00 -5.623288750648498535e-01 6.000000000000000000e+00
-6.464925765991210938e+00 7.307269096374511719e+00 -5.113223195075988770e-01 2.000000000000000000e+00
-1.547120809555053933e+00 1.754864096641540971e+00 -6.268597245216369629e-01 1.900000000000000000e+01
-1.785465478897094949e+00 2.026638746261597124e+00 -6.235643029212951660e-01 1.100000000000000000e+01
-2.073488235473632812e+00 2.354394912719727007e+00 -6.098255515098571777e-01 1.100000000000000000e+01
-2.510909318923950195e+00 2.853082895278931108e+00 -6.019598245620727539e-01 9.000000000000000000e+00
-3.163310050964355025e+00 3.596920251846313032e+00 -5.881414413452148438e-01 9.000000000000000000e+00
-4.229341506958007812e+00 4.810770511627197266e+00 -5.604114532470703125e-01 7.000000000000000000e+00
-6.463106632232666016e+00 7.356800079345703125e+00 -5.132063627243041992e-01 2.000000000000000000e+00
-1.539713263511657937e+00 1.758800268173217995e+00 -6.263421177864074707e-01 1.700000000000000000e+01
-5.849871063232421875e+01 6.684607696533203125e+01 1.550506711006164995e+00 5.000000000000000000e+00
-1.775814056396483931e+00 2.029925346374512163e+00 -6.226645112037658691e-01 1.300000000000000000e+01
-2.062672615051269975e+00 2.358662605285644975e+00 -6.090623140335083008e-01 1.100000000000000000e+01
-2.498335361480712891e+00 2.858855485916138139e+00 -6.013340950012207031e-01 9.000000000000000000e+00
-3.150735139846802202e+00 3.607940435409545898e+00 -5.881414413452148438e-01 8.000000000000000000e+00
-4.221694469451904297e+00 4.836010932922363281e+00 -5.616316199302673340e-01 6.000000000000000000e+00
-6.442639350891113281e+00 7.385335922241210938e+00 -5.136250853538513184e-01 2.000000000000000000e+00
-1.309819316864014027e+01 1.502532482147216975e+01 -3.479311764240264893e-01 3.000000000000000000e+00
-1.533564567565917969e+00 1.764164209365844949e+00 -6.263421177864074707e-01 1.800000000000000000e+01
-1.762327671051024947e+00 2.028755903244018999e+00 -6.204150319099426270e-01 1.600000000000000000e+01
-2.062150001525878906e+00 2.374742507934569868e+00 -6.113520264625549316e-01 1.100000000000000000e+01
-2.475394248962401900e+00 2.852639198303223100e+00 -5.982053875923156738e-01 9.000000000000000000e+00
-3.131619453430175781e+00 3.611417770385742188e+00 -5.869227647781372070e-01 9.000000000000000000e+00
-4.210008144378662109e+00 4.856739521026611328e+00 -5.623288750648498535e-01 4.000000000000000000e+00
-6.338358879089354581e+00 7.317201614379882812e+00 -5.073447823524475098e-01 2.000000000000000000e+00
-1.291478919982909979e+01 1.491976070404052912e+01 -3.444406986236572266e-01 3.000000000000000000e+00
-1.528659462928771973e+00 1.770969033241271973e+00 -6.268597245216369629e-01 1.600000000000000000e+01
-1.750143885612488015e+00 2.028992652893065962e+00 -6.186153888702392578e-01 1.600000000000000000e+01
-2.042309761047362837e+00 2.368544578552246094e+00 -6.079174876213073730e-01 1.000000000000000000e+01
-2.475737094879149947e+00 2.873234272003173828e+00 -6.007083654403686523e-01 9.000000000000000000e+00
-3.115108251571654829e+00 3.617814302444458008e+00 -5.861915349960327148e-01 8.000000000000000000e+00
-4.186530590057373047e+00 4.863855361938476562e+00 -5.614572763442993164e-01 4.000000000000000000e+00
-6.364874839782714844e+00 7.399849891662597656e+00 -5.115316510200500488e-01 2.000000000000000000e+00
-1.276617431640625000e+01 1.485253047943115057e+01 -3.418577313423156738e-01 3.000000000000000000e+00
-1.520263433456420898e+00 1.773095369338989036e+00 -6.258244514465332031e-01 1.600000000000000000e+01
-1.751013517379760964e+00 2.043664216995238814e+00 -6.213148236274719238e-01 1.500000000000000000e+01
-2.031889915466309038e+00 2.372321844100952148e+00 -6.071542501449584961e-01 1.000000000000000000e+01
-2.466195583343505859e+00 2.881428241729735884e+00 -6.007083654403686523e-01 9.000000000000000000e+00
-3.104384422302246094e+00 3.629632949829102007e+00 -5.864352583885192871e-01 9.000000000000000000e+00
-4.176852226257324219e+00 4.885283470153808594e+00 -5.623288750648498535e-01 4.000000000000000000e+00
-6.316948413848876953e+00 7.393582820892333984e+00 -5.096475481986999512e-01 2.000000000000000000e+00
-1.507803201675415039e+00 1.771036386489867942e+00 -6.232362389564514160e-01 1.700000000000000000e+01
-1.756496667861938032e+00 2.064606666564940962e+00 -6.258138418197631836e-01 1.500000000000000000e+01
-2.023596525192261186e+00 2.379400014877318892e+00 -6.071542501449584961e-01 1.100000000000000000e+01
-2.451005458831787109e+00 2.883998632431029829e+00 -5.994568467140197754e-01 9.000000000000000000e+00
-3.095550775527954102e+00 3.644986391067504883e+00 -5.871664881706237793e-01 8.000000000000000000e+00
-4.132695198059082031e+00 4.867937564849854404e+00 -5.586683154106140137e-01 4.000000000000000000e+00
-6.280765056610107422e+00 7.403403759002686435e+00 -5.088101625442504883e-01 2.000000000000000000e+00
-1.263116073608398082e+01 1.489942359924316051e+01 -3.409502208232880194e-01 3.000000000000000000e+00
-1.504416823387145996e+00 1.778976917266845925e+00 -6.242715120315551758e-01 1.700000000000000000e+01
-1.737062215805053933e+00 2.055535554885863814e+00 -6.213148236274719238e-01 1.600000000000000000e+01
-2.013161182403564009e+00 2.383098125457764116e+00 -6.063910126686096191e-01 1.000000000000000000e+01
-2.437605619430541992e+00 2.887582063674927202e+00 -5.985182523727416992e-01 8.000000000000000000e+00
-3.082166433334351030e+00 3.653714179992675781e+00 -5.869227647781372070e-01 9.000000000000000000e+00
-4.118246078491210938e+00 4.885380744934082031e+00 -5.590169429779052734e-01 4.000000000000000000e+00
-6.230439662933349609e+00 7.393644809722900391e+00 -5.067167282104492188e-01 2.000000000000000000e+00
-1.251728057861327947e+01 1.486474800109862926e+01 -3.392049670219420832e-01 3.000000000000000000e+00
-1.500370502471924050e+00 1.787438273429871050e+00 -6.253067851066589355e-01 1.700000000000000000e+01
-1.724866032600403054e+00 2.055615186691284180e+00 -6.195151805877685547e-01 1.500000000000000000e+01
-2.010720252990723100e+00 2.397982597351074219e+00 -6.082990765571594238e-01 1.100000000000000000e+01
-2.428274393081665039e+00 2.898011207580565962e+00 -5.988311171531677246e-01 9.000000000000000000e+00
-3.066844463348389116e+00 3.661407232284545898e+00 -5.864352583885192871e-01 9.000000000000000000e+00
-4.097331523895263672e+00 4.895142555236816406e+00 -5.584939718246459961e-01 4.000000000000000000e+00
-6.200735569000244141e+00 7.413366794586181641e+00 -5.065073966979980469e-01 2.000000000000000000e+00
-1.247814369201659979e+01 1.492369174957275035e+01 -3.395540118217468262e-01 3.000000000000000000e+00
-1.499383330345154031e+00 1.798339009284972922e+00 -6.273773908615112305e-01 1.800000000000000000e+01
-1.720174908638000044e+00 2.064618110656737837e+00 -6.204150319099426270e-01 1.500000000000000000e+01
-2.000244379043579102e+00 2.401619911193848100e+00 -6.075358390808105469e-01 1.100000000000000000e+01
-2.412332534790039062e+00 2.898456096649169922e+00 -5.972667932510375977e-01 8.000000000000000000e+00
-3.047698497772216797e+00 3.664458990097045898e+00 -5.852165818214416504e-01 8.000000000000000000e+00
-4.078945636749267578e+00 4.907883167266845703e+00 -5.583196878433227539e-01 6.000000000000000000e+00
-6.160802364349365234e+00 7.415453910827636719e+00 -5.052513480186462402e-01 2.000000000000000000e+00
-1.241320037841797053e+01 1.495177173614501953e+01 -3.392049670219420832e-01 3.000000000000000000e+00
-1.492782115936279075e+00 1.803822398185729980e+00 -6.273773908615112305e-01 1.700000000000000000e+01
-1.714199662208556907e+00 2.072111606597899947e+00 -6.208649277687072754e-01 1.300000000000000000e+01
-1.992679476737976074e+00 2.410448312759398970e+00 -6.079174876213073730e-01 1.000000000000000000e+01
-2.413015842437744141e+00 2.920984745025635210e+00 -6.000826358795166016e-01 9.000000000000000000e+00
-3.036152601242064986e+00 3.676605701446533203e+00 -5.854603052139282227e-01 9.000000000000000000e+00
-4.059253215789794922e+00 4.919017791748046875e+00 -5.579710602760314941e-01 4.000000000000000000e+00
-6.133581638336181641e+00 7.437984466552734375e+00 -5.052513480186462402e-01 2.000000000000000000e+00
-1.225154495239257990e+01 1.486231231689452947e+01 -3.362031579017639160e-01 3.000000000000000000e+00
-1.477891206741333008e+00 1.798574090003967063e+00 -6.237539052963256836e-01 1.600000000000000000e+01
-1.710303544998168945e+00 2.082898616790771040e+00 -6.222146153450012207e-01 1.200000000000000000e+01
-1.983007669448852983e+00 2.415871858596802202e+00 -6.075358390808105469e-01 1.100000000000000000e+01
-2.397794008255004883e+00 2.923280715942382812e+00 -5.988311171531677246e-01 9.000000000000000000e+00
-3.023915052413939986e+00 3.689244508743286133e+00 -5.857040882110595703e-01 8.000000000000000000e+00
-4.012159824371337891e+00 4.898411750793457031e+00 -5.539618730545043945e-01 6.000000000000000000e+00
-6.132886886596679688e+00 7.490255832672119141e+00 -5.073447823524475098e-01 2.000000000000000000e+00
-1.216153240203857067e+01 1.486378192901610973e+01 -3.352258205413817804e-01 3.000000000000000000e+00
-1.470068216323852983e+00 1.802481651306151900e+00 -6.232362389564514160e-01 1.600000000000000000e+01
-1.703022480010986106e+00 2.088855981826781782e+00 -6.222146153450012207e-01 1.200000000000000000e+01
-1.974139690399169922e+00 2.423123836517333984e+00 -6.075358390808105469e-01 1.200000000000000000e+01
-2.382074832916260210e+00 2.925921678543090820e+00 -5.975796580314636230e-01 9.000000000000000000e+00
-3.008512735366820845e+00 3.696698188781737837e+00 -5.852165818214416504e-01 8.000000000000000000e+00
-4.000064849853515625e+00 4.918570041656494141e+00 -5.546591281890869141e-01 7.000000000000000000e+00
-6.029815196990966797e+00 7.419685840606688565e+00 -5.010644197463989258e-01 2.000000000000000000e+00
-1.206418228149414062e+01 1.485026836395264027e+01 -3.339692354202271063e-01 3.000000000000000000e+00
-1.470479607582092063e+00 1.814595699310302956e+00 -6.258244514465332031e-01 1.600000000000000000e+01
-1.683822393417357954e+00 2.079347372055054155e+00 -6.177155971527099609e-01 1.200000000000000000e+01
-1.965282320976257102e+00 2.427787780761719194e+00 -6.071542501449584961e-01 1.000000000000000000e+01
-2.377840280532836914e+00 2.939533948898314986e+00 -5.988311171531677246e-01 9.000000000000000000e+00
-2.991245746612548828e+00 3.700479269027709961e+00 -5.842416286468505859e-01 9.000000000000000000e+00
-3.984984397888184038e+00 4.933357238769531250e+00 -5.548334717750549316e-01 6.000000000000000000e+00
-6.024042129516601562e+00 7.460347175598145419e+00 -5.025298595428466797e-01 2.000000000000000000e+00
-1.201487064361572088e+01 1.489019298553466975e+01 -3.339692354202271063e-01 3.000000000000000000e+00
-1.465029716491698997e+00 1.821478366851807085e+00 -6.263421177864074707e-01 1.500000000000000000e+01
-1.678995966911315918e+00 2.088249921798706055e+00 -6.186153888702392578e-01 1.200000000000000000e+01
-1.953911423683166948e+00 2.431913614273070845e+00 -6.063910126686096191e-01 1.100000000000000000e+01
-2.364577054977416992e+00 2.945148706436156782e+00 -5.982053875923156738e-01 9.000000000000000000e+00
-2.975825548171997070e+00 3.707801818847655806e+00 -5.837541818618774414e-01 9.000000000000000000e+00
-3.973972082138061968e+00 4.955008983612061435e+00 -5.557050108909606934e-01 7.000000000000000000e+00
-5.981669902801513672e+00 7.463674545288085938e+00 -5.012738108634948730e-01 2.000000000000000000e+00
-1.196282100677490057e+01 1.493204212188721058e+01 -3.339692354202271063e-01 3.000000000000000000e+00
-1.453840613365172896e+00 1.820542931556702104e+00 -6.242715120315551758e-01 1.500000000000000000e+01
-1.672546386718750000e+00 2.095912933349608931e+00 -6.190652847290039062e-01 1.300000000000000000e+01
-1.940513372421265093e+00 2.432580232620238814e+00 -6.048645377159118652e-01 1.000000000000000000e+01
-2.359207391738892046e+00 2.959563493728638139e+00 -5.994568467140197754e-01 9.000000000000000000e+00
-2.967163085937500000e+00 3.724894523620605025e+00 -5.847291350364685059e-01 8.000000000000000000e+00
-3.948339462280272993e+00 4.960187911987304688e+00 -5.546591281890869141e-01 4.000000000000000000e+00
-5.940657138824462891e+00 7.465754508972167969e+00 -5.000177025794982910e-01 2.000000000000000000e+00
-1.190801239013672053e+01 1.497578716278075994e+01 -3.339692354202271063e-01 3.000000000000000000e+00
-1.445076465606689009e+00 1.822579145431518999e+00 -6.232362389564514160e-01 1.500000000000000000e+01
-1.670060873031615989e+00 2.107848167419434038e+00 -6.208649277687072754e-01 1.300000000000000000e+01
-1.931584477424622026e+00 2.439676284790039062e+00 -6.048645377159118652e-01 1.000000000000000000e+01
-2.340990304946898970e+00 2.958895444869995117e+00 -5.975796580314636230e-01 9.000000000000000000e+00
-2.955374002456665039e+00 3.736786127090454102e+00 -5.849728584289550781e-01 9.000000000000000000e+00
-3.911234855651855025e+00 4.948929786682128906e+00 -5.518701672554016113e-01 6.000000000000000000e+00
-5.925632476806640625e+00 7.503151893615722656e+00 -5.010644197463989258e-01 2.000000000000000000e+00
-1.182344818115234020e+01 1.497645473480224965e+01 -3.330617249011992853e-01 3.000000000000000000e+00
-1.441734433174133079e+00 1.830145001411437988e+00 -6.242715120315551758e-01 1.700000000000000000e+01
-1.656198382377624956e+00 2.103897094726562944e+00 -6.181654930114746094e-01 1.400000000000000000e+01
-1.926765561103821023e+00 2.448482275009154829e+00 -6.056277751922607422e-01 1.100000000000000000e+01
-2.333421945571898970e+00 2.967381238937377930e+00 -5.978925228118896484e-01 8.000000000000000000e+00
-2.946073055267333984e+00 3.749173879623413086e+00 -5.854603052139282227e-01 9.000000000000000000e+00
-3.895668029785155806e+00 4.961192607879638672e+00 -5.518701672554016113e-01 6.000000000000000000e+00
-5.866347789764404297e+00 7.473568439483642578e+00 -4.979242980480194092e-01 2.000000000000000000e+00
-1.180842781066895064e+01 1.505443477630615057e+01 -3.339692354202271063e-01 3.000000000000000000e+00
-1.436206817626952903e+00 1.836938858032227007e+00 -6.247891783714294434e-01 1.600000000000000000e+01
-1.650044322013854980e+00 2.111200809478760210e+00 -6.186153888702392578e-01 1.500000000000000000e+01
-1.925029039382935014e+00 2.464811563491820845e+00 -6.079174876213073730e-01 1.000000000000000000e+01
-2.312807559967041016e+00 2.963455677032471147e+00 -5.953895449638366699e-01 8.000000000000000000e+00
-2.925641775131226030e+00 3.750044107437133789e+00 -5.839979052543640137e-01 9.000000000000000000e+00
-3.873426675796508789e+00 4.968475818634033203e+00 -5.511729121208190918e-01 6.000000000000000000e+00
-5.826642036437988281e+00 7.479263782501220703e+00 -4.968775808811187744e-01 2.000000000000000000e+00
-1.169437313079833984e+01 1.501667594909667969e+01 -3.322240114212036133e-01 3.000000000000000000e+00
-1.433017373085021973e+00 1.846769213676453081e+00 -6.263421177864074707e-01 1.700000000000000000e+01
-1.635955095291137917e+00 2.109820842742919922e+00 -6.163659095764160156e-01 1.400000000000000000e+01
-1.909968376159667969e+00 2.464092016220093218e+00 -6.060093641281127930e-01 9.000000000000000000e+00
-2.307978391647338867e+00 2.979721069335937944e+00 -5.969539284706115723e-01 9.000000000000000000e+00
-2.906360864639281782e+00 3.754970788955688032e+00 -5.830229520797729492e-01 9.000000000000000000e+00
-3.836036205291748047e+00 4.959671974182128906e+00 -5.485582351684570312e-01 9.000000000000000000e+00
-5.804076671600341797e+00 7.506889820098876953e+00 -4.972962439060211182e-01 2.000000000000000000e+00
-1.163662719726563033e+01 1.506146812438965021e+01 -3.322240114212036133e-01 3.000000000000000000e+00
-1.421524167060852051e+00 1.845886826515197976e+00 -6.242715120315551758e-01 1.700000000000000000e+01
-1.640467882156372070e+00 2.130960226058959961e+00 -6.208649277687072754e-01 1.600000000000000000e+01
-1.891347765922545943e+00 2.458626985549927202e+00 -6.029564142227172852e-01 1.000000000000000000e+01
-2.300653457641602007e+00 2.992858648300170898e+00 -5.978925228118896484e-01 8.000000000000000000e+00
-2.893235921859741211e+00 3.765093088150023970e+00 -5.830229520797729492e-01 9.000000000000000000e+00
-3.824767589569091797e+00 4.980933189392089844e+00 -5.494297742843627930e-01 7.000000000000000000e+00
-5.776523590087890625e+00 7.528112411499023438e+00 -4.972962439060211182e-01 2.000000000000000000e+00
-1.158398151397705078e+01 1.510199642181395951e+01 -3.322240114212036133e-01 3.000000000000000000e+00
-1.413047909736633079e+00 1.847521662712096946e+00 -6.232362389564514160e-01 1.700000000000000000e+01
-1.629469394683837891e+00 2.132028579711914062e+00 -6.195151805877685547e-01 1.500000000000000000e+01
-1.887951850891113059e+00 2.471125602722167969e+00 -6.044828891754150391e-01 1.000000000000000000e+01
-2.284722566604613814e+00 2.992620706558227983e+00 -5.963281989097595215e-01 9.000000000000000000e+00
-2.880075693130493164e+00 3.775169372558594194e+00 -5.830229520797729492e-01 9.000000000000000000e+00
-3.790446758270264116e+00 4.972071170806884766e+00 -5.469894409179687500e-01 6.000000000000000000e+00
-5.739421844482421875e+00 7.531341075897216797e+00 -4.962495267391204834e-01 2.000000000000000000e+00
-1.407434940338134988e+00 1.854227066040039062e+00 -6.237539052963256836e-01 1.600000000000000000e+01
-1.619661450386046919e+00 2.134598731994628906e+00 -6.186153888702392578e-01 1.500000000000000000e+01
-1.875323534011841042e+00 2.473335504531859907e+00 -6.033380627632141113e-01 1.000000000000000000e+01
-2.268966913223267046e+00 2.994676589965819868e+00 -5.950766801834106445e-01 1.000000000000000000e+01
-2.871674537658690962e+00 3.791529417037963867e+00 -5.839979052543640137e-01 9.000000000000000000e+00
-3.773067951202393022e+00 4.985271930694580078e+00 -5.469894409179687500e-01 6.000000000000000000e+00
-5.706960678100585938e+00 7.545954704284667969e+00 -4.958308637142180841e-01 2.000000000000000000e+00
-1.141797065734862926e+01 1.510274219512938920e+01 -3.304787576198577881e-01 3.000000000000000000e+00
-1.411234498023987038e+00 1.870732665061950906e+00 -6.278949975967407227e-01 1.600000000000000000e+01
-1.604736089706420898e+00 2.128783702850341797e+00 -6.154660582542419434e-01 1.700000000000000000e+01
-1.880973458290100098e+00 2.496135950088500977e+00 -6.075358390808105469e-01 1.100000000000000000e+01
-2.257695198059082031e+00 2.998239517211914062e+00 -5.944509506225585938e-01 9.000000000000000000e+00
-2.852587461471558061e+00 3.791015148162841797e+00 -5.825354456901550293e-01 9.000000000000000000e+00
-3.758584976196289062e+00 4.998693466186523438e+00 -5.471637248992919922e-01 6.000000000000000000e+00
-5.672545909881591797e+00 7.546888828277587891e+00 -4.947841167449951172e-01 2.000000000000000000e+00
-1.403210759162903054e+00 1.874346137046813965e+00 -6.273773908615112305e-01 1.700000000000000000e+01
-1.599630713462830034e+00 2.137492656707764116e+00 -6.163659095764160156e-01 1.700000000000000000e+01
-1.861230134963989036e+00 2.488863229751586914e+00 -6.041013002395629883e-01 1.000000000000000000e+01
-2.256150722503662109e+00 3.019153356552124023e+00 -5.969539284706115723e-01 9.000000000000000000e+00
-2.834584951400756836e+00 3.794588088989257812e+00 -5.815604925155639648e-01 9.000000000000000000e+00
-3.745880603790283203e+00 5.018169403076171875e+00 -5.478609800338745117e-01 9.000000000000000000e+00
-5.644846916198729581e+00 7.567628860473632812e+00 -4.947841167449951172e-01 2.000000000000000000e+00
-1.125778770446776988e+01 1.509798145294188920e+01 -3.287335336208344061e-01 3.000000000000000000e+00
-1.393202424049376997e+00 1.874581217765808105e+00 -6.258244514465332031e-01 1.400000000000000000e+01
-1.592947602272033913e+00 2.144905805587768999e+00 -6.168158054351806641e-01 1.600000000000000000e+01
-1.851360797882080078e+00 2.493768692016602007e+00 -6.037196516990661621e-01 1.100000000000000000e+01
-2.240890264511107954e+00 3.020664453506470171e+00 -5.957024693489074707e-01 9.000000000000000000e+00
-2.818293809890747070e+00 3.801762580871582031e+00 -5.810730457305908203e-01 9.000000000000000000e+00
-3.719161272048950195e+00 5.020658016204833984e+00 -5.466408133506774902e-01 6.000000000000000000e+00
-5.618396759033203125e+00 7.587286949157714844e+00 -4.947841167449951172e-01 2.000000000000000000e+00
-1.118572330474854049e+01 1.511663722991943004e+01 -3.282448649406433105e-01 3.000000000000000000e+00
-1.380589008331299050e+00 1.871901273727416992e+00 -6.232362389564514160e-01 1.100000000000000000e+01
-1.592389225959778054e+00 2.159864187240601030e+00 -6.195151805877685547e-01 1.500000000000000000e+01
-1.844537138938904031e+00 2.503698587417602983e+00 -6.044828891754150391e-01 1.100000000000000000e+01
-2.232146263122559038e+00 3.032038927078247070e+00 -5.963281989097595215e-01 9.000000000000000000e+00
-2.807359218597412109e+00 3.814774751663208008e+00 -5.815604925155639648e-01 9.000000000000000000e+00
-3.688629388809204102e+00 5.015953540802001953e+00 -5.447233915328979492e-01 6.000000000000000000e+00
-5.590549945831298828e+00 7.607828617095947266e+00 -4.947841167449951172e-01 2.000000000000000000e+00
-1.109026908874512074e+01 1.509757232666015980e+01 -3.269882798194885254e-01 3.000000000000000000e+00
-1.376985073089600053e+00 1.879346013069153054e+00 -6.242715120315551758e-01 1.000000000000000000e+01
-1.574857234954833984e+00 2.150981664657593218e+00 -6.154660582542419434e-01 1.600000000000000000e+01
-1.834343433380126953e+00 2.506312608718872070e+00 -6.037196516990661621e-01 1.200000000000000000e+01
-2.217945337295531782e+00 3.032658576965332031e+00 -5.950766801834106445e-01 9.000000000000000000e+00
-2.793522119522095171e+00 3.822460412979125977e+00 -5.813167691230773926e-01 1.100000000000000000e+01
-3.679025650024414062e+00 5.037812232971191406e+00 -5.457692742347717285e-01 8.000000000000000000e+00
-5.547780036926270419e+00 7.599543571472167969e+00 -4.931093752384185791e-01 1.000000000000000000e+00
-1.104014301300049006e+01 1.513426589965819957e+01 -3.269882798194885254e-01 3.000000000000000000e+00
-1.374631881713866965e+00 1.890630245208740012e+00 -6.263421177864074707e-01 7.000000000000000000e+00
-1.566193580627440962e+00 2.154889583587646040e+00 -6.150161623954772949e-01 1.800000000000000000e+01
-1.827452421188354048e+00 2.516196012496947798e+00 -6.044828891754150391e-01 1.200000000000000000e+01
-2.209135770797729048e+00 3.043964862823485884e+00 -5.957024693489074707e-01 9.000000000000000000e+00
-2.775499582290648970e+00 3.825761318206787109e+00 -5.803418159484863281e-01 1.100000000000000000e+01
-3.668434381484984907e+00 5.060302257537841797e+00 -5.468151569366455078e-01 8.000000000000000000e+00
-5.515202045440673828e+00 7.613356590270996094e+00 -4.926906824111937921e-01 1.000000000000000000e+00
-1.098724746704101918e+01 1.517271137237549006e+01 -3.269882798194885254e-01 3.000000000000000000e+00
-1.365762710571289062e+00 1.892284154891967995e+00 -6.253067851066589355e-01 6.000000000000000000e+00
-1.558284997940063032e+00 2.160615444183350053e+00 -6.150161623954772949e-01 1.800000000000000000e+01
-1.811769247055053933e+00 2.513004541397095171e+00 -6.021931767463684082e-01 1.100000000000000000e+01
-2.196187496185303178e+00 3.048452138900756836e+00 -5.950766801834106445e-01 1.000000000000000000e+01
-2.766098022460937944e+00 3.842352390289307085e+00 -5.813167691230773926e-01 1.100000000000000000e+01
-3.642881870269774947e+00 5.064009189605712891e+00 -5.457692742347717285e-01 8.000000000000000000e+00
-5.511913776397705078e+00 7.664992332458496094e+00 -4.947841167449951172e-01 2.000000000000000000e+00
-1.093156337738036932e+01 1.521287918090819957e+01 -3.269882798194885254e-01 3.000000000000000000e+00
-1.362192630767822044e+00 1.901988983154297097e+00 -6.268597245216369629e-01 8.000000000000000000e+00
-1.554136753082274947e+00 2.170795202255249023e+00 -6.163659095764160156e-01 1.600000000000000000e+01
-1.802546501159667969e+00 2.519628047943114790e+00 -6.021931767463684082e-01 1.100000000000000000e+01
-2.187297105789185014e+00 3.059695005416870117e+00 -5.957024693489074707e-01 9.000000000000000000e+00
-2.748052120208739790e+00 3.845524311065673828e+00 -5.803418159484863281e-01 1.100000000000000000e+01
-3.624025344848632812e+00 5.075073242187500000e+00 -5.455949306488037109e-01 8.000000000000000000e+00
-5.455941200256347656e+00 7.646123886108398438e+00 -4.922719895839691162e-01 1.000000000000000000e+00
-1.082033157348632990e+01 1.516954612731933949e+01 -3.252430558204650879e-01 3.000000000000000000e+00
-1.349160075187683105e+00 1.897049903869628906e+00 -6.237539052963256836e-01 9.000000000000000000e+00
-1.547678709030150923e+00 2.177795410156250000e+00 -6.168158054351806641e-01 1.500000000000000000e+01
-1.797592163085937944e+00 2.530393123626708984e+00 -6.033380627632141113e-01 1.100000000000000000e+01
-2.172564983367919922e+00 3.060488462448120117e+00 -5.944509506225585938e-01 9.000000000000000000e+00
-2.731166601181029829e+00 3.850235939025878906e+00 -5.796105861663818359e-01 1.100000000000000000e+01
-3.601413488388061968e+00 5.078936576843261719e+00 -5.447233915328979492e-01 8.000000000000000000e+00
-5.419008731842041016e+00 7.647878170013427734e+00 -4.912252724170684814e-01 1.000000000000000000e+00
-1.075113677978515980e+01 1.518437480926514027e+01 -3.247543871402739923e-01 3.000000000000000000e+00
-1.348100543022155984e+00 1.909638881683350053e+00 -6.263421177864074707e-01 1.100000000000000000e+01
-1.533327460289001021e+00 2.173630237579346147e+00 -6.141163706779479980e-01 1.600000000000000000e+01
-1.794405579566956010e+00 2.544674873352050781e+00 -6.052461266517639160e-01 1.100000000000000000e+01
-2.157317399978638139e+00 3.061594486236571822e+00 -5.931994915008544922e-01 9.000000000000000000e+00
-2.715424299240111861e+00 3.856499910354613814e+00 -5.791231393814086914e-01 9.000000000000000000e+00
-3.577929019927978960e+00 5.083330631256104404e+00 -5.438518524169921875e-01 9.000000000000000000e+00
-5.387683391571044922e+00 7.660212993621826172e+00 -4.908066093921660822e-01 1.000000000000000000e+00
-1.071416568756104049e+01 1.524471569061278942e+01 -3.252430558204650879e-01 3.000000000000000000e+00
-1.342094659805298074e+00 1.913864612579345925e+00 -6.263421177864074707e-01 1.400000000000000000e+01
-1.520899653434752974e+00 2.170456886291503906e+00 -6.118668913841247559e-01 1.600000000000000000e+01
-1.779644250869750977e+00 2.540651559829711914e+00 -6.029564142227172852e-01 1.100000000000000000e+01
-2.154484987258911133e+00 3.078066587448120117e+00 -5.950766801834106445e-01 9.000000000000000000e+00
-2.705570936203002930e+00 3.868264913558959961e+00 -5.796105861663818359e-01 1.100000000000000000e+01
-3.564224958419799805e+00 5.097811698913574219e+00 -5.442004799842834473e-01 6.000000000000000000e+00
-5.340714454650878906e+00 7.644355773925781250e+00 -4.887131452560424805e-01 1.000000000000000000e+00
-1.066622066497802912e+01 1.527830028533936080e+01 -3.252430558204650879e-01 3.000000000000000000e+00
-1.336509466171265093e+00 1.920123338699341042e+00 -6.268597245216369629e-01 1.500000000000000000e+01
-1.515539526939392090e+00 2.178952217102050781e+00 -6.127666831016540527e-01 1.600000000000000000e+01
-1.770764827728271040e+00 2.546848058700561968e+00 -6.029564142227172852e-01 1.100000000000000000e+01
-2.138091802597045898e+00 3.077457189559936968e+00 -5.935123562812805176e-01 1.000000000000000000e+01
-2.689787626266479048e+00 3.874424219131470171e+00 -5.791231393814086914e-01 9.000000000000000000e+00
-3.554360151290893999e+00 5.121679782867431641e+00 -5.454206466674804688e-01 6.000000000000000000e+00
-5.304892539978027344e+00 7.649821758270263672e+00 -4.878757894039154053e-01 1.000000000000000000e+00
-1.325406432151793990e+00 1.918419241905211958e+00 -6.247891783714294434e-01 1.900000000000000000e+01
-1.510138630867003950e+00 2.187436580657958984e+00 -6.136664748191833496e-01 1.600000000000000000e+01
-1.755173325538635032e+00 2.543318748474121094e+00 -6.006667017936706543e-01 1.100000000000000000e+01
-2.127336502075194868e+00 3.084901571273804155e+00 -5.935123562812805176e-01 1.000000000000000000e+01
-2.669488668441772017e+00 3.873982191085814986e+00 -5.776606798171997070e-01 8.000000000000000000e+00
-3.525158166885375977e+00 5.117647647857666016e+00 -5.436775088310241699e-01 8.000000000000000000e+00
-5.287216663360595703e+00 7.681454181671142578e+00 -4.887131452560424805e-01 1.000000000000000000e+00
-1.312146544456481934e+00 1.913474678993225098e+00 -6.216833591461181641e-01 1.900000000000000000e+01
-1.505798459053039995e+00 2.197517156600952148e+00 -6.150161623954772949e-01 1.500000000000000000e+01
-1.748503684997559038e+00 2.552669286727904829e+00 -6.014299392700195312e-01 1.100000000000000000e+01
-2.119902610778809038e+00 3.097198963165283203e+00 -5.944509506225585938e-01 9.000000000000000000e+00
-2.660432338714600053e+00 3.889830827713013139e+00 -5.786356329917907715e-01 8.000000000000000000e+00
-3.505023717880249023e+00 5.126632213592529297e+00 -5.433288812637329102e-01 8.000000000000000000e+00
-5.244597911834716797e+00 7.676775455474854404e+00 -4.872477650642395020e-01 1.000000000000000000e+00
-1.033652591705322088e+01 1.514142417907715021e+01 -3.200073242187500000e-01 3.000000000000000000e+00
-1.307633280754088911e+00 1.921237349510193093e+00 -6.227186322212219238e-01 1.900000000000000000e+01
-1.493734836578368919e+00 2.196314573287963867e+00 -6.132165789604187012e-01 1.500000000000000000e+01
-1.740686297416687012e+00 2.560380697250366211e+00 -6.018115878105163574e-01 1.200000000000000000e+01
-2.100198030471802202e+00 3.091507911682128906e+00 -5.919480323791503906e-01 9.000000000000000000e+00
-2.644608259201049805e+00 3.895808935165404829e+00 -5.781481862068176270e-01 8.000000000000000000e+00
-3.483751058578491211e+00 5.133889675140380859e+00 -5.428059697151184082e-01 8.000000000000000000e+00
-5.224494457244873047e+00 7.704954147338867188e+00 -4.878757894039154053e-01 1.000000000000000000e+00
-1.032623386383056996e+01 1.524032115936278942e+01 -3.213337063789368231e-01 3.000000000000000000e+00
-1.303081631660460982e+00 1.928991794586182085e+00 -6.237539052963256836e-01 1.900000000000000000e+01
-1.486059188842772993e+00 2.201515197753905806e+00 -6.132165789604187012e-01 1.500000000000000000e+01
-1.735032677650452104e+00 2.571323633193970171e+00 -6.029564142227172852e-01 1.100000000000000000e+01
-2.084976434707642046e+00 3.092268943786621094e+00 -5.906965136528015137e-01 9.000000000000000000e+00
-2.626556396484375000e+00 3.898431539535522017e+00 -5.771732330322265625e-01 8.000000000000000000e+00
-3.466922044754027876e+00 5.147671699523925781e+00 -5.429802536964416504e-01 6.000000000000000000e+00
-5.188646316528320312e+00 7.709888458251953125e+00 -4.870384037494658869e-01 1.000000000000000000e+00
-1.023056793212890980e+01 1.521321678161620916e+01 -3.200073242187500000e-01 3.000000000000000000e+00
-1.294188737869262917e+00 1.930319428443908913e+00 -6.227186322212219238e-01 1.900000000000000000e+01
-1.474026799201965110e+00 2.200213193893433061e+00 -6.114169359207153320e-01 1.500000000000000000e+01
-1.722769260406493919e+00 2.572470664978026900e+00 -6.018115878105163574e-01 1.200000000000000000e+01
-2.076366901397705078e+00 3.102811336517333984e+00 -5.913223028182983398e-01 9.000000000000000000e+00
-2.609622001647949219e+00 3.902625799179077148e+00 -5.764420032501220703e-01 1.000000000000000000e+01
-3.451146602630614790e+00 5.163054943084716797e+00 -5.433288812637329102e-01 8.000000000000000000e+00
-5.146171569824218750e+00 7.704700946807861328e+00 -4.855729937553405762e-01 1.000000000000000000e+00
-1.017740154266357067e+01 1.524883556365966975e+01 -3.200073242187500000e-01 3.000000000000000000e+00
-1.290653347969054954e+00 1.939650297164916992e+00 -6.242715120315551758e-01 1.600000000000000000e+01
-1.472811579704284890e+00 2.215081691741942915e+00 -6.141163706779479980e-01 1.500000000000000000e+01
-1.706171989440917969e+00 2.567023277282714844e+00 -5.991402268409729004e-01 1.200000000000000000e+01
-2.072080612182617188e+00 3.119913339614868164e+00 -5.931994915008544922e-01 9.000000000000000000e+00
-2.600374221801757812e+00 3.918327093124390093e+00 -5.774169564247131348e-01 1.000000000000000000e+01
-3.432001829147338867e+00 5.173409938812255859e+00 -5.431545972824096680e-01 6.000000000000000000e+00
-5.143523693084716797e+00 7.759241580963134766e+00 -4.878757894039154053e-01 1.000000000000000000e+00
-1.007993984222411932e+01 1.521758365631104049e+01 -3.186111450195313055e-01 3.000000000000000000e+00
-1.277487397193908913e+00 1.934471249580383079e+00 -6.211656928062438965e-01 1.600000000000000000e+01
-1.462923884391784890e+00 2.216956377029418945e+00 -6.132165789604187012e-01 1.500000000000000000e+01
-1.701525092124938965e+00 2.579518556594849077e+00 -6.006667017936706543e-01 1.100000000000000000e+01
-2.054654836654663086e+00 3.117231369018555132e+00 -5.913223028182983398e-01 9.000000000000000000e+00
-2.591048240661621094e+00 3.934011697769165039e+00 -5.783919095993041992e-01 1.000000000000000000e+01
-3.394201278686522993e+00 5.155404567718505859e+00 -5.400170087814331055e-01 6.000000000000000000e+00
-5.096648693084716797e+00 7.747114181518554688e+00 -4.859916865825653076e-01 1.000000000000000000e+00
-1.279198527336121050e+00 1.951844930648803933e+00 -6.253067851066589355e-01 1.700000000000000000e+01
-1.458379268646240012e+00 2.226940155029296875e+00 -6.145662665367126465e-01 1.400000000000000000e+01
-1.690359950065613015e+00 2.582157135009766069e+00 -5.999034643173217773e-01 1.200000000000000000e+01
-2.041598558425902876e+00 3.121078252792357954e+00 -5.906965136528015137e-01 9.000000000000000000e+00
-2.572955846786499023e+00 3.936385631561278853e+00 -5.774169564247131348e-01 1.000000000000000000e+01
-3.371825695037841797e+00 5.160549163818359375e+00 -5.393197536468505859e-01 6.000000000000000000e+00
-5.069575309753417969e+00 7.764857769012451172e+00 -4.859916865825653076e-01 1.000000000000000000e+00
-9.988752365112304688e+00 1.531103038787841975e+01 -3.190998136997222900e-01 3.000000000000000000e+00
-1.272036075592041016e+00 1.956520318984984907e+00 -6.253067851066589355e-01 1.700000000000000000e+01
-1.445960760116576926e+00 2.225733757019042969e+00 -6.127666831016540527e-01 1.200000000000000000e+01
-1.683023095130919966e+00 2.591628313064575195e+00 -6.006667017936706543e-01 1.100000000000000000e+01
-2.032295942306518999e+00 3.131854295730590820e+00 -5.913223028182983398e-01 9.000000000000000000e+00
-2.552031040191649947e+00 3.935796022415161133e+00 -5.759544968605041504e-01 1.000000000000000000e+01
-3.364809036254882812e+00 5.191264152526854581e+00 -5.412371754646301270e-01 6.000000000000000000e+00
-5.006337642669677734e+00 7.729742527008056641e+00 -4.826421737670897882e-01 1.000000000000000000e+00
-9.921703338623046875e+00 1.533075046539306996e+01 -3.187507390975952148e-01 3.000000000000000000e+00
-1.267293453216552956e+00 1.964195251464843972e+00 -6.263421177864074707e-01 1.500000000000000000e+01
-1.439238548278809038e+00 2.232405424118041992e+00 -6.132165789604187012e-01 1.300000000000000000e+01
-1.670775771141052024e+00 2.592536449432373047e+00 -5.995218753814697266e-01 1.100000000000000000e+01
-2.014934301376343218e+00 3.128964424133300781e+00 -5.894450545310974121e-01 9.000000000000000000e+00
-2.538276910781859907e+00 3.944680213928223100e+00 -5.759544968605041504e-01 1.000000000000000000e+01
-3.349901199340819868e+00 5.208004951477050781e+00 -5.417600870132446289e-01 6.000000000000000000e+00
-4.996603488922119141e+00 7.774053573608398438e+00 -4.843169450759888250e-01 1.000000000000000000e+00
-9.798969268798828125e+00 1.525760555267333984e+01 -3.165168464183806818e-01 3.000000000000000000e+00
-1.254521250724792036e+00 1.958626270294189009e+00 -6.232362389564514160e-01 1.500000000000000000e+01
-1.430777311325073020e+00 2.235524415969849077e+00 -6.127666831016540527e-01 1.200000000000000000e+01
-1.660053372383117898e+00 2.594755172729492188e+00 -5.987586379051208496e-01 1.100000000000000000e+01
-2.015187263488769975e+00 3.152272462844849077e+00 -5.925737619400024414e-01 9.000000000000000000e+00
-2.523044824600220171e+00 3.949729919433594194e+00 -5.754670500755310059e-01 1.000000000000000000e+01
-3.319745302200316939e+00 5.198934078216552734e+00 -5.396683812141418457e-01 6.000000000000000000e+00
-4.949310302734375000e+00 7.756905555725097656e+00 -4.822235107421875000e-01 1.000000000000000000e+00
-9.748319625854492188e+00 1.529001617431640980e+01 -3.165168464183806818e-01 3.000000000000000000e+00
-1.243531584739685059e+00 1.956471920013427956e+00 -6.211656928062438965e-01 1.700000000000000000e+01
-1.426099419593811035e+00 2.245440244674683061e+00 -6.141163706779479980e-01 1.300000000000000000e+01
-1.656247138977051003e+00 2.608821392059326172e+00 -6.006667017936706543e-01 1.200000000000000000e+01
-1.993589758872986062e+00 3.142606973648070845e+00 -5.894450545310974121e-01 9.000000000000000000e+00
-2.504991054534912109e+00 3.951806545257567915e+00 -5.744920969009399414e-01 1.000000000000000000e+01
-3.303710222244263139e+00 5.213856220245361328e+00 -5.400170087814331055e-01 4.000000000000000000e+00
-4.926477432250976562e+00 7.780884265899658203e+00 -4.826421737670897882e-01 1.000000000000000000e+00
-9.641430854797363281e+00 1.523945617675781072e+01 -3.147715926170349121e-01 3.000000000000000000e+00
-1.238755822181702104e+00 1.964068651199341042e+00 -6.222009658813476562e-01 1.700000000000000000e+01
-1.419291615486145020e+00 2.252053260803223100e+00 -6.145662665367126465e-01 1.300000000000000000e+01
-1.641898274421691895e+00 2.606281280517578125e+00 -5.987586379051208496e-01 1.100000000000000000e+01
-1.982607841491698997e+00 3.149546861648560014e+00 -5.894450545310974121e-01 9.000000000000000000e+00
-2.499636888504027876e+00 3.973968982696533203e+00 -5.764420032501220703e-01 1.000000000000000000e+01
-3.270642995834351030e+00 5.201743125915527344e+00 -5.375766158103942871e-01 4.000000000000000000e+00
-4.886536598205566406e+00 7.777739524841308594e+00 -4.813861250877379816e-01 1.000000000000000000e+00
-9.603061676025390625e+00 1.529672813415526988e+01 -3.152602612972260077e-01 3.000000000000000000e+00
-1.235991954803467019e+00 1.974931120872498003e+00 -6.242715120315551758e-01 1.900000000000000000e+01
-1.405222415924072044e+00 2.247080087661743164e+00 -6.118668913841247559e-01 1.300000000000000000e+01
-1.633831262588500977e+00 2.613661527633666992e+00 -5.991402268409729004e-01 1.100000000000000000e+01
-1.971601724624634011e+00 3.156448125839232954e+00 -5.894450545310974121e-01 9.000000000000000000e+00
-2.479443550109862837e+00 3.972566127777100053e+00 -5.749795436859130859e-01 1.000000000000000000e+01
-3.254574775695800781e+00 5.216508865356445312e+00 -5.379252433776855469e-01 6.000000000000000000e+00
-4.857244491577148438e+00 7.791359424591063565e+00 -4.811767935752869207e-01 1.000000000000000000e+00
-9.560180664062500000e+00 1.534712982177734020e+01 -3.156093060970305841e-01 3.000000000000000000e+00
-1.233167171478271040e+00 1.985798120498657005e+00 -6.263421177864074707e-01 1.900000000000000000e+01
-1.397370100021362083e+00 2.251971483230590820e+00 -6.118668913841247559e-01 1.300000000000000000e+01
-1.623663067817687988e+00 2.617680311203002930e+00 -5.987586379051208496e-01 1.100000000000000000e+01
-1.962653040885925071e+00 3.166669130325316939e+00 -5.900707840919494629e-01 9.000000000000000000e+00
-2.456155061721802202e+00 3.966007947921752930e+00 -5.727859139442443848e-01 1.000000000000000000e+01
-3.244735717773437944e+00 5.241389751434326172e+00 -5.393197536468505859e-01 6.000000000000000000e+00
-4.815308094024658203e+00 7.784487247467041016e+00 -4.797113835811614990e-01 1.000000000000000000e+00
-9.481318473815917969e+00 1.533958339691161932e+01 -3.147715926170349121e-01 3.000000000000000000e+00
-1.218120574951172097e+00 1.976933002471924050e+00 -6.222009658813476562e-01 1.800000000000000000e+01
-1.388478994369507058e+00 2.255176067352294922e+00 -6.114169359207153320e-01 1.100000000000000000e+01
-1.613486766815185991e+00 2.621659994125366211e+00 -5.983769893646240234e-01 1.100000000000000000e+01
-1.947448253631592019e+00 3.166770219802856001e+00 -5.888193249702453613e-01 9.000000000000000000e+00
-2.446453332901000977e+00 3.981322526931763139e+00 -5.737608671188354492e-01 1.000000000000000000e+01
-3.223291635513306108e+00 5.247591018676757812e+00 -5.387967824935913086e-01 6.000000000000000000e+00
-4.775568962097167969e+00 7.780821800231933594e+00 -4.784553050994873047e-01 1.000000000000000000e+00
-9.375443458557128906e+00 1.528735351562500000e+01 -3.130263686180114746e-01 3.000000000000000000e+00
-1.207181811332703081e+00 1.974580049514770952e+00 -6.201304197311401367e-01 1.800000000000000000e+01
-1.382630228996277078e+00 2.263334989547729048e+00 -6.123167872428894043e-01 1.300000000000000000e+01
-1.603302478790282981e+00 2.625600576400756836e+00 -5.979954004287719727e-01 1.100000000000000000e+01
-1.937411189079284890e+00 3.175235033035277876e+00 -5.891321897506713867e-01 8.000000000000000000e+00
-2.437707901000977007e+00 3.998312473297119141e+00 -5.749795436859130859e-01 1.000000000000000000e+01
-3.189401626586914062e+00 5.233290672302246094e+00 -5.361821055412292480e-01 6.000000000000000000e+00
-4.742146968841552734e+00 7.787209033966063565e+00 -4.778272807598114014e-01 1.000000000000000000e+00
-9.349050521850585938e+00 1.536440181732177912e+01 -3.139338791370391846e-01 3.000000000000000000e+00
-1.204289436340332031e+00 1.985388875007628950e+00 -6.222009658813476562e-01 1.800000000000000000e+01
-1.372701168060302956e+00 2.264814615249633789e+00 -6.114169359207153320e-01 1.100000000000000000e+01
-1.599214196205138938e+00 2.639576673507689986e+00 -5.999034643173217773e-01 1.100000000000000000e+01
-1.925292730331420898e+00 3.180288553237915039e+00 -5.888193249702453613e-01 9.000000000000000000e+00
-2.426818609237670898e+00 4.011892795562744141e+00 -5.757107734680175781e-01 8.000000000000000000e+00
-3.175238132476807085e+00 5.251211643218994141e+00 -5.368793606758117676e-01 6.000000000000000000e+00
-4.721132278442382812e+00 7.813971519470214844e+00 -4.784553050994873047e-01 1.000000000000000000e+00
-1.194363474845886008e+00 1.984614849090575950e+00 -6.206480860710144043e-01 1.900000000000000000e+01
-1.359765887260437012e+00 2.261242151260375977e+00 -6.091674566268920898e-01 1.300000000000000000e+01
-1.594036459922790971e+00 2.651873588562012163e+00 -6.014299392700195312e-01 1.100000000000000000e+01
-1.912145495414734109e+00 3.183603048324584961e+00 -5.881935954093933105e-01 9.000000000000000000e+00
-2.405649185180664062e+00 4.008425235748291016e+00 -5.740045905113220215e-01 1.000000000000000000e+01
-3.165088415145874023e+00 5.275931358337402344e+00 -5.382738709449768066e-01 6.000000000000000000e+00
-4.671236515045166016e+00 7.792716503143311435e+00 -4.761525392532349188e-01 3.000000000000000000e+00
-9.214843750000000000e+00 1.538469219207764027e+01 -3.130263686180114746e-01 3.000000000000000000e+00
-1.189409255981445090e+00 1.992089271545409934e+00 -6.216833591461181641e-01 1.900000000000000000e+01
-1.350865960121155007e+00 2.264301300048828125e+00 -6.087175607681274414e-01 1.200000000000000000e+01
-1.579742193222045898e+00 2.648990869522095171e+00 -5.995218753814697266e-01 1.200000000000000000e+01
-1.898998618125915971e+00 3.186864376068114790e+00 -5.875678658485412598e-01 9.000000000000000000e+00
-2.383517980575561968e+00 4.003152847290039062e+00 -5.720546841621398926e-01 1.000000000000000000e+01
-3.134424686431885210e+00 5.266402244567871094e+00 -5.361821055412292480e-01 8.000000000000000000e+00
-4.646048545837402344e+00 7.812407970428466797e+00 -4.763618707656859796e-01 3.000000000000000000e+00
-9.134525299072265625e+00 1.537206840515137074e+01 -3.121188282966613770e-01 3.000000000000000000e+00
-1.181811809539794922e+00 1.994360566139220969e+00 -6.211656928062438965e-01 1.800000000000000000e+01
-1.351292729377747026e+00 2.282183170318603960e+00 -6.123167872428894043e-01 1.200000000000000000e+01
-1.567949175834655984e+00 2.649146318435668945e+00 -5.983769893646240234e-01 1.100000000000000000e+01
-1.888420104980468972e+00 3.193144083023070845e+00 -5.875678658485412598e-01 9.000000000000000000e+00
-2.375279426574707031e+00 4.019579887390136719e+00 -5.732734203338623047e-01 1.000000000000000000e+01
-3.118970155715941939e+00 5.280198574066162109e+00 -5.365307331085205078e-01 6.000000000000000000e+00
-4.638389110565186435e+00 7.858732223510742188e+00 -4.782459735870360773e-01 3.000000000000000000e+00
-9.059120178222656250e+00 1.536093616485596058e+01 -3.112811148166655939e-01 3.000000000000000000e+00
-1.170926928520203081e+00 1.991812109947205034e+00 -6.190951466560363770e-01 1.800000000000000000e+01
-1.343318223953247070e+00 2.286886215209960938e+00 -6.123167872428894043e-01 1.100000000000000000e+01
-1.555710196495055930e+00 2.649524450302124023e+00 -5.972321629524230957e-01 1.100000000000000000e+01
-1.879261732101439986e+00 3.203124046325684038e+00 -5.881935954093933105e-01 1.000000000000000000e+01
-2.358222246170043945e+00 4.022708892822265625e+00 -5.725421905517578125e-01 1.000000000000000000e+01
-3.082388162612915039e+00 5.260111808776854581e+00 -5.333931446075439453e-01 6.000000000000000000e+00
-4.600837230682373047e+00 7.857639789581298828e+00 -4.771992564201354980e-01 3.000000000000000000e+00
-9.005444526672363281e+00 1.539246463775634943e+01 -3.112811148166655939e-01 3.000000000000000000e+00
-1.162645697593688965e+00 1.994421362876892090e+00 -6.185775399208068848e-01 1.900000000000000000e+01
-1.333946466445923074e+00 2.290110349655150923e+00 -6.118668913841247559e-01 1.300000000000000000e+01
-1.550927996635437012e+00 2.663691759109497070e+00 -5.991402268409729004e-01 1.200000000000000000e+01
-1.861548900604248047e+00 3.199745655059814009e+00 -5.863163471221923828e-01 9.000000000000000000e+00
-2.350445985794066939e+00 4.043338775634765625e+00 -5.742483735084533691e-01 1.000000000000000000e+01
-3.066091299057006836e+00 5.276541709899902344e+00 -5.339160561561584473e-01 8.000000000000000000e+00
-4.559972286224365234e+00 7.853723049163818359e+00 -4.759431779384613037e-01 1.000000000000000000e+00
-8.924884796142578125e+00 1.538385486602783025e+01 -3.104434013366699219e-01 3.000000000000000000e+00
-1.158578157424926980e+00 2.003484725952147993e+00 -6.201304197311401367e-01 1.800000000000000000e+01
-1.316194772720336914e+00 2.277879714965819868e+00 -6.073678731918334961e-01 1.200000000000000000e+01
-1.541620492935181108e+00 2.669089078903197798e+00 -5.991402268409729004e-01 1.100000000000000000e+01
-1.856292724609375000e+00 3.216489553451538086e+00 -5.881935954093933105e-01 9.000000000000000000e+00
-2.322434663772583008e+00 4.027443408966063565e+00 -5.708360075950622559e-01 1.000000000000000000e+01
-3.058598756790161133e+00 5.306200027465820312e+00 -5.358334779739379883e-01 9.000000000000000000e+00
-4.556453704833984375e+00 7.911129951477050781e+00 -4.784553050994873047e-01 1.000000000000000000e+00
-8.845197677612304688e+00 1.536985206604004084e+01 -3.095358908176422119e-01 3.000000000000000000e+00
-1.155774116516113059e+00 2.014017820358275923e+00 -6.222009658813476562e-01 1.700000000000000000e+01
-1.309603214263916016e+00 2.283922195434569868e+00 -6.078177690505981445e-01 1.400000000000000000e+01
-1.529832243919373003e+00 2.669076681137084961e+00 -5.979954004287719727e-01 1.100000000000000000e+01
-1.843652844429015891e+00 3.219199419021606001e+00 -5.875678658485412598e-01 9.000000000000000000e+00
-2.311038255691527876e+00 4.038568496704101562e+00 -5.713234543800354004e-01 8.000000000000000000e+00
-3.038018226623535156e+00 5.311125278472900391e+00 -5.353105664253234863e-01 9.000000000000000000e+00
-4.510372638702392578e+00 7.891515731811523438e+00 -4.763618707656859796e-01 1.000000000000000000e+00
-8.794180870056152344e+00 1.539909934997558949e+01 -3.095358908176422119e-01 3.000000000000000000e+00
-1.143002748489380105e+00 2.007966518402100053e+00 -6.190951466560363770e-01 1.800000000000000000e+01
-1.306440114974976030e+00 2.296949386596680132e+00 -6.100672483444213867e-01 1.200000000000000000e+01
-1.515654444694519043e+00 2.665867090225220171e+00 -5.960872769355773926e-01 1.100000000000000000e+01
-1.836307406425476074e+00 3.232485532760620117e+00 -5.888193249702453613e-01 9.000000000000000000e+00
-2.293987274169921875e+00 4.041431903839111328e+00 -5.705922842025756836e-01 1.000000000000000000e+01
-3.004712104797362837e+00 5.295704364776611328e+00 -5.326958894729614258e-01 9.000000000000000000e+00
-4.478858947753906250e+00 7.900261878967285156e+00 -4.759431779384613037e-01 1.000000000000000000e+00
-8.677295684814453125e+00 1.531834793090819957e+01 -3.073019683361052912e-01 3.000000000000000000e+00
-1.137886285781859907e+00 2.015308618545531782e+00 -6.201304197311401367e-01 1.900000000000000000e+01
-1.298414349555969016e+00 2.301495552062987837e+00 -6.100672483444213867e-01 1.400000000000000000e+01
-1.507303953170775923e+00 2.672851562500000000e+00 -5.964689254760742188e-01 1.200000000000000000e+01
-1.817254900932312012e+00 3.225107908248900923e+00 -5.863163471221923828e-01 9.000000000000000000e+00
-2.289604902267456055e+00 4.066712379455566406e+00 -5.730296373367309570e-01 1.000000000000000000e+01
-2.988162755966186968e+00 5.309633255004882812e+00 -5.330445170402526855e-01 9.000000000000000000e+00
-4.451254367828369141e+00 7.915847778320313388e+00 -4.759431779384613037e-01 1.000000000000000000e+00
-8.637484550476074219e+00 1.537295055389403942e+01 -3.077906370162963867e-01 3.000000000000000000e+00
-1.126124858856200950e+00 2.010840654373168945e+00 -6.175422668457031250e-01 1.900000000000000000e+01
-1.290372610092163086e+00 2.306014060974121094e+00 -6.100672483444213867e-01 1.300000000000000000e+01
-1.499881505966186968e+00 2.681523561477661133e+00 -5.972321629524230957e-01 1.100000000000000000e+01
-1.802131295204163042e+00 3.224534273147583008e+00 -5.850648880004882812e-01 1.000000000000000000e+01
-2.276363372802733931e+00 4.076413154602050781e+00 -5.732734203338623047e-01 8.000000000000000000e+00
-2.969610452651977983e+00 5.320031166076660156e+00 -5.330445170402526855e-01 9.000000000000000000e+00
-4.423595905303955078e+00 7.931337356567382812e+00 -4.759431779384613037e-01 1.000000000000000000e+00
-8.583770751953125000e+00 1.540300750732422053e+01 -3.077906370162963867e-01 3.000000000000000000e+00
-1.122265577316283958e+00 2.019629955291748047e+00 -6.190951466560363770e-01 1.700000000000000000e+01
-1.275150895118712935e+00 2.296650409698485884e+00 -6.064680218696594238e-01 1.400000000000000000e+01
-1.495744585990905984e+00 2.695065736770629883e+00 -5.991402268409729004e-01 1.100000000000000000e+01
-1.793344497680664062e+00 3.233947753906250000e+00 -5.856906175613403320e-01 1.000000000000000000e+01
-2.254173994064331055e+00 4.068312168121337891e+00 -5.710797309875488281e-01 1.000000000000000000e+01
-2.947125673294066939e+00 5.321135044097900391e+00 -5.321729779243469238e-01 9.000000000000000000e+00
-4.391468048095703125e+00 7.935477733612061435e+00 -4.753151535987854004e-01 1.000000000000000000e+00
-8.484263420104980469e+00 1.534388828277588068e+01 -3.060454130172728937e-01 2.000000000000000000e+00
-1.120803594589232954e+00 2.033686637878417969e+00 -6.222009658813476562e-01 1.800000000000000000e+01
-1.267126321792602983e+00 2.301087379455565962e+00 -6.064680218696594238e-01 1.100000000000000000e+01
-1.481594443321228027e+00 2.691670894622803178e+00 -5.972321629524230957e-01 1.100000000000000000e+01
-1.785852670669556108e+00 3.247111558914185014e+00 -5.869421362876892090e-01 9.000000000000000000e+00
-2.236135244369506836e+00 4.069197177886962891e+00 -5.701047778129577637e-01 1.000000000000000000e+01
-2.940044164657593218e+00 5.352345466613770419e+00 -5.342646837234497070e-01 9.000000000000000000e+00
-4.359897136688232422e+00 7.943755149841308594e+00 -4.748964607715607245e-01 1.000000000000000000e+00
-8.430651664733886719e+00 1.537341022491455078e+01 -3.060454130172728937e-01 2.000000000000000000e+00
-1.104432463645935059e+00 2.020634889602661133e+00 -6.170246005058288574e-01 1.800000000000000000e+01
-1.263756513595581055e+00 2.314048051834106001e+00 -6.087175607681274414e-01 1.300000000000000000e+01
-1.473130345344543013e+00 2.698549270629882812e+00 -5.976137518882751465e-01 1.100000000000000000e+01
-1.770723700523376021e+00 3.246388673782349077e+00 -5.856906175613403320e-01 9.000000000000000000e+00
-2.217167615890502930e+00 4.068262577056884766e+00 -5.688861012458801270e-01 8.000000000000000000e+00
-2.907999277114868164e+00 5.338080883026123047e+00 -5.318243503570556641e-01 9.000000000000000000e+00
-4.337871074676513672e+00 7.969450950622558594e+00 -4.755244851112365723e-01 1.000000000000000000e+00
-8.311969757080078125e+00 1.528328990936278942e+01 -3.036718666553496759e-01 2.000000000000000000e+00
-1.093690037727355957e+00 2.017684221267700195e+00 -6.149540543556213379e-01 1.700000000000000000e+01
-1.259383559226989968e+00 2.325299501419066939e+00 -6.105171442031860352e-01 1.200000000000000000e+01
-1.459962964057921919e+00 2.696769237518310991e+00 -5.960872769355773926e-01 1.100000000000000000e+01
-1.757501244544982910e+00 3.249074935913085938e+00 -5.850648880004882812e-01 9.000000000000000000e+00
-2.206728696823120117e+00 4.082962512969970703e+00 -5.698610544204711914e-01 8.000000000000000000e+00
-2.882719039916992188e+00 5.335928440093994141e+00 -5.306041836738586426e-01 9.000000000000000000e+00
-4.304333686828613281e+00 7.973999023437500000e+00 -4.748964607715607245e-01 1.000000000000000000e+00
-8.247179031372070312e+00 1.529109001159667969e+01 -3.032530248165131170e-01 2.000000000000000000e+00
-1.087554931640625000e+00 2.023191213607788086e+00 -6.154716610908508301e-01 1.900000000000000000e+01
-1.244804501533508079e+00 2.317663908004761186e+00 -6.073678731918334961e-01 1.300000000000000000e+01
-1.457969784736633079e+00 2.715686798095703125e+00 -5.991402268409729004e-01 1.100000000000000000e+01
-1.745215415954590066e+00 3.253449201583861861e+00 -5.847520232200622559e-01 1.000000000000000000e+01
-2.198089599609375000e+00 4.101138114929199219e+00 -5.713234543800354004e-01 8.000000000000000000e+00
-2.865016698837279829e+00 5.347714900970458984e+00 -5.307784676551818848e-01 9.000000000000000000e+00
-4.267046928405761719e+00 7.971366882324218750e+00 -4.738497436046599787e-01 1.000000000000000000e+00
-8.193753242492675781e+00 1.531978511810302912e+01 -3.032530248165131170e-01 2.000000000000000000e+00
-1.085029721260071023e+00 2.035499095916748047e+00 -6.180598735809326172e-01 1.800000000000000000e+01
-1.236706733703613059e+00 2.321995019912720171e+00 -6.073678731918334961e-01 1.400000000000000000e+01
-1.442945718765259011e+00 2.710361719131470171e+00 -5.968505144119262695e-01 1.100000000000000000e+01
-1.736631155014038086e+00 3.264753341674805132e+00 -5.856906175613403320e-01 9.000000000000000000e+00
-2.174444198608397993e+00 4.091257095336914062e+00 -5.688861012458801270e-01 1.000000000000000000e+01
-2.838854074478148970e+00 5.343606948852539062e+00 -5.293839573860168457e-01 9.000000000000000000e+00
-4.212975978851318359e+00 7.936817646026611328e+00 -4.709189236164093018e-01 1.000000000000000000e+00
-8.121488571166992188e+00 1.531296157836914062e+01 -3.025549054145812988e-01 2.000000000000000000e+00
-1.082431793212891069e+00 2.047813892364501953e+00 -6.206480860710144043e-01 1.600000000000000000e+01
-1.225863695144653098e+00 2.321128129959106001e+00 -6.060181260108947754e-01 1.200000000000000000e+01
-1.433476090431212935e+00 2.715382099151610884e+00 -5.968505144119262695e-01 1.100000000000000000e+01
-1.725224494934082031e+00 3.270795583724976030e+00 -5.856906175613403320e-01 9.000000000000000000e+00
-2.155522108078002930e+00 4.090041637420654297e+00 -5.676674246788024902e-01 1.000000000000000000e+01
-2.827612876892089844e+00 5.367586135864257812e+00 -5.307784676551818848e-01 9.000000000000000000e+00
-4.192687511444091797e+00 7.965614318847656250e+00 -4.717563092708588202e-01 1.000000000000000000e+00
-8.043786048889160156e+00 1.529520034790039062e+01 -3.016473948955535889e-01 2.000000000000000000e+00
-1.069896221160888894e+00 2.041313171386719194e+00 -6.175422668457031250e-01 1.900000000000000000e+01
-1.216849923133850098e+00 2.323666810989379883e+00 -6.055682301521301270e-01 1.200000000000000000e+01
-1.423988819122314009e+00 2.720369338989257812e+00 -5.968505144119262695e-01 1.100000000000000000e+01
-1.715627670288085938e+00 3.280298471450806108e+00 -5.863163471221923828e-01 9.000000000000000000e+00
-2.143990278244018999e+00 4.102818965911865234e+00 -5.683985948562622070e-01 8.000000000000000000e+00
-2.803324699401855025e+00 5.366827487945556641e+00 -5.297325849533081055e-01 9.000000000000000000e+00
-4.164856910705566406e+00 7.980201244354248047e+00 -4.717563092708588202e-01 1.000000000000000000e+00
-1.059200763702393022e+00 2.038178682327270952e+00 -6.154716610908508301e-01 1.900000000000000000e+01
-1.218609690666198953e+00 2.346924543380736861e+00 -6.105171442031860352e-01 1.200000000000000000e+01
-1.414484381675719993e+00 2.725323438644409180e+00 -5.968505144119262695e-01 1.100000000000000000e+01
-1.701438784599303977e+00 3.281006336212158203e+00 -5.853777527809143066e-01 1.000000000000000000e+01
-2.129655838012694868e+00 4.110278129577636719e+00 -5.683985948562622070e-01 8.000000000000000000e+00
-2.775411128997803178e+00 5.358888149261474609e+00 -5.279895067214965820e-01 9.000000000000000000e+00
-4.140646934509277344e+00 8.001786231994628906e+00 -4.721750020980834961e-01 1.000000000000000000e+00
-7.892727375030517578e+00 1.526572036743164062e+01 -2.999719679355620783e-01 2.000000000000000000e+00
-1.052964568138123003e+00 2.043580770492554155e+00 -6.159893274307250977e-01 1.900000000000000000e+01
-1.204166054725646973e+00 2.339035749435424805e+00 -6.073678731918334961e-01 1.200000000000000000e+01
-1.404064297676085982e+00 2.728498458862305132e+00 -5.964689254760742188e-01 1.200000000000000000e+01
-1.680943012237549050e+00 3.269357681274414062e+00 -5.822491049766540527e-01 1.000000000000000000e+01
-2.109852790832519975e+00 4.107092380523681641e+00 -5.669361948966979980e-01 8.000000000000000000e+00
-2.767609357833861861e+00 5.389812469482421875e+00 -5.300812125205993652e-01 1.100000000000000000e+01
-4.099926471710205078e+00 7.991312026977539062e+00 -4.707095921039580744e-01 1.000000000000000000e+00
-7.861284732818604404e+00 1.533588695526123047e+01 -3.008096814155579168e-01 2.000000000000000000e+00
-1.047940373420715110e+00 2.050501823425292969e+00 -6.170246005058288574e-01 2.000000000000000000e+01
-1.195516705513000044e+00 2.341280460357666016e+00 -6.069179177284240723e-01 1.200000000000000000e+01
-1.393223524093627930e+00 2.729642391204833984e+00 -5.957056879997253418e-01 1.200000000000000000e+01
-1.672784447669982910e+00 3.280193328857421875e+00 -5.831876993179321289e-01 1.100000000000000000e+01
-2.095320224761962891e+00 4.112297534942626953e+00 -5.666924715042114258e-01 1.000000000000000000e+01
-2.747912406921387163e+00 5.395409584045410156e+00 -5.297325849533081055e-01 1.100000000000000000e+01
-4.035360336303710938e+00 7.930102348327636719e+00 -4.663133621215819757e-01 1.000000000000000000e+00
-7.765071392059326172e+00 1.527274417877197088e+01 -2.990644276142119806e-01 2.000000000000000000e+00
-1.042522668838500977e+00 2.057593822479248047e+00 -6.180598735809326172e-01 1.900000000000000000e+01
-1.186456680297852007e+00 2.343700647354125977e+00 -6.064680218696594238e-01 1.300000000000000000e+01
-1.384573101997375044e+00 2.736240625381470171e+00 -5.960872769355773926e-01 1.100000000000000000e+01
-1.663998126983643022e+00 3.291301012039185014e+00 -5.841262936592102051e-01 1.000000000000000000e+01
-2.079162836074829102e+00 4.116043090820313388e+00 -5.662049651145935059e-01 1.000000000000000000e+01
-2.724572181701660156e+00 5.396076202392578125e+00 -5.288610458374023438e-01 1.100000000000000000e+01
-4.013051986694335938e+00 7.954839229583740234e+00 -4.669414162635803223e-01 1.000000000000000000e+00
-7.711712360382080078e+00 1.529975700378417969e+01 -2.990644276142119806e-01 2.000000000000000000e+00
-1.034466862678528054e+00 2.059494018554687944e+00 -6.175422668457031250e-01 1.900000000000000000e+01
-1.180016636848449929e+00 2.351311445236206055e+00 -6.073678731918334961e-01 1.100000000000000000e+01
-1.373252868652343972e+00 2.737547397613524947e+00 -5.953240394592285156e-01 1.200000000000000000e+01
-1.657809853553771973e+00 3.307685375213623047e+00 -5.860034823417663574e-01 1.000000000000000000e+01
-2.066560268402100053e+00 4.126825332641601562e+00 -5.666924715042114258e-01 1.000000000000000000e+01
-2.700368881225585938e+00 5.394863605499267578e+00 -5.278151631355285645e-01 1.100000000000000000e+01
-3.990619897842406782e+00 7.979516506195068359e+00 -4.675694406032562256e-01 1.000000000000000000e+00
-7.613567829132080078e+00 1.523714160919188920e+01 -2.973192036151885986e-01 2.000000000000000000e+00
-1.024688363075255904e+00 2.057904481887816939e+00 -6.159893274307250977e-01 2.000000000000000000e+01
-1.175273776054382102e+00 2.362395048141479048e+00 -6.091674566268920898e-01 1.400000000000000000e+01
-1.363688707351685014e+00 2.742324352264403853e+00 -5.953240394592285156e-01 1.100000000000000000e+01
-1.643616914749145952e+00 3.308144807815552202e+00 -5.850648880004882812e-01 1.000000000000000000e+01
-2.052142381668090820e+00 4.134014129638671875e+00 -5.666924715042114258e-01 1.000000000000000000e+01
-2.677093029022216797e+00 5.395333290100097656e+00 -5.269436240196228027e-01 1.100000000000000000e+01
-3.957419157028197798e+00 7.982661247253417969e+00 -4.669414162635803223e-01 1.000000000000000000e+00
-7.560334205627441406e+00 1.526362514495849965e+01 -2.973192036151885986e-01 2.000000000000000000e+00
-1.020063757896422896e+00 2.066665887832642046e+00 -6.175422668457031250e-01 1.900000000000000000e+01
-1.160987019538878950e+00 2.354248762130736861e+00 -6.060181260108947754e-01 1.300000000000000000e+01
-1.355843901634216087e+00 2.750589609146118164e+00 -5.960872769355773926e-01 1.100000000000000000e+01
-1.625949978828429954e+00 3.301457166671752930e+00 -5.828748345375061035e-01 1.000000000000000000e+01
-2.041205167770386186e+00 4.148276805877686435e+00 -5.676674246788024902e-01 1.000000000000000000e+01
-2.660881519317626953e+00 5.410008430480957031e+00 -5.274665355682373047e-01 1.100000000000000000e+01
-3.929530382156372070e+00 7.996426582336425781e+00 -4.669414162635803223e-01 1.000000000000000000e+00
-7.507008075714111328e+00 1.528992271423340021e+01 -2.973192036151885986e-01 2.000000000000000000e+00
-1.010296583175658958e+00 2.065007925033568892e+00 -6.159893274307250977e-01 1.800000000000000000e+01
-1.147627234458922896e+00 2.347782373428345171e+00 -6.033187508583068848e-01 1.200000000000000000e+01
-1.347096204757689986e+00 2.757069587707519975e+00 -5.964689254760742188e-01 1.200000000000000000e+01
-1.614415884017943892e+00 3.307112693786621094e+00 -5.828748345375061035e-01 1.000000000000000000e+01
-2.023231744766234907e+00 4.148239612579345703e+00 -5.666924715042114258e-01 1.000000000000000000e+01
-2.647219419479370117e+00 5.430009365081787109e+00 -5.285124182701110840e-01 1.100000000000000000e+01
-3.892847776412963867e+00 7.992138862609863281e+00 -4.658946692943572998e-01 1.000000000000000000e+00
-7.427339076995849609e+00 1.526209163665770951e+01 -2.962720394134520929e-01 2.000000000000000000e+00
-1.004768013954163042e+00 2.071998596191405806e+00 -6.170246005058288574e-01 1.800000000000000000e+01
-1.140274643898010032e+00 2.353527784347534180e+00 -6.037686467170715332e-01 1.200000000000000000e+01
-1.334896922111511008e+00 2.756454229354857954e+00 -5.953240394592285156e-01 1.200000000000000000e+01
-1.607163906097412109e+00 3.321618795394897017e+00 -5.844391584396362305e-01 1.000000000000000000e+01
-2.003555536270142046e+00 4.144553661346436435e+00 -5.652300119400024414e-01 1.000000000000000000e+01
-2.624781608581542969e+00 5.432040691375732422e+00 -5.278151631355285645e-01 1.100000000000000000e+01
-3.866662979125977007e+00 8.009276390075683594e+00 -4.661040306091309149e-01 1.000000000000000000e+00
-7.379231929779052734e+00 1.529873085021973012e+01 -2.964814901351929266e-01 2.000000000000000000e+00
-9.941818714141845703e-01 2.068528413772583008e+00 -6.149540543556213379e-01 1.900000000000000000e+01
-1.135426640510559082e+00 2.364520549774169922e+00 -6.055682301521301270e-01 1.100000000000000000e+01
-1.321868777275085005e+00 2.754017353057860884e+00 -5.937975645065307617e-01 1.100000000000000000e+01
-1.593851208686829057e+00 3.323646306991577148e+00 -5.838134288787841797e-01 9.000000000000000000e+00
-1.989933848381042036e+00 4.153312206268311435e+00 -5.654737353324890137e-01 8.000000000000000000e+00
-2.599780321121215820e+00 5.428591251373291016e+00 -5.265949964523315430e-01 1.100000000000000000e+01
-3.836957693099976030e+00 8.019121170043945312e+00 -4.658946692943572998e-01 1.000000000000000000e+00
-7.286110877990722656e+00 1.524140548706055043e+01 -2.948758602142333984e-01 2.000000000000000000e+00
-9.852938055992126465e-01 2.068497896194458008e+00 -6.139187812805175781e-01 1.900000000000000000e+01
-1.130515694618225098e+00 2.375508069992064986e+00 -6.073678731918334961e-01 1.200000000000000000e+01
-1.316464185714721902e+00 2.767479181289672852e+00 -5.957056879997253418e-01 1.200000000000000000e+01
-1.581391811370850053e+00 3.327405452728271040e+00 -5.835005640983581543e-01 1.000000000000000000e+01
-1.975423932075500044e+00 4.160233020782470703e+00 -5.654737353324890137e-01 8.000000000000000000e+00
-2.580815076828002930e+00 5.437633037567138672e+00 -5.265949964523315430e-01 1.100000000000000000e+01
-3.810653924942017046e+00 8.036074638366699219e+00 -4.661040306091309149e-01 1.000000000000000000e+00
-7.215741157531738281e+00 1.523060321807860973e+01 -2.941777706146240234e-01 2.000000000000000000e+00
-9.788920879364013672e-01 2.073671579360961914e+00 -6.144363880157470703e-01 1.900000000000000000e+01
-1.118060350418091042e+00 2.370627164840697798e+00 -6.051183342933654785e-01 1.300000000000000000e+01
-1.305958747863769975e+00 2.770281791687012163e+00 -5.953240394592285156e-01 1.200000000000000000e+01
-1.568084001541137917e+00 3.329331159591674805e+00 -5.828748345375061035e-01 1.000000000000000000e+01
-1.965961217880249023e+00 4.177880287170410156e+00 -5.669361948966979980e-01 8.000000000000000000e+00
-2.559274435043334961e+00 5.441200256347656250e+00 -5.260720849037170410e-01 1.100000000000000000e+01
-3.768988370895386186e+00 8.020405769348144531e+00 -4.644292891025543213e-01 1.000000000000000000e+00
-7.162532329559326172e+00 1.525569820404052912e+01 -2.941777706146240234e-01 2.000000000000000000e+00
-9.716476202011108398e-01 2.077075958251953125e+00 -6.144363880157470703e-01 2.100000000000000000e+01
-1.107303142547606978e+00 2.369219064712523970e+00 -6.037686467170715332e-01 1.100000000000000000e+01
-1.300435423851012962e+00 2.783717155456542969e+00 -5.972321629524230957e-01 1.200000000000000000e+01
-1.553111076354980025e+00 3.327624320983887163e+00 -5.816233158111572266e-01 1.000000000000000000e+01
-1.943815350532531960e+00 4.168525218963623047e+00 -5.647425651550292969e-01 1.000000000000000000e+01
-2.536056995391846147e+00 5.441071033477783203e+00 -5.252004861831665039e-01 9.000000000000000000e+00
-3.732537746429442915e+00 8.015407562255859375e+00 -4.633825421333312988e-01 1.000000000000000000e+00
-7.100800991058349609e+00 1.526247596740723012e+01 -2.938287258148192804e-01 2.000000000000000000e+00
-9.676412343978881836e-01 2.087465763092041016e+00 -6.165069937705993652e-01 1.900000000000000000e+01
-1.099845170974731001e+00 2.374838113784790039e+00 -6.042185425758361816e-01 1.200000000000000000e+01
-1.284937381744384988e+00 2.775768280029296875e+00 -5.945608019828796387e-01 1.100000000000000000e+01
-1.546461224555969016e+00 3.343782901763916016e+00 -5.835005640983581543e-01 1.000000000000000000e+01
-1.927587270736693892e+00 4.171680927276611328e+00 -5.642550587654113770e-01 1.000000000000000000e+01
-2.517048835754394975e+00 5.449890613555908203e+00 -5.252004861831665039e-01 9.000000000000000000e+00
-3.717924833297729048e+00 8.057403564453125000e+00 -4.650573134422302246e-01 1.000000000000000000e+00
-7.057528018951416016e+00 1.530896186828612926e+01 -2.942475676536560059e-01 2.000000000000000000e+00
-9.574870467185974121e-01 2.083641529083251953e+00 -6.144363880157470703e-01 1.900000000000000000e+01
-1.094403147697448953e+00 2.383785486221313032e+00 -6.055682301521301270e-01 1.100000000000000000e+01
-1.274087905883789062e+00 2.776445388793944868e+00 -5.937975645065307617e-01 1.200000000000000000e+01
-1.533717870712280051e+00 3.345301628112792969e+00 -5.828748345375061035e-01 1.000000000000000000e+01
-1.912916183471679910e+00 4.176245689392089844e+00 -5.640113353729248047e-01 8.000000000000000000e+00
-2.502279996871947798e+00 5.465453624725341797e+00 -5.258977413177490234e-01 9.000000000000000000e+00
-3.687861919403076172e+00 8.062423706054687500e+00 -4.646386206150054932e-01 1.000000000000000000e+00
-6.985112667083740234e+00 1.528499317169188920e+01 -2.933400571346282959e-01 2.000000000000000000e+00
-9.494073987007141113e-01 2.085212945938109907e+00 -6.139187812805175781e-01 1.900000000000000000e+01
-1.091723799705504927e+00 2.400007963180541992e+00 -6.087175607681274414e-01 1.300000000000000000e+01
-1.269263982772826926e+00 2.791599035263061968e+00 -5.960872769355773926e-01 1.100000000000000000e+01
-1.522848248481750044e+00 3.352433443069458008e+00 -5.831876993179321289e-01 1.000000000000000000e+01
-1.902428627014159934e+00 4.191935539245604581e+00 -5.652300119400024414e-01 1.000000000000000000e+01
-2.479071378707886186e+00 5.465082645416259766e+00 -5.250262022018432617e-01 1.100000000000000000e+01
-3.659696340560913086e+00 8.075246810913085938e+00 -4.646386206150054932e-01 1.000000000000000000e+00
-6.915219306945800781e+00 1.527284908294677912e+01 -2.926419377326964777e-01 2.000000000000000000e+00
-9.424873590469360352e-01 2.088349819183350053e+00 -6.139187812805175781e-01 2.000000000000000000e+01
-1.074947953224181907e+00 2.384073495864868164e+00 -6.037686467170715332e-01 1.100000000000000000e+01
-1.256773114204406960e+00 2.788633108139038086e+00 -5.945608019828796387e-01 1.200000000000000000e+01
-1.506045699119568093e+00 3.344856262207030806e+00 -5.809975862503051758e-01 1.000000000000000000e+01
-1.886888384819030984e+00 4.194600582122802734e+00 -5.647425651550292969e-01 1.000000000000000000e+01
-2.462568998336791992e+00 5.476907730102539062e+00 -5.253748297691345215e-01 9.000000000000000000e+00
-3.642718553543090820e+00 8.109201431274414062e+00 -4.658946692943572998e-01 1.000000000000000000e+00
-6.892372608184813565e+00 1.535772609710693004e+01 -2.938287258148192804e-01 2.000000000000000000e+00
-9.367690086364746094e-01 2.095154285430908203e+00 -6.149540543556213379e-01 2.000000000000000000e+01
-1.069798707962035911e+00 2.394928455352783203e+00 -6.055682301521301270e-01 1.300000000000000000e+01
-1.248632192611693892e+00 2.796588420867919922e+00 -5.953240394592285156e-01 1.100000000000000000e+01
-1.492751359939574973e+00 3.346484899520874023e+00 -5.803718566894531250e-01 1.000000000000000000e+01
-1.865770697593688965e+00 4.186655998229979581e+00 -5.627925992012023926e-01 1.000000000000000000e+01
-2.441814661026000977e+00 5.481830596923828125e+00 -5.250262022018432617e-01 9.000000000000000000e+00
-3.585156440734862837e+00 8.056177139282226562e+00 -4.621264934539794922e-01 1.000000000000000000e+00
-6.832222938537597656e+00 1.536707401275634943e+01 -2.935494780540465753e-01 2.000000000000000000e+00
-9.314297437667846680e-01 2.103873014450072798e+00 -6.165069937705993652e-01 1.900000000000000000e+01
-1.054707527160644975e+00 2.384575843811035156e+00 -6.019690036773681641e-01 1.200000000000000000e+01
-1.236786127090454102e+00 2.797554969787598100e+00 -5.945608019828796387e-01 1.100000000000000000e+01
-1.489254951477051003e+00 3.371810436248778853e+00 -5.838134288787841797e-01 9.000000000000000000e+00
-1.846406340599060059e+00 4.184385299682617188e+00 -5.615739226341247559e-01 1.000000000000000000e+01
-2.431354522705078125e+00 5.512618541717529297e+00 -5.271179080009460449e-01 9.000000000000000000e+00
-3.549162387847899947e+00 8.054641723632812500e+00 -4.612891077995299738e-01 1.000000000000000000e+00
-6.742014884948729581e+00 1.531514358520507990e+01 -2.920834720134735107e-01 2.000000000000000000e+00
-9.209766387939453125e-01 2.100034713745117188e+00 -6.144363880157470703e-01 1.900000000000000000e+01
-1.051069617271422896e+00 2.398952484130858931e+00 -6.046684384346008301e-01 1.400000000000000000e+01
-1.227013230323791948e+00 2.801855087280272993e+00 -5.945608019828796387e-01 1.200000000000000000e+01
-1.471933603286742942e+00 3.364320039749145952e+00 -5.816233158111572266e-01 1.100000000000000000e+01
-1.832583904266356978e+00 4.192624092102050781e+00 -5.618176460266113281e-01 1.000000000000000000e+01
-2.400132417678833008e+00 5.493685722351074219e+00 -5.245032310485839844e-01 9.000000000000000000e+00
-3.529014348983765093e+00 8.085286140441894531e+00 -4.623358249664307196e-01 1.000000000000000000e+00
-6.688514232635498047e+00 1.533858394622802912e+01 -2.920834720134735107e-01 2.000000000000000000e+00
-9.097920060157775879e-01 2.094377279281616211e+00 -6.118482351303100586e-01 2.000000000000000000e+01
-1.045792579650878906e+00 2.409757375717163086e+00 -6.064680218696594238e-01 1.300000000000000000e+01
-1.217225551605225053e+00 2.806121110916138139e+00 -5.945608019828796387e-01 1.100000000000000000e+01
-1.457039117813109907e+00 3.362187623977661133e+00 -5.803718566894531250e-01 1.000000000000000000e+01
-1.821881294250488059e+00 4.208104133605957031e+00 -5.630363821983337402e-01 1.000000000000000000e+01
-2.382523775100708008e+00 5.505687713623046875e+00 -5.248518586158752441e-01 9.000000000000000000e+00
-3.508695602416992188e+00 8.115888595581054688e+00 -4.633825421333312988e-01 1.000000000000000000e+00
-6.634932041168212891e+00 1.536183834075927912e+01 -2.920834720134735107e-01 2.000000000000000000e+00
-9.017121791839599609e-01 2.095765829086304155e+00 -6.113305687904357910e-01 2.100000000000000000e+01
-1.035065889358520952e+00 2.408022165298461914e+00 -6.051183342933654785e-01 1.200000000000000000e+01
-1.208197832107543945e+00 2.812156677246094194e+00 -5.949424505233764648e-01 1.200000000000000000e+01
-1.443735718727112038e+00 3.363622665405272993e+00 -5.797461271286010742e-01 1.100000000000000000e+01
-1.804051756858825906e+00 4.207139968872070312e+00 -5.620614290237426758e-01 8.000000000000000000e+00
-2.356226921081542969e+00 5.497488975524902344e+00 -5.232830643653869629e-01 8.000000000000000000e+00
-3.480344533920288086e+00 8.128087043762207031e+00 -4.633825421333312988e-01 1.000000000000000000e+00
-6.581268787384033203e+00 1.538490486145020064e+01 -2.920834720134735107e-01 2.000000000000000000e+00
-8.951484560966491699e-01 2.100677728652954102e+00 -6.118482351303100586e-01 2.000000000000000000e+01
-1.021310806274414062e+00 2.399069309234619141e+00 -6.019690036773681641e-01 1.100000000000000000e+01
-1.199142932891845925e+00 2.818163394927978960e+00 -5.953240394592285156e-01 1.100000000000000000e+01
-1.431985735893249956e+00 3.368641853332519975e+00 -5.797461271286010742e-01 1.000000000000000000e+01
-1.790907025337219016e+00 4.217066287994384766e+00 -5.625488758087158203e-01 8.000000000000000000e+00
-2.343250513076781782e+00 5.520352363586425781e+00 -5.246775746345520020e-01 8.000000000000000000e+00
-3.436356067657471147e+00 8.103410720825195312e+00 -4.612891077995299738e-01 1.000000000000000000e+00
-6.527524948120117188e+00 1.540778350830077947e+01 -2.920834720134735107e-01 2.000000000000000000e+00
-8.923168778419494629e-01 2.114468812942504883e+00 -6.149540543556213379e-01 1.900000000000000000e+01
-1.014444351196289062e+00 2.406211137771606001e+00 -6.028688549995422363e-01 1.100000000000000000e+01
-1.183961749076843040e+00 2.809667825698852983e+00 -5.926527380943298340e-01 1.100000000000000000e+01
-1.423283934593200906e+00 3.380902290344237837e+00 -5.809975862503051758e-01 1.000000000000000000e+01
-1.771558403968811035e+00 4.212312698364257812e+00 -5.610864758491516113e-01 8.000000000000000000e+00
-2.328599214553833008e+00 5.539518356323242188e+00 -5.257234573364257812e-01 9.000000000000000000e+00
-3.404955625534058061e+00 8.107990264892578125e+00 -4.608704447746276855e-01 1.000000000000000000e+00
-6.450493335723876953e+00 1.537515544891357067e+01 -2.910363376140593927e-01 2.000000000000000000e+00
-8.808289766311645508e-01 2.106722116470336914e+00 -6.118482351303100586e-01 2.000000000000000000e+01
-1.007961630821228027e+00 2.413158178329468218e+00 -6.037686467170715332e-01 1.300000000000000000e+01
-1.172369003295897993e+00 2.808143377304077148e+00 -5.915079116821289062e-01 1.100000000000000000e+01
-1.415866732597351074e+00 3.394719362258911133e+00 -5.825619697570800781e-01 1.100000000000000000e+01
-1.757580161094665971e+00 4.218164443969726562e+00 -5.610864758491516113e-01 8.000000000000000000e+00
-2.302556753158568892e+00 5.528817176818847656e+00 -5.239803194999694824e-01 6.000000000000000000e+00
-3.384187459945679155e+00 8.133989334106445312e+00 -4.617078006267548163e-01 1.000000000000000000e+00
-6.384121894836425781e+00 1.535953044891357067e+01 -2.903382480144500732e-01 2.000000000000000000e+00
-8.712528347969055176e-01 2.104429244995117188e+00 -6.102952957153320312e-01 2.100000000000000000e+01
-1.002511262893676980e+00 2.423865079879761186e+00 -6.055682301521301270e-01 1.100000000000000000e+01
-1.162559628486633079e+00 2.812218666076660156e+00 -5.915079116821289062e-01 1.100000000000000000e+01
-1.400238156318664995e+00 3.390511989593505859e+00 -5.809975862503051758e-01 1.100000000000000000e+01
-1.748902082443237083e+00 4.238954067230224609e+00 -5.630363821983337402e-01 8.000000000000000000e+00
-2.280205249786376953e+00 5.529453277587890625e+00 -5.232830643653869629e-01 8.000000000000000000e+00
-3.345123052597045898e+00 8.119898796081542969e+00 -4.602423906326293945e-01 1.000000000000000000e+00
-6.348733425140380859e+00 1.542610263824463068e+01 -2.911759614944458008e-01 2.000000000000000000e+00
-8.646344542503356934e-01 2.109245061874390093e+00 -6.108129620552062988e-01 2.000000000000000000e+01
-9.896131753921508789e-01 2.416529417037963867e+00 -6.028688549995422363e-01 1.100000000000000000e+01
-1.154223442077636941e+00 2.819893360137939009e+00 -5.922711491584777832e-01 1.100000000000000000e+01
-1.383908510208130105e+00 3.384408473968505859e+00 -5.791203975677490234e-01 1.100000000000000000e+01
-1.729590535163878950e+00 4.234006881713867188e+00 -5.615739226341247559e-01 8.000000000000000000e+00
-2.258630752563477007e+00 5.531845569610595703e+00 -5.227601528167724609e-01 8.000000000000000000e+00
-3.327319622039794922e+00 8.157417297363281250e+00 -4.617078006267548163e-01 1.000000000000000000e+00
-6.285792827606201172e+00 1.542594814300536932e+01 -2.907570898532866877e-01 2.000000000000000000e+00
-8.587195277214050293e-01 2.115830421447753906e+00 -6.118482351303100586e-01 2.000000000000000000e+01
-9.782429933547973633e-01 2.412745475769042969e+00 -6.010692119598388672e-01 1.100000000000000000e+01
-1.147322535514831987e+00 2.831183433532714844e+00 -5.937975645065307617e-01 1.200000000000000000e+01
-1.367638707160949929e+00 3.378232479095458984e+00 -5.772431492805480957e-01 1.100000000000000000e+01
-1.711823463439940962e+00 4.232657432556152344e+00 -5.605989694595336914e-01 8.000000000000000000e+00
-2.243787288665771040e+00 5.550778865814208984e+00 -5.238060355186462402e-01 8.000000000000000000e+00
-3.291345834732056108e+00 8.150462150573730469e+00 -4.606610834598541260e-01 1.000000000000000000e+00
-6.222929954528808594e+00 1.542554187774658025e+01 -2.903382480144500732e-01 2.000000000000000000e+00
-8.545807003974914551e-01 2.125836133956909180e+00 -6.139187812805175781e-01 2.000000000000000000e+01
-9.716891646385192871e-01 2.419592857360839844e+00 -6.019690036773681641e-01 1.100000000000000000e+01
-1.137927770614624023e+00 2.834972381591796875e+00 -5.937975645065307617e-01 1.100000000000000000e+01
-1.363045334815979004e+00 3.399250268936156782e+00 -5.800589919090270996e-01 9.000000000000000000e+00
-1.699254393577575906e+00 4.241996288299561435e+00 -5.610864758491516113e-01 8.000000000000000000e+00
-2.226849079132080078e+00 5.561888217926025391e+00 -5.241546630859375000e-01 9.000000000000000000e+00
-3.250948905944824219e+00 8.127952575683593750e+00 -4.587769806385039728e-01 1.000000000000000000e+00
-6.161355495452880859e+00 1.542009544372558949e+01 -2.898495793342589777e-01 2.000000000000000000e+00
-8.457263112068176270e-01 2.125216484069824219e+00 -6.128835082054138184e-01 2.000000000000000000e+01
-9.661169052124023438e-01 2.430213451385498047e+00 -6.037686467170715332e-01 1.400000000000000000e+01
-1.121500372886657937e+00 2.822506666183472124e+00 -5.903630256652832031e-01 1.000000000000000000e+01
-1.348256230354309082e+00 3.396643400192261186e+00 -5.788075327873229980e-01 9.000000000000000000e+00
-1.681509852409363015e+00 4.240520477294921875e+00 -5.601115226745605469e-01 8.000000000000000000e+00
-2.197877645492554155e+00 5.545548915863037109e+00 -5.218886137008666992e-01 9.000000000000000000e+00
-3.234321117401123047e+00 8.168962478637695312e+00 -4.604517519474030096e-01 1.000000000000000000e+00
-6.081014156341552734e+00 1.537456607818604049e+01 -2.885929942131041925e-01 2.000000000000000000e+00
-8.322696685791015625e-01 2.113921403884888139e+00 -6.087424159049987793e-01 1.900000000000000000e+01
-9.572032094001770020e-01 2.433738231658935991e+00 -6.037686467170715332e-01 1.200000000000000000e+01
-1.114739060401916948e+00 2.835734128952025923e+00 -5.922711491584777832e-01 1.100000000000000000e+01
-1.341574311256408913e+00 3.416271686553955078e+00 -5.813104510307312012e-01 9.000000000000000000e+00
-1.671030998229980025e+00 4.259591102600097656e+00 -5.618176460266113281e-01 1.000000000000000000e+01
-2.170991659164429155e+00 5.536872863769531250e+00 -5.203197598457336426e-01 1.100000000000000000e+01
-3.197074413299560991e+00 8.162165641784667969e+00 -4.594050347805023193e-01 1.000000000000000000e+00
-6.024622440338134766e+00 1.539675045013427912e+01 -2.885929942131041925e-01 2.000000000000000000e+00
-8.269898891448974609e-01 2.122213840484619141e+00 -6.102952957153320312e-01 1.900000000000000000e+01
-9.501159191131591797e-01 2.440696477890015093e+00 -6.046684384346008301e-01 1.100000000000000000e+01
-1.106969356536865012e+00 2.845096826553345171e+00 -5.934159755706787109e-01 1.000000000000000000e+01
-1.321769237518310991e+00 3.400680780410767046e+00 -5.778689384460449219e-01 1.000000000000000000e+01
-1.654715061187743919e+00 4.261697292327880859e+00 -5.613301992416381836e-01 1.000000000000000000e+01
-2.150209426879882812e+00 5.540702819824218750e+00 -5.199711322784423828e-01 1.100000000000000000e+01
-3.168563604354857954e+00 8.173275947570800781e+00 -4.594050347805023193e-01 1.000000000000000000e+00
-5.970841407775878906e+00 1.541768646240234020e+01 -2.885929942131041925e-01 2.000000000000000000e+00
-8.230527043342590332e-01 2.134099721908568892e+00 -6.128835082054138184e-01 1.900000000000000000e+01
-9.331834316253662109e-01 2.422176837921143022e+00 -5.992696285247802734e-01 1.100000000000000000e+01
-1.098442316055298074e+00 2.852607727050780806e+00 -5.941792130470275879e-01 1.100000000000000000e+01
-1.312018156051635964e+00 3.410804986953734907e+00 -5.788075327873229980e-01 9.000000000000000000e+00
-1.635556578636168990e+00 4.256329059600830078e+00 -5.598677396774291992e-01 1.000000000000000000e+01
-2.141570806503295898e+00 5.576073646545410156e+00 -5.225858092308044434e-01 1.300000000000000000e+01
-3.140014410018920898e+00 8.184286117553710938e+00 -4.594050347805023193e-01 1.000000000000000000e+00
-5.898380279541015625e+00 1.538988685607909979e+01 -2.876854538917542059e-01 2.000000000000000000e+00
-8.149093985557556152e-01 2.135154962539672852e+00 -6.123658418655395508e-01 1.900000000000000000e+01
-9.288882017135620117e-01 2.436344861984252930e+00 -6.019690036773681641e-01 1.200000000000000000e+01
-1.082885503768920898e+00 2.841748237609862837e+00 -5.911262631416320801e-01 1.100000000000000000e+01
-1.297293186187743919e+00 3.407979488372803178e+00 -5.775560736656188965e-01 9.000000000000000000e+00
-1.616455912590027078e+00 4.250879764556884766e+00 -5.584053397178649902e-01 1.000000000000000000e+01
-2.121385812759398970e+00 5.581652641296386719e+00 -5.224115252494812012e-01 1.100000000000000000e+01
-3.094412803649901900e+00 8.150383949279785156e+00 -4.568929076194763184e-01 1.000000000000000000e+00
-5.817676544189453125e+00 1.533933162689208984e+01 -2.863590717315673828e-01 2.000000000000000000e+00
-8.057759404182434082e-01 2.132424116134643999e+00 -6.108129620552062988e-01 2.000000000000000000e+01
-9.208039045333862305e-01 2.439411640167235884e+00 -6.019690036773681641e-01 1.100000000000000000e+01
-1.072762966156006081e+00 2.843486547470093218e+00 -5.907446742057800293e-01 1.100000000000000000e+01
-1.288771271705626997e+00 3.419656515121459961e+00 -5.788075327873229980e-01 1.000000000000000000e+01
-1.607945799827575906e+00 4.271079063415527344e+00 -5.603552460670471191e-01 1.000000000000000000e+01
-2.091638088226317915e+00 5.558820724487304688e+00 -5.196225643157958984e-01 1.100000000000000000e+01
-3.092665910720825195e+00 8.227904319763183594e+00 -4.606610834598541260e-01 1.000000000000000000e+00
-5.741472721099854404e+00 1.529114437103270951e+01 -2.851025164127349854e-01 2.000000000000000000e+00
-7.990040183067321777e-01 2.137033224105834961e+00 -6.113305687904357910e-01 2.100000000000000000e+01
-9.143286347389221191e-01 2.448087692260742188e+00 -6.033187508583068848e-01 1.300000000000000000e+01
-1.060771107673645020e+00 2.841696023941040039e+00 -5.895997881889343262e-01 1.100000000000000000e+01
-1.278206944465636985e+00 3.427835941314696822e+00 -5.794332623481750488e-01 9.000000000000000000e+00
-1.591641426086426003e+00 4.272945404052734375e+00 -5.598677396774291992e-01 1.000000000000000000e+01
-2.067355394363402876e+00 5.553017616271972656e+00 -5.184023380279541016e-01 1.100000000000000000e+01
-3.055572032928466797e+00 8.216185569763183594e+00 -4.594050347805023193e-01 1.000000000000000000e+00
-5.688061237335205078e+00 1.531109333038330078e+01 -2.851025164127349854e-01 2.000000000000000000e+00
-7.901990413665771484e-01 2.136185646057128906e+00 -6.102952957153320312e-01 2.100000000000000000e+01
-9.044267535209655762e-01 2.447608470916748047e+00 -6.024188995361328125e-01 1.300000000000000000e+01
-1.054246068000793013e+00 2.854589939117432085e+00 -5.915079116821289062e-01 1.100000000000000000e+01
-1.259396672248840110e+00 3.413744211196898970e+00 -5.763045549392700195e-01 1.000000000000000000e+01
-1.579462051391602007e+00 4.285925865173339844e+00 -5.608426928520202637e-01 1.000000000000000000e+01
-2.054845333099364790e+00 5.578896045684813565e+00 -5.201454758644104004e-01 9.000000000000000000e+00
-3.028253078460692915e+00 8.230550765991210938e+00 -4.596143662929534912e-01 1.000000000000000000e+00
-5.634581089019775391e+00 1.533085441589354936e+01 -2.851025164127349854e-01 2.000000000000000000e+00
-7.807458639144897461e-01 2.133488416671752930e+00 -6.087424159049987793e-01 2.000000000000000000e+01
-8.932012319564819336e-01 2.443429470062255859e+00 -6.006193161010742188e-01 1.200000000000000000e+01
-1.046296358108520952e+00 2.863784551620482954e+00 -5.926527380943298340e-01 1.000000000000000000e+01
-1.252213478088378906e+00 3.431108951568603960e+00 -5.784946680068969727e-01 1.100000000000000000e+01
-1.556332707405090110e+00 4.269032478332520419e+00 -5.579178333282470703e-01 1.000000000000000000e+01
-2.031948566436768022e+00 5.576674938201904297e+00 -5.192739367485046387e-01 9.000000000000000000e+00
-2.989941120147705078e+00 8.214796066284179688e+00 -4.581489562988281250e-01 1.000000000000000000e+00
-5.581032276153563565e+00 1.535042953491210938e+01 -2.851025164127349854e-01 2.000000000000000000e+00
-7.762981653213500977e-01 2.143331289291381836e+00 -6.108129620552062988e-01 1.900000000000000000e+01
-8.831046223640441895e-01 2.440880537033081055e+00 -5.992696285247802734e-01 1.100000000000000000e+01
-1.035458803176880105e+00 2.863546133041381836e+00 -5.918895006179809570e-01 1.100000000000000000e+01
-1.244184017181396040e+00 3.444532155990601030e+00 -5.800589919090270996e-01 1.000000000000000000e+01
-1.546209931373595969e+00 4.285373687744140625e+00 -5.593802928924560547e-01 1.000000000000000000e+01
-2.012092590332030806e+00 5.579634189605712891e+00 -5.189253091812133789e-01 9.000000000000000000e+00
-2.953207254409790039e+00 8.198358535766601562e+00 -4.566835463047028143e-01 1.000000000000000000e+00
-5.530097484588623047e+00 1.536885261535645064e+01 -2.851025164127349854e-01 2.000000000000000000e+00
-7.675087451934814453e-01 2.142390489578247070e+00 -6.097776889801025391e-01 2.000000000000000000e+01
-8.772053718566894531e-01 2.451287508010863814e+00 -6.010692119598388672e-01 1.200000000000000000e+01
-1.020828723907470925e+00 2.854202985763549805e+00 -5.892181992530822754e-01 1.200000000000000000e+01
-1.228829860687256081e+00 3.439553022384643999e+00 -5.784946680068969727e-01 1.100000000000000000e+01
-1.531908988952636941e+00 4.292614459991455078e+00 -5.596240162849426270e-01 8.000000000000000000e+00
-1.999297142028809038e+00 5.605389595031738281e+00 -5.206683874130249023e-01 9.000000000000000000e+00
-2.933955907821654829e+00 8.234956741333007812e+00 -4.581489562988281250e-01 1.000000000000000000e+00
-5.458984375000000000e+00 1.533907985687256037e+01 -2.841949760913848877e-01 2.000000000000000000e+00
-7.597545981407165527e-01 2.143103122711182085e+00 -6.092600226402282715e-01 2.100000000000000000e+01
-8.703727722167968750e-01 2.457856893539429155e+00 -6.019690036773681641e-01 1.100000000000000000e+01
-1.012668251991271973e+00 2.861274003982543945e+00 -5.899814367294311523e-01 1.100000000000000000e+01
-1.218075513839721902e+00 3.445471525192261186e+00 -5.788075327873229980e-01 9.000000000000000000e+00
-1.515682697296143022e+00 4.292055606842041016e+00 -5.588927865028381348e-01 1.000000000000000000e+01
-1.972077608108520952e+00 5.587563991546630859e+00 -5.184023380279541016e-01 9.000000000000000000e+00
-2.911944150924683061e+00 8.259710311889648438e+00 -4.589863419532775879e-01 1.000000000000000000e+00
-5.401445865631104404e+00 1.533823680877686080e+01 -2.838459312915802002e-01 2.000000000000000000e+00
-7.529082894325256348e-01 2.147565126419066939e+00 -6.097776889801025391e-01 2.000000000000000000e+01
-8.624320626258850098e-01 2.462719202041625977e+00 -6.024188995361328125e-01 1.200000000000000000e+01
-1.004620075225830078e+00 2.870350599288939986e+00 -5.911262631416320801e-01 1.000000000000000000e+01
-1.203433513641356978e+00 3.442243576049805132e+00 -5.775560736656188965e-01 9.000000000000000000e+00
-1.500036954879760964e+00 4.295445919036865234e+00 -5.586490631103515625e-01 8.000000000000000000e+00
-1.956500649452209029e+00 5.605700492858886719e+00 -5.194482207298278809e-01 9.000000000000000000e+00
-2.884409666061400923e+00 8.273596763610839844e+00 -4.591956734657288153e-01 1.000000000000000000e+00
-5.345242023468017578e+00 1.534944438934325994e+01 -2.837063074111937921e-01 2.000000000000000000e+00
-7.462969422340393066e-01 2.153961181640625000e+00 -6.108129620552062988e-01 2.000000000000000000e+01
-8.476638793945312500e-01 2.449289560317993164e+00 -5.983697772026062012e-01 1.400000000000000000e+01
-9.960182905197143555e-01 2.879579544067382812e+00 -5.922711491584777832e-01 1.100000000000000000e+01
-1.190809011459351030e+00 3.446631193161011186e+00 -5.775560736656188965e-01 9.000000000000000000e+00
-1.484283208847045898e+00 4.300915241241455078e+00 -5.586490631103515625e-01 8.000000000000000000e+00
-1.940489053726196067e+00 5.626018524169921875e+00 -5.206683874130249023e-01 8.000000000000000000e+00
-2.838452339172362837e+00 8.238792419433593750e+00 -4.566835463047028143e-01 1.000000000000000000e+00
-5.275933265686035156e+00 1.533111476898193004e+01 -2.830082178115844727e-01 2.000000000000000000e+00
-7.387736439704895020e-01 2.156553030014038086e+00 -6.108129620552062988e-01 2.000000000000000000e+01
-8.410018086433410645e-01 2.457764863967895952e+00 -5.997195243835449219e-01 1.500000000000000000e+01
-9.815136194229125977e-01 2.870035409927368164e+00 -5.895997881889343262e-01 1.000000000000000000e+01
-1.181324958801269975e+00 3.458244323730469194e+00 -5.788075327873229980e-01 9.000000000000000000e+00
-1.469902276992798074e+00 4.307948589324951172e+00 -5.588927865028381348e-01 1.000000000000000000e+01
-1.922767996788024902e+00 5.638414859771729404e+00 -5.211913585662841797e-01 6.000000000000000000e+00
-2.801948547363280806e+00 8.225963592529296875e+00 -4.554274976253510077e-01 1.000000000000000000e+00
-5.209503650665283203e+00 1.531157588958740057e+01 -2.823101282119750977e-01 2.000000000000000000e+00
-7.324807643890380859e-01 2.162778139114379883e+00 -6.118482351303100586e-01 2.000000000000000000e+01
-8.336664438247680664e-01 2.464377641677856001e+00 -6.006193161010742188e-01 1.500000000000000000e+01
-9.721181392669677734e-01 2.875303745269774947e+00 -5.899814367294311523e-01 1.100000000000000000e+01
-1.170510292053223100e+00 3.466089725494385210e+00 -5.794332623481750488e-01 9.000000000000000000e+00
-1.454221248626708984e+00 4.311172485351563388e+00 -5.586490631103515625e-01 8.000000000000000000e+00
-1.893527388572693093e+00 5.616772651672363281e+00 -5.185766816139221191e-01 8.000000000000000000e+00
-2.775767087936400923e+00 8.243265151977539062e+00 -4.558461904525756836e-01 1.000000000000000000e+00
-5.143274784088134766e+00 1.529175949096680043e+01 -2.816120386123657227e-01 2.000000000000000000e+00
-7.212470173835754395e-01 2.154330492019652876e+00 -6.087424159049987793e-01 1.900000000000000000e+01
-8.275311589241027832e-01 2.474665164947510210e+00 -6.024188995361328125e-01 1.500000000000000000e+01
-9.577194452285766602e-01 2.865645647048950195e+00 -5.873100757598876953e-01 1.100000000000000000e+01
-1.155902266502379927e+00 3.462659597396851030e+00 -5.781818032264709473e-01 9.000000000000000000e+00
-1.437907814979553001e+00 4.312456130981445312e+00 -5.581616163253784180e-01 8.000000000000000000e+00
-1.875799298286437988e+00 5.629018306732177734e+00 -5.190995931625366211e-01 8.000000000000000000e+00
-2.745714187622069868e+00 8.249114036560058594e+00 -4.556368291378021240e-01 1.000000000000000000e+00
-5.089865207672119141e+00 1.530961990356444957e+01 -2.816120386123657227e-01 2.000000000000000000e+00
-7.140989899635314941e-01 2.156710386276245117e+00 -6.087424159049987793e-01 1.800000000000000000e+01
-8.187084197998046875e-01 2.475545644760131836e+00 -6.019690036773681641e-01 1.600000000000000000e+01
-9.525241851806640625e-01 2.881854295730590820e+00 -5.899814367294311523e-01 1.100000000000000000e+01
-1.140697717666625977e+00 3.455219030380249023e+00 -5.763045549392700195e-01 9.000000000000000000e+00
-1.426085829734802024e+00 4.324741363525390625e+00 -5.591365694999694824e-01 8.000000000000000000e+00
-1.852757215499877930e+00 5.621962070465087891e+00 -5.178794264793395996e-01 9.000000000000000000e+00
-2.718343973159790039e+00 8.258173942565917969e+00 -4.556368291378021240e-01 1.000000000000000000e+00
-5.039068698883056641e+00 1.532641410827637074e+01 -2.816120386123657227e-01 2.000000000000000000e+00
-7.083687782287597656e-01 2.164697885513306108e+00 -6.102952957153320312e-01 1.600000000000000000e+01
-8.040078878402709961e-01 2.459865331649779829e+00 -5.974699854850769043e-01 1.200000000000000000e+01
-9.473357200622558594e-01 2.900091171264647993e+00 -5.930343866348266602e-01 1.100000000000000000e+01
-1.132306098937988059e+00 3.470447301864624023e+00 -5.781818032264709473e-01 9.000000000000000000e+00
-1.413441300392151101e+00 4.337242603302001953e+00 -5.601115226745605469e-01 8.000000000000000000e+00
-1.838057637214661089e+00 5.643550395965576172e+00 -5.192739367485046387e-01 9.000000000000000000e+00
-2.684558391571044922e+00 8.252418518066406250e+00 -4.547994732856749933e-01 1.000000000000000000e+00
-5.001605033874511719e+00 1.539335823059082031e+01 -2.825195491313933771e-01 2.000000000000000000e+00
-6.996194720268249512e-01 2.163481235504149947e+00 -6.092600226402282715e-01 1.600000000000000000e+01
-7.966143488883972168e-01 2.466365575790404829e+00 -5.983697772026062012e-01 1.100000000000000000e+01
-9.293665289878845215e-01 2.879092216491699219e+00 -5.880733132362365723e-01 1.200000000000000000e+01
-1.116548180580138938e+00 3.463098287582397017e+00 -5.763045549392700195e-01 9.000000000000000000e+00
-1.392208099365233931e+00 4.323254585266113281e+00 -5.576741099357604980e-01 8.000000000000000000e+00
-1.815905213356018066e+00 5.642345905303955078e+00 -5.185766816139221191e-01 8.000000000000000000e+00
-2.650846004486083984e+00 8.246526718139648438e+00 -4.539620876312255859e-01 1.000000000000000000e+00
-4.913609027862548828e+00 1.530410099029541016e+01 -2.805648744106292725e-01 2.000000000000000000e+00
-6.914752721786499023e-01 2.164069890975952148e+00 -6.087424159049987793e-01 1.800000000000000000e+01
-7.909626960754394531e-01 2.478413581848144975e+00 -6.006193161010742188e-01 1.200000000000000000e+01
-9.205040931701660156e-01 2.886059522628784180e+00 -5.888365507125854492e-01 1.200000000000000000e+01
-1.108050465583801047e+00 3.478267669677733931e+00 -5.781818032264709473e-01 9.000000000000000000e+00
-1.378914237022399902e+00 4.333763122558593750e+00 -5.584053397178649902e-01 1.000000000000000000e+01
-1.793783664703368919e+00 5.641055107116699219e+00 -5.178794264793395996e-01 9.000000000000000000e+00
-2.620834827423096147e+00 8.251922607421875000e+00 -4.537527263164520264e-01 1.000000000000000000e+00
-4.860157966613770419e+00 1.532115936279297053e+01 -2.805648744106292725e-01 2.000000000000000000e+00
-6.831313371658325195e-01 2.162666797637939009e+00 -6.077071428298950195e-01 1.600000000000000000e+01
-7.821533083915710449e-01 2.479164600372314009e+00 -6.001694202423095703e-01 1.100000000000000000e+01
-9.126996397972106934e-01 2.894713401794434038e+00 -5.899814367294311523e-01 1.100000000000000000e+01
-1.091763257980346902e+00 3.466849803924560991e+00 -5.756788253784179688e-01 1.000000000000000000e+01
-1.368109107017517090e+00 4.349673748016357422e+00 -5.598677396774291992e-01 1.000000000000000000e+01
-1.776859760284424050e+00 5.652674674987792969e+00 -5.184023380279541016e-01 9.000000000000000000e+00
-2.588670015335083008e+00 8.245324134826660156e+00 -4.529153704643250067e-01 1.000000000000000000e+00
-4.827274322509765625e+00 1.539443492889403942e+01 -2.816120386123657227e-01 2.000000000000000000e+00
-6.767289638519287109e-01 2.168726444244385210e+00 -6.087424159049987793e-01 1.800000000000000000e+01
-7.723349928855895996e-01 2.478158712387084961e+00 -5.992696285247802734e-01 1.200000000000000000e+01
-9.037572741508483887e-01 2.901630401611328125e+00 -5.907446742057800293e-01 1.100000000000000000e+01
-1.079654932022094949e+00 3.470639467239379883e+00 -5.756788253784179688e-01 9.000000000000000000e+00
-1.352917551994323953e+00 4.354423046112061435e+00 -5.598677396774291992e-01 1.000000000000000000e+01
-1.755344867706299050e+00 5.653134346008300781e+00 -5.178794264793395996e-01 8.000000000000000000e+00
-2.566972017288208008e+00 8.277201652526855469e+00 -4.541714191436768133e-01 1.000000000000000000e+00
-4.743925094604492188e+00 1.531568336486816051e+01 -2.798667848110198975e-01 2.000000000000000000e+00
-6.699130535125732422e-01 2.174884796142578125e+00 -6.097776889801025391e-01 1.700000000000000000e+01
-7.609548568725585938e-01 2.473522424697875977e+00 -5.974699854850769043e-01 1.100000000000000000e+01
-8.942700624465942383e-01 2.908676624298096147e+00 -5.915079116821289062e-01 1.100000000000000000e+01
-1.068666815757751021e+00 3.480238437652587891e+00 -5.766174197196960449e-01 1.000000000000000000e+01
-1.329964160919189009e+00 4.336577892303466797e+00 -5.569428801536560059e-01 1.000000000000000000e+01
-1.739867925643920898e+00 5.676674365997313565e+00 -5.194482207298278809e-01 9.000000000000000000e+00
-2.529601812362670898e+00 8.263637542724609375e+00 -4.529153704643250067e-01 1.000000000000000000e+00
-4.681911945343017578e+00 1.531384468078612926e+01 -2.795177400112152100e-01 2.000000000000000000e+00
-6.634416580200195312e-01 2.180906295776367188e+00 -6.108129620552062988e-01 1.700000000000000000e+01
-7.545820474624633789e-01 2.483621835708618164e+00 -5.992696285247802734e-01 1.200000000000000000e+01
-8.829706907272338867e-01 2.908023357391356978e+00 -5.907446742057800293e-01 1.100000000000000000e+01
-1.055938720703125000e+00 3.482057332992554155e+00 -5.763045549392700195e-01 9.000000000000000000e+00
-1.313092350959778054e+00 4.335494518280029297e+00 -5.562117099761962891e-01 1.000000000000000000e+01
-1.718310475349426047e+00 5.676992416381835938e+00 -5.189253091812133789e-01 9.000000000000000000e+00
-2.494961738586425781e+00 8.253298759460449219e+00 -4.518686532974243164e-01 1.000000000000000000e+00
-4.606465339660645419e+00 1.525734901428223012e+01 -2.781913578510283869e-01 2.000000000000000000e+00
-6.539814472198486328e-01 2.175694227218627930e+00 -6.087424159049987793e-01 1.700000000000000000e+01
-7.452212572097778320e-01 2.482377767562866211e+00 -5.983697772026062012e-01 1.100000000000000000e+01
-8.699374794960021973e-01 2.899652719497681108e+00 -5.884549617767333984e-01 1.100000000000000000e+01
-1.045519948005676047e+00 3.489324331283568892e+00 -5.769302845001220703e-01 1.000000000000000000e+01
-1.299277305603026900e+00 4.341726779937744141e+00 -5.564554333686828613e-01 1.000000000000000000e+01
-1.698904633522033913e+00 5.680750370025634766e+00 -5.187509655952453613e-01 6.000000000000000000e+00
-2.464149475097655806e+00 8.250044822692871094e+00 -4.512406289577484131e-01 1.000000000000000000e+00
-4.577566146850585938e+00 1.534535789489745916e+01 -2.795177400112152100e-01 2.000000000000000000e+00
-6.452835798263549805e-01 2.174259662628173828e+00 -6.077071428298950195e-01 1.700000000000000000e+01
-7.404282093048095703e-01 2.498042583465576172e+00 -6.015191078186035156e-01 1.300000000000000000e+01
-8.592529296875000000e-01 2.900789260864257812e+00 -5.880733132362365723e-01 1.000000000000000000e+01
-1.031092047691344993e+00 3.485375642776488814e+00 -5.756788253784179688e-01 9.000000000000000000e+00
-1.285238862037658913e+00 4.350043296813964844e+00 -5.569428801536560059e-01 1.000000000000000000e+01
-1.671730160713196023e+00 5.661805152893066406e+00 -5.164849162101745605e-01 8.000000000000000000e+00
-2.444375038146973100e+00 8.289246559143066406e+00 -4.529153704643250067e-01 1.000000000000000000e+00
-4.502505779266357422e+00 1.528835010528563920e+01 -2.781913578510283869e-01 2.000000000000000000e+00
-6.375264525413513184e-01 2.174533843994141069e+00 -6.071894764900207520e-01 1.900000000000000000e+01
-7.294023036956787109e-01 2.491133213043212891e+00 -5.992696285247802734e-01 1.100000000000000000e+01
-8.512828946113586426e-01 2.909275293350220171e+00 -5.892181992530822754e-01 1.100000000000000000e+01
-1.016203880310059038e+00 3.477399110794066939e+00 -5.738016366958618164e-01 9.000000000000000000e+00
-1.271918773651123047e+00 4.358092308044433594e+00 -5.574303865432739258e-01 1.000000000000000000e+01
-1.657966494560241921e+00 5.684532165527343750e+00 -5.180537104606628418e-01 8.000000000000000000e+00
-2.409053564071654829e+00 8.270461082458496094e+00 -4.514499604701995850e-01 1.000000000000000000e+00
-4.451783180236816406e+00 1.530319690704346058e+01 -2.781913578510283869e-01 2.000000000000000000e+00
-6.299319863319396973e-01 2.176745891571044922e+00 -6.071894764900207520e-01 1.600000000000000000e+01
-7.158325910568237305e-01 2.476814985275268999e+00 -5.952205061912536621e-01 1.200000000000000000e+01
-8.405776619911193848e-01 2.910343170166016069e+00 -5.888365507125854492e-01 1.000000000000000000e+01
-1.004059314727782981e+00 3.480925321578979048e+00 -5.738016366958618164e-01 1.000000000000000000e+01
-1.251203536987304910e+00 4.343430519104003906e+00 -5.549929738044738770e-01 1.100000000000000000e+01
-1.638664841651916948e+00 5.692199230194091797e+00 -5.182280540466308594e-01 8.000000000000000000e+00
-2.371339797973632812e+00 8.248107910156250000e+00 -4.497752189636229914e-01 1.000000000000000000e+00
-4.398337841033936435e+00 1.531864356994629084e+01 -2.781913578510283869e-01 2.000000000000000000e+00
-6.247486472129821777e-01 2.190295219421387163e+00 -6.102952957153320312e-01 1.600000000000000000e+01
-7.084525823593139648e-01 2.487041950225830078e+00 -5.970200896263122559e-01 1.200000000000000000e+01
-8.261714577674865723e-01 2.902219772338867188e+00 -5.865468382835388184e-01 1.100000000000000000e+01
-9.917665123939514160e-01 3.488554954528809038e+00 -5.744273662567138672e-01 9.000000000000000000e+00
-1.229637265205383079e+00 4.331016063690186435e+00 -5.527993440628051758e-01 1.100000000000000000e+01
-1.616252541542053001e+00 5.696532726287841797e+00 -5.180537104606628418e-01 6.000000000000000000e+00
-2.342918872833251953e+00 8.268682479858398438e+00 -4.504032433032990057e-01 1.000000000000000000e+00
-4.339486122131347656e+00 1.533541870117188033e+01 -2.781913578510283869e-01 2.000000000000000000e+00
-6.160524487495422363e-01 2.188743352890015093e+00 -6.092600226402282715e-01 1.600000000000000000e+01
-6.997668147087097168e-01 2.489499807357788086e+00 -5.970200896263122559e-01 1.300000000000000000e+01
-8.165667057037353516e-01 2.906975984573363814e+00 -5.869284868240356445e-01 1.100000000000000000e+01
-9.827843904495239258e-01 3.503407478332519975e+00 -5.763045549392700195e-01 9.000000000000000000e+00
-1.217724680900573953e+00 4.346751213073729581e+00 -5.542617440223693848e-01 1.100000000000000000e+01
-1.595283746719359907e+00 5.698302268981933594e+00 -5.177050828933715820e-01 6.000000000000000000e+00
-2.318343877792357954e+00 8.292198181152343750e+00 -4.512406289577484131e-01 1.000000000000000000e+00
-4.264418601989746094e+00 1.527343177795409979e+01 -2.767951786518096924e-01 2.000000000000000000e+00
-6.051702499389648438e-01 2.177745103836060014e+00 -6.056365370750427246e-01 1.700000000000000000e+01
-6.935919523239135742e-01 2.499317646026610884e+00 -5.988197326660156250e-01 1.200000000000000000e+01
-8.074469566345214844e-01 2.911559820175170898e+00 -5.873100757598876953e-01 1.100000000000000000e+01
-9.669434428215026855e-01 3.491417407989501953e+00 -5.738016366958618164e-01 9.000000000000000000e+00
-1.205949425697327104e+00 4.360331535339354581e+00 -5.554804801940917969e-01 1.100000000000000000e+01
-1.573194146156311035e+00 5.692039012908936435e+00 -5.166592597961425781e-01 6.000000000000000000e+00
-2.286581993103026900e+00 8.284438133239746094e+00 -4.504032433032990057e-01 1.000000000000000000e+00
-4.197805881500244141e+00 1.522965526580811080e+01 -2.757480144500731867e-01 2.000000000000000000e+00
-6.006292700767517090e-01 2.191022872924805132e+00 -6.087424159049987793e-01 1.800000000000000000e+01
-6.822907328605651855e-01 2.492325782775878906e+00 -5.965701937675476074e-01 1.100000000000000000e+01
-7.988329529762268066e-01 2.920041561126708984e+00 -5.884549617767333984e-01 1.100000000000000000e+01
-9.511061310768127441e-01 3.481432676315308061e+00 -5.716115236282348633e-01 1.000000000000000000e+01
-1.191766619682312012e+00 4.368344783782958984e+00 -5.559679269790649414e-01 1.000000000000000000e+01
-1.551743388175963911e+00 5.691729068756104404e+00 -5.161362886428833008e-01 6.000000000000000000e+00
-2.254501819610596147e+00 8.280806541442871094e+00 -4.497752189636229914e-01 1.000000000000000000e+00
-4.148815631866455078e+00 1.525965213775634943e+01 -2.760272622108458918e-01 2.000000000000000000e+00
-5.958830714225769043e-01 2.202326536178588867e+00 -6.113305687904357910e-01 1.600000000000000000e+01
-6.719889044761657715e-01 2.487049341201781782e+00 -5.947706103324890137e-01 1.200000000000000000e+01
-7.917042374610900879e-01 2.932151317596435991e+00 -5.903630256652832031e-01 1.200000000000000000e+01
-9.436701536178588867e-01 3.499825716018677202e+00 -5.741145014762878418e-01 1.000000000000000000e+01
-1.175209641456604004e+00 4.364605426788330078e+00 -5.549929738044738770e-01 1.000000000000000000e+01
-1.532342791557312012e+00 5.694919586181640625e+00 -5.159620046615600586e-01 6.000000000000000000e+00
-2.216663837432860884e+00 8.249660491943359375e+00 -4.476817548274993896e-01 2.000000000000000000e+00
-4.104409217834472656e+00 1.529650306701659979e+01 -2.764461040496826172e-01 2.000000000000000000e+00
-5.857016444206237793e-01 2.195060491561890093e+00 -6.087424159049987793e-01 1.600000000000000000e+01
-6.622998714447021484e-01 2.485613822937012163e+00 -5.938707590103149414e-01 1.100000000000000000e+01
-7.794436812400817871e-01 2.927308559417725053e+00 -5.888365507125854492e-01 1.200000000000000000e+01
-9.304324984550476074e-01 3.499280214309691939e+00 -5.734887719154357910e-01 1.100000000000000000e+01
-1.154872894287108931e+00 4.349494934082031250e+00 -5.525556206703186035e-01 1.000000000000000000e+01
-1.513987302780150923e+00 5.706010818481445312e+00 -5.164849162101745605e-01 9.000000000000000000e+00
-2.181715250015258789e+00 8.234180450439453125e+00 -4.464257061481475830e-01 2.000000000000000000e+00
-4.040759563446044922e+00 1.527207374572754084e+01 -2.757480144500731867e-01 2.000000000000000000e+00
-5.774356722831726074e-01 2.193254232406616211e+00 -6.077071428298950195e-01 1.700000000000000000e+01
-6.590085625648498535e-01 2.506643533706665039e+00 -5.983697772026062012e-01 1.100000000000000000e+01
-7.647435665130615234e-01 2.910888910293579102e+00 -5.850203633308410645e-01 1.000000000000000000e+01
-9.168183207511901855e-01 3.494703531265258789e+00 -5.722372531890869141e-01 1.000000000000000000e+01
-1.139436960220336914e+00 4.349460124969482422e+00 -5.520681142807006836e-01 1.000000000000000000e+01
-1.491525173187256081e+00 5.697508335113525391e+00 -5.152647495269775391e-01 9.000000000000000000e+00
-2.160459280014038086e+00 8.264557838439941406e+00 -4.476817548274993896e-01 4.000000000000000000e+00
-3.967869997024536133e+00 1.520025539398193004e+01 -2.742122113704680841e-01 2.000000000000000000e+00
-5.683202743530273438e-01 2.189646720886230025e+00 -6.061542034149169922e-01 1.900000000000000000e+01
-6.512326002120971680e-01 2.512701272964477983e+00 -5.992696285247802734e-01 1.100000000000000000e+01
-7.580235600471496582e-01 2.926844596862792969e+00 -5.876917243003845215e-01 1.100000000000000000e+01
-9.065923094749450684e-01 3.505532264709473100e+00 -5.734887719154357910e-01 1.000000000000000000e+01
-1.126232981681823953e+00 4.361099243164063388e+00 -5.530430674552917480e-01 1.000000000000000000e+01
-1.467645287513732910e+00 5.687246322631835938e+00 -5.138702392578125000e-01 8.000000000000000000e+00
-2.126613616943358931e+00 8.252707481384277344e+00 -4.466350376605988104e-01 3.000000000000000000e+00
-3.907810449600220171e+00 1.518690013885498047e+01 -2.737235426902770996e-01 2.000000000000000000e+00
-5.611522793769836426e-01 2.193488836288452148e+00 -6.066718697547912598e-01 1.700000000000000000e+01
-6.405283212661743164e-01 2.507406949996947798e+00 -5.974699854850769043e-01 1.000000000000000000e+01
-7.463455796241760254e-01 2.923765897750854048e+00 -5.865468382835388184e-01 1.000000000000000000e+01
-8.909347653388977051e-01 3.495276451110839844e+00 -5.712986588478088379e-01 9.000000000000000000e+00
-1.110023736953734907e+00 4.361156463623046875e+00 -5.525556206703186035e-01 1.000000000000000000e+01
-1.448766350746155007e+00 5.696196556091308594e+00 -5.142188668251037598e-01 6.000000000000000000e+00
-2.098776578903197798e+00 8.263952255249023438e+00 -4.468443989753723145e-01 2.000000000000000000e+00
-3.854774475097655806e+00 1.520044898986816051e+01 -2.737235426902770996e-01 2.000000000000000000e+00
-5.563257336616516113e-01 2.206673622131348100e+00 -6.097776889801025391e-01 1.600000000000000000e+01
-6.298690438270568848e-01 2.502068281173706055e+00 -5.956704020500183105e-01 1.100000000000000000e+01
-7.361351847648620605e-01 2.926353216171265093e+00 -5.865468382835388184e-01 1.000000000000000000e+01
-8.782473206520080566e-01 3.496449232101439986e+00 -5.709857940673828125e-01 1.100000000000000000e+01
-1.095759510993957964e+00 4.368855476379395419e+00 -5.530430674552917480e-01 1.000000000000000000e+01
-1.428874135017395020e+00 5.701219081878662109e+00 -5.142188668251037598e-01 8.000000000000000000e+00
-2.064098834991455078e+00 8.247978210449218750e+00 -4.455883204936981201e-01 1.000000000000000000e+00
-3.794904470443726030e+00 1.518665122985840021e+01 -2.732348740100861151e-01 2.000000000000000000e+00
-5.476881861686706543e-01 2.204852342605590820e+00 -6.087424159049987793e-01 1.600000000000000000e+01
-6.211313605308532715e-01 2.504251718521118164e+00 -5.956704020500183105e-01 1.100000000000000000e+01
-7.249712347984313965e-01 2.925093889236450195e+00 -5.857836008071899414e-01 1.000000000000000000e+01
-8.679352402687072754e-01 3.507163763046265093e+00 -5.722372531890869141e-01 1.000000000000000000e+01
-1.074788331985474077e+00 4.349528312683104581e+00 -5.501182079315185547e-01 1.000000000000000000e+01
-1.412785410881042036e+00 5.721646308898925781e+00 -5.156133770942687988e-01 9.000000000000000000e+00
-2.042945146560668945e+00 8.286159515380859375e+00 -4.472630918025969904e-01 1.000000000000000000e+00
-3.733265876770019975e+00 1.516485404968262074e+01 -2.726065814495087225e-01 2.000000000000000000e+00
-5.399884581565856934e-01 2.206750869750977007e+00 -6.087424159049987793e-01 1.600000000000000000e+01
-6.142362356185913086e-01 2.513976812362670898e+00 -5.974699854850769043e-01 1.200000000000000000e+01
-7.166188955307006836e-01 2.935235738754272017e+00 -5.873100757598876953e-01 1.200000000000000000e+01
-8.575590848922729492e-01 3.517848730087279829e+00 -5.734887719154357910e-01 1.100000000000000000e+01
-1.059599041938781960e+00 4.353253364562988281e+00 -5.501182079315185547e-01 1.000000000000000000e+01
-1.383858203887939009e+00 5.689759731292724609e+00 -5.123014450073242188e-01 8.000000000000000000e+00
-2.011180400848389116e+00 8.281595230102539062e+00 -4.466350376605988104e-01 2.000000000000000000e+00
-3.680307865142821822e+00 1.517779350280762074e+01 -2.726065814495087225e-01 2.000000000000000000e+00
-1.321755790710449041e+01 5.455150985717772727e+01 1.503997516632080078e+01 1.900000000000000000e+01
-5.300191044807434082e-01 2.199231863021851030e+00 -6.061542034149169922e-01 1.600000000000000000e+01
-6.054570674896240234e-01 2.516105651855469194e+00 -5.974699854850769043e-01 1.100000000000000000e+01
-7.049916982650756836e-01 2.931992769241333008e+00 -5.861652493476867676e-01 1.100000000000000000e+01
-8.448131084442138672e-01 3.518899917602539062e+00 -5.731759071350097656e-01 1.000000000000000000e+01
-1.044396877288817915e+00 4.356925487518311435e+00 -5.501182079315185547e-01 1.100000000000000000e+01
-1.359811902046204057e+00 5.677117347717285156e+00 -5.107326507568359375e-01 6.000000000000000000e+00
-1.982260107994080034e+00 8.288565635681152344e+00 -4.466350376605988104e-01 1.000000000000000000e+00
-3.615229606628417969e+00 1.513997745513916016e+01 -2.716990709304810125e-01 2.000000000000000000e+00
-5.227851867675781250e-01 2.202948331832886186e+00 -6.066718697547912598e-01 1.800000000000000000e+01
-5.966705083847045898e-01 2.518203735351562944e+00 -5.974699854850769043e-01 1.000000000000000000e+01
-6.965621113777160645e-01 2.942077398300170898e+00 -5.876917243003845215e-01 1.100000000000000000e+01
-8.279803395271301270e-01 3.502603530883789062e+00 -5.700471997261047363e-01 9.000000000000000000e+00
-1.031918048858643022e+00 4.372136592864990234e+00 -5.515806674957275391e-01 1.000000000000000000e+01
-1.348676085472106934e+00 5.718674182891845703e+00 -5.140445828437805176e-01 8.000000000000000000e+00
-1.953315496444701926e+00 8.295433998107910156e+00 -4.466350376605988104e-01 1.000000000000000000e+00
-3.562359333038330078e+00 1.515250492095947088e+01 -2.716990709304810125e-01 2.000000000000000000e+00
-5.177292823791503906e-01 2.216046810150146040e+00 -6.097776889801025391e-01 1.800000000000000000e+01
-5.861060023307800293e-01 2.512680053710937944e+00 -5.956704020500183105e-01 1.100000000000000000e+01
-6.871793866157531738e-01 2.948314905166625977e+00 -5.884549617767333984e-01 1.100000000000000000e+01
-8.139580488204956055e-01 3.497776508331298828e+00 -5.687957406044006348e-01 9.000000000000000000e+00
-1.015751600265502930e+00 4.371845245361328125e+00 -5.510931611061096191e-01 1.100000000000000000e+01
-1.327804803848267046e+00 5.719465732574462891e+00 -5.136959552764892578e-01 9.000000000000000000e+00
-1.921641230583190918e+00 8.290528297424316406e+00 -4.460070133209229071e-01 1.000000000000000000e+00
-3.503133535385131836e+00 1.513757228851318004e+01 -2.712104022502899170e-01 2.000000000000000000e+00
-1.256191635131835938e+01 5.428195190429688211e+01 1.492920017242431996e+01 1.900000000000000000e+01
-5.091248154640197754e-01 2.214075088500977007e+00 -6.087424159049987793e-01 1.800000000000000000e+01
-5.764594078063964844e-01 2.510911941528319868e+00 -5.947706103324890137e-01 1.100000000000000000e+01
-6.751278042793273926e-01 2.943041563034058061e+00 -5.869284868240356445e-01 1.100000000000000000e+01
-8.021845817565917969e-01 3.502521753311156782e+00 -5.691086053848266602e-01 1.000000000000000000e+01
-9.929624199867248535e-01 4.342466354370117188e+00 -5.469496250152587891e-01 1.000000000000000000e+01
-1.306944489479064941e+00 5.720180988311767578e+00 -5.133473277091979980e-01 8.000000000000000000e+00
-1.894466996192931907e+00 8.304974555969238281e+00 -4.464257061481475830e-01 1.000000000000000000e+00
-3.450272083282471147e+00 1.514970874786376953e+01 -2.712104022502899170e-01 2.000000000000000000e+00
-5.030205845832824707e-01 2.219431877136230025e+00 -6.097776889801025391e-01 1.700000000000000000e+01
-5.711488127708435059e-01 2.524114608764647993e+00 -5.974699854850769043e-01 1.100000000000000000e+01
-6.641468405723571777e-01 2.937488317489624023e+00 -5.854020118713378906e-01 1.200000000000000000e+01
-7.942218184471130371e-01 3.518512964248656782e+00 -5.712986588478088379e-01 1.000000000000000000e+01
-9.819337725639343262e-01 4.357183933258056641e+00 -5.484120249748229980e-01 1.000000000000000000e+01
-1.295532822608947976e+00 5.753414630889892578e+00 -5.159620046615600586e-01 6.000000000000000000e+00
-1.869242906570435014e+00 8.314782142639160156e+00 -4.466350376605988104e-01 2.000000000000000000e+00
-3.402661085128784180e+00 1.516047286987305043e+01 -2.712104022502899170e-01 2.000000000000000000e+00
-4.935885369777678888e-01 2.213631868362427202e+00 -6.077071428298950195e-01 1.800000000000000000e+01
-5.636048913002014160e-01 2.531799554824829102e+00 -5.988197326660156250e-01 1.200000000000000000e+01
-6.538890004158020020e-01 2.939788818359375000e+00 -5.854020118713378906e-01 1.100000000000000000e+01
-7.819350957870483398e-01 3.521263837814331055e+00 -5.712986588478088379e-01 9.000000000000000000e+00
-9.684370160102844238e-01 4.368337154388427734e+00 -5.493869781494140625e-01 1.100000000000000000e+01
-1.269840121269226074e+00 5.732613563537597656e+00 -5.136959552764892578e-01 9.000000000000000000e+00
-1.834169864654541016e+00 8.293954849243164062e+00 -4.451696574687957764e-01 1.000000000000000000e+00
-3.335062503814696822e+00 1.510586738586425959e+01 -2.700236439704895020e-01 2.000000000000000000e+00
-4.854446649551392157e-01 2.213454484939575195e+00 -6.071894764900207520e-01 1.900000000000000000e+01
-5.526797771453857422e-01 2.524233102798461914e+00 -5.965701937675476074e-01 1.100000000000000000e+01
-6.436232924461364746e-01 2.942053318023682085e+00 -5.854020118713378906e-01 1.100000000000000000e+01
-7.658454179763793945e-01 3.506603002548218218e+00 -5.684828162193298340e-01 1.000000000000000000e+01
-9.514911770820617676e-01 4.363932609558104581e+00 -5.484120249748229980e-01 1.000000000000000000e+01
-1.249397754669189009e+00 5.735064506530761719e+00 -5.135216116905212402e-01 9.000000000000000000e+00
-1.809451937675476074e+00 8.319822311401367188e+00 -4.462163746356964111e-01 1.000000000000000000e+00
-3.278918743133544922e+00 1.510178375244140980e+01 -2.697443962097167969e-01 2.000000000000000000e+00
-4.785298407077788752e-01 2.218912363052368164e+00 -6.082247495651245117e-01 1.600000000000000000e+01
-5.414043068885803223e-01 2.514716386795043945e+00 -5.938707590103149414e-01 1.100000000000000000e+01
-6.345883011817932129e-01 2.950040102005004883e+00 -5.865468382835388184e-01 1.100000000000000000e+01
-7.552593946456909180e-01 3.516980171203612837e+00 -5.697343349456787109e-01 1.000000000000000000e+01
-9.370846748352050781e-01 4.371109485626220703e+00 -5.488995313644409180e-01 1.100000000000000000e+01
-1.228536486625670943e+00 5.735494136810302734e+00 -5.131729841232299805e-01 8.000000000000000000e+00
-1.777893424034119096e+00 8.314369201660156250e+00 -4.455883204936981201e-01 2.000000000000000000e+00
-3.225348711013793945e+00 1.510922622680664062e+01 -2.696745693683624268e-01 2.000000000000000000e+00
-4.707680344581604004e-01 2.218597173690795898e+00 -6.077071428298950195e-01 1.800000000000000000e+01
-5.322545170783996582e-01 2.512685060501099077e+00 -5.929709672927856445e-01 1.200000000000000000e+01
-6.239891052246093750e-01 2.948286771774291992e+00 -5.857836008071899414e-01 1.200000000000000000e+01
-7.460426092147827148e-01 3.531061649322510210e+00 -5.716115236282348633e-01 1.000000000000000000e+01
-9.217650294303894043e-01 4.370308399200438565e+00 -5.484120249748229980e-01 1.000000000000000000e+01
-1.208277583122252974e+00 5.733687877655029297e+00 -5.126500725746154785e-01 9.000000000000000000e+00
-1.751956820487976074e+00 8.328037261962890625e+00 -4.460070133209229071e-01 1.000000000000000000e+00
-3.167829275131226030e+00 1.508461189270020064e+01 -2.690463066101074219e-01 2.000000000000000000e+00
-1.152635478973389027e+01 5.488635253906250000e+01 1.502755165100098012e+01 1.900000000000000000e+01
-4.642039835453032892e-01 2.225900411605834961e+00 -6.092600226402282715e-01 1.900000000000000000e+01
-5.250691175460815430e-01 2.522159099578856978e+00 -5.947706103324890137e-01 1.100000000000000000e+01
-6.112950444221496582e-01 2.938914299011230025e+00 -5.834938883781433105e-01 1.100000000000000000e+01
-7.333107590675354004e-01 3.531710147857666016e+00 -5.712986588478088379e-01 1.100000000000000000e+01
-9.052955508232116699e-01 4.367667675018311435e+00 -5.476808547973632812e-01 1.000000000000000000e+01
-1.187043786048888938e+00 5.732017993927001953e+00 -5.121271610260009766e-01 9.000000000000000000e+00
-1.721258521080017090e+00 8.326278686523437500e+00 -4.455883204936981201e-01 1.000000000000000000e+00
-3.120004653930664062e+00 1.511907958984375000e+01 -2.694651484489440918e-01 2.000000000000000000e+00
-4.544923603534697931e-01 2.218044519424438032e+00 -6.066718697547912598e-01 1.900000000000000000e+01
-5.178239941596984863e-01 2.531613349914550781e+00 -5.965701937675476074e-01 1.100000000000000000e+01
-6.018187999725341797e-01 2.944877147674560991e+00 -5.842571258544921875e-01 1.200000000000000000e+01
-7.197937965393066406e-01 3.528441905975341797e+00 -5.703600645065307617e-01 1.000000000000000000e+01
-8.904401063919067383e-01 4.372746467590332031e+00 -5.479245781898498535e-01 1.000000000000000000e+01
-1.167028069496155007e+00 5.736126422882080078e+00 -5.121271610260009766e-01 8.000000000000000000e+00
-1.696159005165100098e+00 8.351809501647949219e+00 -4.466350376605988104e-01 2.000000000000000000e+00
-3.070388555526732954e+00 1.514555644989014027e+01 -2.697443962097167969e-01 2.000000000000000000e+00
-4.459848105907440186e-01 2.215829849243164062e+00 -6.056365370750427246e-01 1.800000000000000000e+01
-5.082161426544189453e-01 2.529584407806396040e+00 -5.956704020500183105e-01 1.100000000000000000e+01
-5.926946997642517090e-01 2.952734470367432085e+00 -5.854020118713378906e-01 1.100000000000000000e+01
-7.047562599182128906e-01 3.517374753952025923e+00 -5.681699514389038086e-01 9.000000000000000000e+00
-8.747816681861877441e-01 4.373881340026854581e+00 -5.476808547973632812e-01 1.000000000000000000e+01
-1.145826935768126997e+00 5.734303951263427734e+00 -5.116041898727416992e-01 8.000000000000000000e+00
-1.664651393890381081e+00 8.345927238464355469e+00 -4.460070133209229071e-01 1.000000000000000000e+00
-3.010473728179932085e+00 1.512088012695313033e+01 -2.691161036491394043e-01 2.000000000000000000e+00
-4.397456943988800049e-01 2.224953889846802202e+00 -6.077071428298950195e-01 1.700000000000000000e+01
-4.963657557964324951e-01 2.516047954559326172e+00 -5.920711755752563477e-01 1.100000000000000000e+01
-5.839027166366577148e-01 2.962490320205688032e+00 -5.869284868240356445e-01 1.100000000000000000e+01
-6.955245733261108398e-01 3.535319328308105025e+00 -5.706729292869567871e-01 9.000000000000000000e+00
-8.583610653877258301e-01 4.371064662933349609e+00 -5.469496250152587891e-01 1.000000000000000000e+01
-1.123502135276793990e+00 5.726538181304931641e+00 -5.105583667755126953e-01 9.000000000000000000e+00
-1.630134820938109907e+00 8.324246406555175781e+00 -4.445416033267974854e-01 1.000000000000000000e+00
-2.965345859527587891e+00 1.517054748535156072e+01 -2.698141932487487793e-01 2.000000000000000000e+00
-4.319764673709868830e-01 2.226475238800048828e+00 -6.077071428298950195e-01 1.800000000000000000e+01
-4.883210659027100164e-01 2.521591663360596147e+00 -5.929709672927856445e-01 1.100000000000000000e+01
-5.724393725395202637e-01 2.958727836608887163e+00 -5.857836008071899414e-01 1.000000000000000000e+01
-6.786851882934570312e-01 3.514451026916503906e+00 -5.669184923171997070e-01 9.000000000000000000e+00
-8.400923013687133789e-01 4.358440399169921875e+00 -5.449997186660766602e-01 1.100000000000000000e+01
-1.103882670402527078e+00 5.732381343841552734e+00 -5.107326507568359375e-01 6.000000000000000000e+00
-1.604083776473999023e+00 8.345577239990234375e+00 -4.453789889812468927e-01 1.000000000000000000e+00
-2.904837608337401900e+00 1.514152908325194957e+01 -2.691161036491394043e-01 2.000000000000000000e+00
-4.242019951343535822e-01 2.227969646453856978e+00 -6.077071428298950195e-01 1.800000000000000000e+01
-4.802437424659729004e-01 2.527109622955321822e+00 -5.938707590103149414e-01 1.100000000000000000e+01
-5.580798387527465820e-01 2.939491271972655806e+00 -5.815858244895935059e-01 1.100000000000000000e+01
-6.708266735076904297e-01 3.540088653564453125e+00 -5.706729292869567871e-01 9.000000000000000000e+00
-8.252422809600830078e-01 4.363296985626220703e+00 -5.452434420585632324e-01 9.000000000000000000e+00
-1.086455583572387917e+00 5.749903678894042969e+00 -5.119528174400329590e-01 8.000000000000000000e+00
-1.577163338661194070e+00 8.362901687622070312e+00 -4.460070133209229071e-01 1.000000000000000000e+00
-2.846787452697753906e+00 1.512406349182129084e+01 -2.686274349689484198e-01 2.000000000000000000e+00
-4.150035083293914795e-01 2.221840858459473100e+00 -6.056365370750427246e-01 1.800000000000000000e+01
-4.728481173515319824e-01 2.536433696746826172e+00 -5.956704020500183105e-01 1.200000000000000000e+01
-5.499724745750427246e-01 2.953001737594604048e+00 -5.838755369186401367e-01 1.100000000000000000e+01
-6.562993526458740234e-01 3.530755996704102007e+00 -5.687957406044006348e-01 9.000000000000000000e+00
-8.110927939414978027e-01 4.372006416320800781e+00 -5.459746718406677246e-01 1.000000000000000000e+01
-1.063836455345154031e+00 5.739948272705078125e+00 -5.107326507568359375e-01 9.000000000000000000e+00
-1.547961831092834029e+00 8.368355751037597656e+00 -4.460070133209229071e-01 1.000000000000000000e+00
-2.793977260589600053e+00 1.513390922546387074e+01 -2.686274349689484198e-01 2.000000000000000000e+00
-4.072453081607819159e-01 2.223275899887084961e+00 -6.056365370750427246e-01 1.500000000000000000e+01
-4.625896215438842773e-01 2.530400753021239790e+00 -5.938707590103149414e-01 1.300000000000000000e+01
-5.400139093399047852e-01 2.956834793090819868e+00 -5.842571258544921875e-01 1.000000000000000000e+01
-6.407827138900756836e-01 3.515535354614257812e+00 -5.659798979759216309e-01 8.000000000000000000e+00
-7.983136773109436035e-01 4.388482093811035156e+00 -5.476808547973632812e-01 1.000000000000000000e+01
-1.040231466293334961e+00 5.724023818969726562e+00 -5.089895129203796387e-01 9.000000000000000000e+00
-1.513038516044616921e+00 8.342265129089355469e+00 -4.443322718143463135e-01 1.000000000000000000e+00
-2.741132974624633789e+00 1.514356899261474965e+01 -2.686274349689484198e-01 2.000000000000000000e+00
-4.008479118347167969e-01 2.232289552688599077e+00 -6.077071428298950195e-01 1.500000000000000000e+01
-4.530665576457976740e-01 2.528163671493529829e+00 -5.929709672927856445e-01 1.100000000000000000e+01
-5.314192175865173340e-01 2.968364477157593218e+00 -5.861652493476867676e-01 1.100000000000000000e+01
-6.305919289588928223e-01 3.529417991638184038e+00 -5.678570866584777832e-01 8.000000000000000000e+00
-7.805508971214294434e-01 4.377562522888183594e+00 -5.459746718406677246e-01 1.000000000000000000e+01
-1.022690296173095925e+00 5.741350650787354404e+00 -5.102097392082214355e-01 8.000000000000000000e+00
-1.481811881065369096e+00 8.335697174072265625e+00 -4.437042474746704102e-01 1.000000000000000000e+00
-2.691049814224243164e+00 1.516879749298096058e+01 -2.689066827297211248e-01 2.000000000000000000e+00
-9.862523078918457031e+00 5.564912414550781250e+01 1.514350223541259943e+01 2.000000000000000000e+01
-3.941134214401245117e-01 2.237411737442017046e+00 -6.087424159049987793e-01 1.700000000000000000e+01
-4.440056085586547852e-01 2.525813579559326172e+00 -5.920711755752563477e-01 1.100000000000000000e+01
-5.191959142684936523e-01 2.956574678421020952e+00 -5.834938883781433105e-01 1.100000000000000000e+01
-6.182025074958801270e-01 3.527598381042480025e+00 -5.672313570976257324e-01 9.000000000000000000e+00
-7.639782428741455078e-01 4.368394374847412109e+00 -5.445122122764587402e-01 1.000000000000000000e+01
-1.005702972412108931e+00 5.756486415863037109e+00 -5.112555623054504395e-01 8.000000000000000000e+00
-1.458964228630065918e+00 8.368110656738281250e+00 -4.451696574687957764e-01 2.000000000000000000e+00
-2.640733480453491211e+00 1.517763710021973012e+01 -2.689066827297211248e-01 2.000000000000000000e+00
-9.770433425903320312e+00 5.615564727783203125e+01 1.527291202545166016e+01 2.000000000000000000e+01
-3.846585750579833984e-01 2.229255199432373047e+00 -6.061542034149169922e-01 1.600000000000000000e+01
-4.384930431842803955e-01 2.546552896499633789e+00 -5.965701937675476074e-01 1.100000000000000000e+01
-5.065426826477050781e-01 2.944825172424315962e+00 -5.808225870132446289e-01 1.100000000000000000e+01
-6.082244515419006348e-01 3.543363094329833984e+00 -5.694214701652526855e-01 9.000000000000000000e+00
-7.483898997306823730e-01 4.369077682495117188e+00 -5.442684888839721680e-01 9.000000000000000000e+00
-9.815705418586730957e-01 5.736395835876464844e+00 -5.091638565063476562e-01 9.000000000000000000e+00
-1.427055835723876953e+00 8.357402801513671875e+00 -4.443322718143463135e-01 1.000000000000000000e+00
-2.586394071578979048e+00 1.517887783050536932e+01 -2.687670588493347168e-01 2.000000000000000000e+00
-9.580756187438964844e+00 5.628630447387695312e+01 1.529879379272460938e+01 2.000000000000000000e+01
-3.752654790878295898e-01 2.221060037612915039e+00 -6.035659909248352051e-01 1.800000000000000000e+01
-4.289532601833344061e-01 2.544224739074707031e+00 -5.956704020500183105e-01 1.100000000000000000e+01
-4.975644648075103760e-01 2.954319477081298828e+00 -5.823490619659423828e-01 1.100000000000000000e+01
-5.958521366119384766e-01 3.545464515686035156e+00 -5.694214701652526855e-01 9.000000000000000000e+00
-7.344476580619812012e-01 4.379494667053222656e+00 -5.452434420585632324e-01 9.000000000000000000e+00
-9.585781693458557129e-01 5.722102165222167969e+00 -5.075950622558593750e-01 8.000000000000000000e+00
-1.397215723991394043e+00 8.358393669128417969e+00 -4.441229104995728094e-01 1.000000000000000000e+00
-2.528129816055297852e+00 1.515625476837158025e+01 -2.682085931301116943e-01 2.000000000000000000e+00
-3.681406080722808838e-01 2.226168394088745117e+00 -6.046012639999389648e-01 1.700000000000000000e+01
-4.181660115718842108e-01 2.534170150756835938e+00 -5.929709672927856445e-01 1.100000000000000000e+01
-4.885261356830596924e-01 2.963786602020264116e+00 -5.838755369186401367e-01 1.100000000000000000e+01
-5.802665948867797852e-01 3.528031110763549805e+00 -5.662927627563476562e-01 9.000000000000000000e+00
-7.185129523277282715e-01 4.378113746643066406e+00 -5.447559356689453125e-01 9.000000000000000000e+00
-9.414993524551391602e-01 5.743108272552490234e+00 -5.091638565063476562e-01 9.000000000000000000e+00
-1.371255159378051980e+00 8.382929801940917969e+00 -4.451696574687957764e-01 2.000000000000000000e+00
-2.477142095565795898e+00 1.517682838439941051e+01 -2.684180140495299738e-01 2.000000000000000000e+00
-3.619918227195739746e-01 2.235004901885985884e+00 -6.066718697547912598e-01 1.700000000000000000e+01
-4.091383218765258789e-01 2.531695365905762163e+00 -5.920711755752563477e-01 1.100000000000000000e+01
-4.783822894096375067e-01 2.963452339172362837e+00 -5.834938883781433105e-01 1.000000000000000000e+01
-5.701346397399902344e-01 3.539687156677246094e+00 -5.678570866584777832e-01 8.000000000000000000e+00
-7.033606767654418945e-01 4.376552581787109375e+00 -5.442684888839721680e-01 9.000000000000000000e+00
-9.227651357650756836e-01 5.748166084289550781e+00 -5.093381404876708984e-01 9.000000000000000000e+00
-1.339658260345458984e+00 8.363765716552734375e+00 -4.439135789871215820e-01 2.000000000000000000e+00
-2.428062438964844194e+00 1.519285774230957031e+01 -2.685576379299163818e-01 2.000000000000000000e+00
-3.553968071937561035e-01 2.243887186050415039e+00 -6.087424159049987793e-01 1.600000000000000000e+01
-4.015152752399445135e-01 2.540807485580443892e+00 -5.938707590103149414e-01 1.100000000000000000e+01
-4.668105840682982843e-01 2.957347154617310014e+00 -5.819674134254455566e-01 1.000000000000000000e+01
-5.577753782272338867e-01 3.541655778884888139e+00 -5.678570866584777832e-01 9.000000000000000000e+00
-6.868467926979064941e-01 4.371136665344238281e+00 -5.432935357093811035e-01 9.000000000000000000e+00
-9.020768404006958008e-01 5.747415542602539062e+00 -5.089895129203796387e-01 9.000000000000000000e+00
-1.312309026718140093e+00 8.380230903625488281e+00 -4.445416033267974854e-01 1.000000000000000000e+00
-8.605484008789062500e+00 5.501629257202147727e+01 1.285595321655273082e+01 1.800000000000000000e+01
-2.373780012130736861e+00 1.519333839416504084e+01 -2.684180140495299738e-01 2.000000000000000000e+00
-3.457887470722197931e-01 2.233659505844116211e+00 -6.056365370750427246e-01 1.500000000000000000e+01
-3.920488357543944757e-01 2.538341760635375977e+00 -5.929709672927856445e-01 1.100000000000000000e+01
-4.561853408813477118e-01 2.957018136978148970e+00 -5.815858244895935059e-01 1.200000000000000000e+01
-5.463107824325561523e-01 3.549438238143920898e+00 -5.687957406044006348e-01 9.000000000000000000e+00
-6.718857884407043457e-01 4.375469684600830078e+00 -5.435372591018676758e-01 7.000000000000000000e+00
-8.471698760986328125e+00 5.516958618164063211e+01 8.840424537658691406e+00 2.700000000000000000e+01
-8.814049959182739258e-01 5.746590614318847656e+00 -5.086408853530883789e-01 9.000000000000000000e+00
-1.284861207008362038e+00 8.396605491638183594e+00 -4.451696574687957764e-01 2.000000000000000000e+00
-2.311073780059814009e+00 1.513827419281006037e+01 -2.673010528087615967e-01 2.000000000000000000e+00
-3.365453183650969904e-01 2.225302219390869141e+00 -6.030483841896057129e-01 1.600000000000000000e+01
-3.849303722381591797e-01 2.551256418228148970e+00 -5.956704020500183105e-01 1.200000000000000000e+01
-4.464457631111145020e-01 2.962475299835205078e+00 -5.823490619659423828e-01 1.100000000000000000e+01
-5.327428579330444336e-01 3.543509960174560991e+00 -5.675442218780517578e-01 9.000000000000000000e+00
-6.571973562240600586e-01 4.381714820861816406e+00 -5.440247654914855957e-01 9.000000000000000000e+00
-8.586836457252502441e-01 5.731898784637451172e+00 -5.070720911026000977e-01 9.000000000000000000e+00
-1.250820398330688032e+00 8.369434356689453125e+00 -4.434948861598969061e-01 1.000000000000000000e+00
-2.258806943893433061e+00 1.515020465850830078e+01 -2.673708796501160223e-01 2.000000000000000000e+00
-3.293399214744567871e-01 2.230285644531250000e+00 -6.040836572647094727e-01 1.900000000000000000e+01
-3.748864829540253241e-01 2.544872760772705078e+00 -5.938707590103149414e-01 1.100000000000000000e+01
-4.366736412048339844e-01 2.967900276184082031e+00 -5.831122994422912598e-01 1.100000000000000000e+01
-5.180755853652954102e-01 3.529712438583374023e+00 -5.650413036346435547e-01 9.000000000000000000e+00
-6.439114212989807129e-01 4.397731304168701172e+00 -5.457309484481811523e-01 9.000000000000000000e+00
-8.369405269622802734e-01 5.723032951354979581e+00 -5.060262680053710938e-01 8.000000000000000000e+00
-1.223904490470886008e+00 8.389560699462890625e+00 -4.443322718143463135e-01 1.000000000000000000e+00
-2.208788871765137163e+00 1.517778587341308949e+01 -2.677199244499207098e-01 2.000000000000000000e+00
-3.229304552078247070e-01 2.240982294082642046e+00 -6.066718697547912598e-01 1.700000000000000000e+01
-3.643372952938079834e-01 2.534592390060424805e+00 -5.911713838577270508e-01 1.000000000000000000e+01
-4.265900552272797186e-01 2.971349716186522993e+00 -5.834938883781433105e-01 1.000000000000000000e+01
-5.068715810775756836e-01 3.539321184158325195e+00 -5.662927627563476562e-01 9.000000000000000000e+00
-6.271529197692871094e-01 4.390126228332520419e+00 -5.445122122764587402e-01 7.000000000000000000e+00
-8.183653950691223145e-01 5.735781669616699219e+00 -5.068978071212768555e-01 9.000000000000000000e+00
-1.192360758781433105e+00 8.377963066101074219e+00 -4.434948861598969061e-01 1.000000000000000000e+00
-2.162540674209595171e+00 1.523291969299316051e+01 -2.685576379299163818e-01 2.000000000000000000e+00
-3.145682811737061102e-01 2.238269567489624023e+00 -6.056365370750427246e-01 1.600000000000000000e+01
-3.554876744747161865e-01 2.535848855972290039e+00 -5.911713838577270508e-01 1.100000000000000000e+01
-4.151266515254973810e-01 2.965043544769287109e+00 -5.819674134254455566e-01 1.000000000000000000e+01
-4.956068098545073908e-01 3.548894405364989790e+00 -5.675442218780517578e-01 9.000000000000000000e+00
-6.101814508438110352e-01 4.380492210388183594e+00 -5.430498123168945312e-01 7.000000000000000000e+00
-7.980642914772033691e-01 5.736629962921142578e+00 -5.067234635353088379e-01 8.000000000000000000e+00
-1.157618641853332964e+00 8.342508316040039062e+00 -4.414014518260955811e-01 1.000000000000000000e+00
-2.108258247375487837e+00 1.523245239257813033e+01 -2.684180140495299738e-01 2.000000000000000000e+00
-3.067533671855927069e-01 2.239354133605957031e+00 -6.056365370750427246e-01 1.600000000000000000e+01
-3.482165634632111151e-01 2.548659086227416992e+00 -5.938707590103149414e-01 1.100000000000000000e+01
-4.023853838443756104e-01 2.948967456817626953e+00 -5.785328745841979980e-01 9.000000000000000000e+00
-4.832158386707305908e-01 3.550602674484252930e+00 -5.675442218780517578e-01 9.000000000000000000e+00
-5.948869585990905762e-01 4.382595539093017578e+00 -5.430498123168945312e-01 7.000000000000000000e+00
-7.769642472267150879e-01 5.731483459472656250e+00 -5.060262680053710938e-01 9.000000000000000000e+00
-1.131166815757751021e+00 8.366290092468261719e+00 -4.424481689929962158e-01 1.000000000000000000e+00
-2.056677579879761186e+00 1.525160884857177912e+01 -2.686274349689484198e-01 2.000000000000000000e+00
-2.968906760215759277e-01 2.225092172622681108e+00 -6.014954447746276855e-01 1.500000000000000000e+01
-3.403461873531342108e-01 2.557585716247559038e+00 -5.956704020500183105e-01 1.100000000000000000e+01
-3.936409056186676025e-01 2.962031126022338867e+00 -5.808225870132446289e-01 1.100000000000000000e+01
-4.692616760730742853e-01 3.540518283843994141e+00 -5.656670331954956055e-01 9.000000000000000000e+00
-5.803656578063964844e-01 4.390549182891845703e+00 -5.437809824943542480e-01 9.000000000000000000e+00
-7.551276683807373047e-01 5.720333576202392578e+00 -5.048060417175292969e-01 9.000000000000000000e+00
-1.101956129074096902e+00 8.370187759399414062e+00 -4.424481689929962158e-01 1.000000000000000000e+00
-1.996658682823180930e+00 1.520714569091797053e+01 -2.677199244499207098e-01 2.000000000000000000e+00
-2.896194756031035822e-01 2.229946374893188032e+00 -6.025307178497314453e-01 1.600000000000000000e+01
-3.304152190685272217e-01 2.551027774810791016e+00 -5.938707590103149414e-01 1.100000000000000000e+01
-3.835509419441223145e-01 2.965334177017211914e+00 -5.812041759490966797e-01 9.000000000000000000e+00
-4.561419785022736151e-01 3.536257505416870117e+00 -5.647284388542175293e-01 8.000000000000000000e+00
-5.655427575111389160e-01 4.396485805511474609e+00 -5.442684888839721680e-01 9.000000000000000000e+00
-7.346476912498474121e-01 5.718982219696044922e+00 -5.044574141502380371e-01 9.000000000000000000e+00
-1.077300071716309038e+00 8.409643173217773438e+00 -4.443322718143463135e-01 1.000000000000000000e+00
-1.943563699722290039e+00 1.521402263641357067e+01 -2.677199244499207098e-01 2.000000000000000000e+00
-2.830980718135833740e-01 2.234678506851195845e+00 -6.035659909248352051e-01 1.600000000000000000e+01
-3.214223384857177734e-01 2.544319868087768999e+00 -5.920711755752563477e-01 1.100000000000000000e+01
-3.742331862449645996e-01 2.966524362564086914e+00 -5.812041759490966797e-01 1.000000000000000000e+01
-4.445371627807617188e-01 3.533753156661986861e+00 -5.641027092933654785e-01 9.000000000000000000e+00
-5.492572188377380371e-01 4.378544330596923828e+00 -5.418310761451721191e-01 9.000000000000000000e+00
-7.169250249862670898e-01 5.723238945007324219e+00 -5.046317577362060547e-01 9.000000000000000000e+00
-1.039982676506042036e+00 8.325783729553222656e+00 -4.397267103195189875e-01 1.000000000000000000e+00
-1.895757913589477983e+00 1.522005367279052912e+01 -2.677199244499207098e-01 2.000000000000000000e+00
-2.760041654109954834e-01 2.241405010223389116e+00 -6.051189303398132324e-01 1.500000000000000000e+01
-3.115890920162200928e-01 2.537689447402954102e+00 -5.902715921401977539e-01 1.100000000000000000e+01
-3.629201054573059082e-01 2.960017919540404829e+00 -5.796777009963989258e-01 9.000000000000000000e+00
-4.341170489788054865e-01 3.550969600677489790e+00 -5.666056275367736816e-01 8.000000000000000000e+00
-5.337297320365905762e-01 4.378464698791503906e+00 -5.415873527526855469e-01 9.000000000000000000e+00
-6.976650357246398926e-01 5.731639862060546875e+00 -5.051546692848205566e-01 9.000000000000000000e+00
-1.013320326805114968e+00 8.349190711975097656e+00 -4.407734274864196777e-01 1.000000000000000000e+00
-1.836372256278991921e+00 1.517496299743651988e+01 -2.668123841285706122e-01 2.000000000000000000e+00
-2.684079408645629883e-01 2.244272947311400923e+00 -6.056365370750427246e-01 1.600000000000000000e+01
-3.031904697418212891e-01 2.542631626129149947e+00 -5.911713838577270508e-01 1.000000000000000000e+01
-3.530497550964354914e-01 2.965165853500366211e+00 -5.804409384727478027e-01 1.000000000000000000e+01
-4.214863181114196777e-01 3.550501585006713867e+00 -5.662927627563476562e-01 9.000000000000000000e+00
-5.191427469253540039e-01 4.386214733123779297e+00 -5.423185825347900391e-01 9.000000000000000000e+00
-6.757829785346984863e-01 5.718211650848388672e+00 -5.037602186203002930e-01 9.000000000000000000e+00
-9.869745969772338867e-01 8.376479148864746094e+00 -4.420294761657714844e-01 1.000000000000000000e+00
-1.781990766525268999e+00 1.516936397552490057e+01 -2.666029632091522217e-01 2.000000000000000000e+00
-2.587906420230864923e-01 2.229844570159912109e+00 -6.014954447746276855e-01 1.600000000000000000e+01
-2.961050570011138916e-01 2.559161186218262163e+00 -5.947706103324890137e-01 1.000000000000000000e+01
-3.415706753730773926e-01 2.956628799438477007e+00 -5.785328745841979980e-01 1.000000000000000000e+01
-4.081861376762390137e-01 3.544101715087891069e+00 -5.650413036346435547e-01 9.000000000000000000e+00
-5.031495094299316406e-01 4.382083892822265625e+00 -5.415873527526855469e-01 7.000000000000000000e+00
-6.542300581932067871e-01 5.706679821014404297e+00 -5.025399923324584961e-01 9.000000000000000000e+00
-9.550077319145202637e-01 8.356060981750488281e+00 -4.407734274864196777e-01 2.000000000000000000e+00
-1.731745362281799094e+00 1.519933414459229049e+01 -2.670218050479888916e-01 2.000000000000000000e+00
-2.512631416320800781e-01 2.236537456512451172e+00 -6.030483841896057129e-01 1.400000000000000000e+01
-2.854219377040863037e-01 2.548609495162963867e+00 -5.920711755752563477e-01 1.100000000000000000e+01
-3.316044509410858154e-01 2.965665102005004883e+00 -5.800593495368957520e-01 9.000000000000000000e+00
-3.934430181980133057e-01 3.529868125915526900e+00 -5.625383257865905762e-01 1.000000000000000000e+01
-4.879618287086486816e-01 4.391790390014648438e+00 -5.425623059272766113e-01 9.000000000000000000e+00
-6.344079971313476562e-01 5.718940258026123047e+00 -5.034115910530090332e-01 9.000000000000000000e+00
-9.248138666152954102e-01 8.363475799560546875e+00 -4.409827589988707941e-01 1.000000000000000000e+00
-1.673396348953247070e+00 1.518172740936278942e+01 -2.666029632091522217e-01 2.000000000000000000e+00
-2.438725829124450961e-01 2.241241931915283203e+00 -6.040836572647094727e-01 1.500000000000000000e+01
-2.754732668399810791e-01 2.539903402328491211e+00 -5.898216366767883301e-01 9.000000000000000000e+00
-3.216730356216431219e-01 2.970708370208739790e+00 -5.808225870132446289e-01 1.000000000000000000e+01
-3.815430402755736750e-01 3.535147905349731001e+00 -5.631640553474426270e-01 1.000000000000000000e+01
-4.705054461956024170e-01 4.373730182647705078e+00 -5.401249527931213379e-01 9.000000000000000000e+00
-6.157178282737731934e-01 5.733006000518798828e+00 -5.044574141502380371e-01 9.000000000000000000e+00
-8.939135670661926270e-01 8.350766181945800781e+00 -4.401454031467437744e-01 1.000000000000000000e+00
-1.621240615844727007e+00 1.519542980194091975e+01 -2.667425870895385742e-01 2.000000000000000000e+00
-2.374520301818847934e-01 2.251644134521483931e+00 -6.066718697547912598e-01 1.600000000000000000e+01
-2.680676281452178955e-01 2.550493240356444868e+00 -5.920711755752563477e-01 1.000000000000000000e+01
-3.112054169178009033e-01 2.965901136398314986e+00 -5.796777009963989258e-01 1.000000000000000000e+01
-3.708452284336090088e-01 3.546217203140258789e+00 -5.647284388542175293e-01 1.000000000000000000e+01
-4.570279121398925781e-01 4.385138034820556641e+00 -5.413436293601989746e-01 9.000000000000000000e+00
-5.962907671928405762e-01 5.731052875518798828e+00 -5.041087865829467773e-01 9.000000000000000000e+00
-8.637445569038391113e-01 8.329845428466796875e+00 -4.388893246650695801e-01 2.000000000000000000e+00
-1.571252942085265891e+00 1.520470046997069957e+01 -2.668123841285706122e-01 2.000000000000000000e+00
-2.286113947629928866e-01 2.242849826812744141e+00 -6.040836572647094727e-01 1.600000000000000000e+01
-2.591631114482880194e-01 2.551413297653197798e+00 -5.920711755752563477e-01 1.000000000000000000e+01
-3.006525337696074884e-01 2.965016126632689986e+00 -5.792961120605468750e-01 1.000000000000000000e+01
-3.590601384639739990e-01 3.553385972976685014e+00 -5.656670331954956055e-01 9.000000000000000000e+00
-4.403259754180908203e-01 4.372880935668945312e+00 -5.396374464035034180e-01 9.000000000000000000e+00
-5.738908052444458008e-01 5.709310531616210938e+00 -5.020170807838439941e-01 9.000000000000000000e+00
-8.338664770126342773e-01 8.324859619140625000e+00 -4.384706318378447931e-01 2.000000000000000000e+00
-1.513402462005615012e+00 1.516233730316161932e+01 -2.659746706485747736e-01 2.000000000000000000e+00
-2.202005535364151001e-01 2.241750240325928178e+00 -6.035659909248352051e-01 1.600000000000000000e+01
-2.507590949535369873e-01 2.562043428421020952e+00 -5.943207144737243652e-01 1.200000000000000000e+01
-2.899740636348723810e-01 2.968051910400391069e+00 -5.796777009963989258e-01 1.100000000000000000e+01
-3.448855876922606867e-01 3.542881727218627930e+00 -5.637897849082946777e-01 9.000000000000000000e+00
-4.260203838348389227e-01 4.392247676849365234e+00 -5.418310761451721191e-01 9.000000000000000000e+00
-5.518092513084411621e-01 5.699477195739746094e+00 -5.009711980819702148e-01 9.000000000000000000e+00
-8.056500554084777832e-01 8.351716995239257812e+00 -4.397267103195189875e-01 1.000000000000000000e+00
-1.462028503417968972e+00 1.521157360076903942e+01 -2.667425870895385742e-01 2.000000000000000000e+00
-2.123740464448929111e-01 2.242505073547362837e+00 -6.035659909248352051e-01 1.700000000000000000e+01
-2.416313290596008023e-01 2.560963153839110884e+00 -5.938707590103149414e-01 1.100000000000000000e+01
-2.796118855476378839e-01 2.969046115875244141e+00 -5.796777009963989258e-01 1.000000000000000000e+01
-3.321474790573120117e-01 3.540130615234375000e+00 -5.631640553474426270e-01 9.000000000000000000e+00
-4.105012416839600164e-01 4.391731739044188565e+00 -5.415873527526855469e-01 7.000000000000000000e+00
-5.320960879325866699e-01 5.703352451324462891e+00 -5.011455416679382324e-01 9.000000000000000000e+00
-7.742741703987121582e-01 8.330614089965820312e+00 -4.384706318378447931e-01 1.000000000000000000e+00
-1.408921241760253906e+00 1.521658420562743963e+01 -2.667425870895385742e-01 2.000000000000000000e+00
-2.045449465513229093e-01 2.243232727050780806e+00 -6.035659909248352051e-01 1.600000000000000000e+01
-2.312801778316498080e-01 2.546264886856079102e+00 -5.902715921401977539e-01 1.100000000000000000e+01
-2.690690159797667902e-01 2.968048810958861861e+00 -5.792961120605468750e-01 1.100000000000000000e+01
-3.197880685329437256e-01 3.541268348693848100e+00 -5.631640553474426270e-01 1.100000000000000000e+01
-3.944573402404785156e-01 4.385229587554931641e+00 -5.406123995780944824e-01 9.000000000000000000e+00
-5.128970742225646973e-01 5.713112354278563565e+00 -5.018427371978759766e-01 9.000000000000000000e+00
-7.441228628158569336e-01 8.321330070495605469e+00 -4.378426074981688898e-01 1.000000000000000000e+00
-1.357925891876220925e+00 1.524531173706055043e+01 -2.671614289283751886e-01 2.000000000000000000e+00
-1.972194761037827093e-01 2.249706506729125977e+00 -6.051189303398132324e-01 1.600000000000000000e+01
-2.223906517028808871e-01 2.547056674957274947e+00 -5.902715921401977539e-01 1.100000000000000000e+01
-2.583661079406737726e-01 2.965058326721190962e+00 -5.785328745841979980e-01 9.000000000000000000e+00
-3.082787692546843927e-01 3.552202939987183061e+00 -5.647284388542175293e-01 1.000000000000000000e+01
-3.782929480075836182e-01 4.376690864562988281e+00 -5.393937230110168457e-01 9.000000000000000000e+00
-4.931226670742034912e-01 5.716853141784667969e+00 -5.020170807838439941e-01 9.000000000000000000e+00
-7.150714397430419922e-01 8.323876380920410156e+00 -4.378426074981688898e-01 2.000000000000000000e+00
-1.298905849456787109e+00 1.518221664428710938e+01 -2.659746706485747736e-01 2.000000000000000000e+00
-1.901508569717406949e-01 2.250314950942993164e+00 -6.051189303398132324e-01 1.500000000000000000e+01
-2.156949937343597135e-01 2.563277721405028853e+00 -5.938707590103149414e-01 1.100000000000000000e+01
-2.490498274564743042e-01 2.965855360031127930e+00 -5.785328745841979980e-01 1.100000000000000000e+01
-2.977761030197144110e-01 3.561028003692626953e+00 -5.659798979759216309e-01 1.000000000000000000e+01
-3.643765747547150213e-01 4.375879764556884766e+00 -5.391499996185302734e-01 9.000000000000000000e+00
-4.740053415298461914e-01 5.704475402832031250e+00 -5.007969141006469727e-01 8.000000000000000000e+00
-6.879295706748962402e-01 8.314139366149902344e+00 -4.372145831584929865e-01 2.000000000000000000e+00
-1.251203179359436035e+00 1.518622207641601918e+01 -2.659746706485747736e-01 2.000000000000000000e+00
-1.818268150091170987e-01 2.245188474655150923e+00 -6.035659909248352051e-01 1.700000000000000000e+01
-2.067461609840393066e-01 2.564015150070189986e+00 -5.938707590103149414e-01 1.100000000000000000e+01
-2.390104532241821012e-01 2.970620393753052202e+00 -5.792961120605468750e-01 1.100000000000000000e+01
-2.842398285865784247e-01 3.548262119293212891e+00 -5.637897849082946777e-01 9.000000000000000000e+00
-3.502044379711151123e-01 4.390976428985595703e+00 -5.408561229705810547e-01 9.000000000000000000e+00
-4.529837369918823242e-01 5.692192077636718750e+00 -4.995767176151276190e-01 8.000000000000000000e+00
-6.598500609397888184e-01 8.328435897827148438e+00 -4.378426074981688898e-01 1.000000000000000000e+00
-1.193468451499938965e+00 1.513069248199463068e+01 -2.649275362491608221e-01 2.000000000000000000e+00
-1.741377562284469882e-01 2.247735500335692915e+00 -6.040836572647094727e-01 1.600000000000000000e+01
-1.977948248386383057e-01 2.564721107482910156e+00 -5.938707590103149414e-01 1.000000000000000000e+01
-2.287902086973190030e-01 2.973394155502318892e+00 -5.796777009963989258e-01 1.100000000000000000e+01
-2.709471881389617920e-01 3.537415027618408203e+00 -5.619125962257385254e-01 9.000000000000000000e+00
-3.347240090370178223e-01 4.390192985534667969e+00 -5.406123995780944824e-01 7.000000000000000000e+00
-4.326581656932830811e-01 5.687778949737548828e+00 -4.990537762641906738e-01 8.000000000000000000e+00
-6.307743787765502930e-01 8.330688476562500000e+00 -4.378426074981688898e-01 2.000000000000000000e+00
-1.146656513214111106e+00 1.521452808380126953e+01 -2.663237154483795166e-01 2.000000000000000000e+00
-1.665756106376647949e-01 2.252182960510253906e+00 -6.051189303398132324e-01 1.600000000000000000e+01
-1.876965761184692105e-01 2.549848079681396040e+00 -5.902715921401977539e-01 1.100000000000000000e+01
-2.188410907983779907e-01 2.980048656463623047e+00 -5.808225870132446289e-01 1.100000000000000000e+01
-2.588856220245360773e-01 3.542279720306396040e+00 -5.625383257865905762e-01 1.000000000000000000e+01
-3.189653456211090088e-01 4.385395050048828125e+00 -5.398811697959899902e-01 9.000000000000000000e+00
-4.138107597827910822e-01 5.703164577484130859e+00 -5.002739429473876953e-01 9.000000000000000000e+00
-6.008279919624328613e-01 8.320887565612792969e+00 -4.372145831584929865e-01 1.000000000000000000e+00
-1.088667988777161089e+00 1.515062236785889027e+01 -2.651369571685791016e-01 2.000000000000000000e+00
-1.585772484540939053e-01 2.250823497772216797e+00 -6.046012639999389648e-01 1.600000000000000000e+01
-1.796124577522278110e-01 2.562151670455933061e+00 -5.929709672927856445e-01 1.100000000000000000e+01
-2.085743993520736972e-01 2.982752799987792969e+00 -5.812041759490966797e-01 1.000000000000000000e+01
-2.467934042215347012e-01 3.547102928161621094e+00 -5.631640553474426270e-01 9.000000000000000000e+00
-3.028329610824584961e-01 4.374599456787109375e+00 -5.384187698364257812e-01 9.000000000000000000e+00
-3.948612213134766180e-01 5.718487739562988281e+00 -5.014941692352294922e-01 6.000000000000000000e+00
-5.717790126800537109e-01 8.322934150695800781e+00 -4.372145831584929865e-01 1.000000000000000000e+00
-1.034139513969420943e+00 1.513039016723632990e+01 -2.647181153297423761e-01 2.000000000000000000e+00
-1.503323167562485019e-01 2.245580673217772993e+00 -6.030483841896057129e-01 1.600000000000000000e+01
-1.706677973270415982e-01 2.562762975692749023e+00 -5.929709672927856445e-01 1.000000000000000000e+01
-1.968602538108825961e-01 2.963873386383057085e+00 -5.773880481719970703e-01 1.100000000000000000e+01
-2.344101965427398959e-01 3.547942876815795898e+00 -5.631640553474426270e-01 9.000000000000000000e+00
-2.886023521423339844e-01 4.391476631164550781e+00 -5.403686761856079102e-01 9.000000000000000000e+00
-3.730732500553131104e-01 5.691997528076171875e+00 -4.990537762641906738e-01 9.000000000000000000e+00
-5.427230596542358398e-01 8.324878692626953125e+00 -4.372145831584929865e-01 1.000000000000000000e+00
-9.795068502426147461e-01 1.510597038269042969e+01 -2.642294466495513916e-01 2.000000000000000000e+00
-1.419788748025893887e-01 2.244188547134398970e+00 -6.025307178497314453e-01 1.600000000000000000e+01
-1.612736433744431097e-01 2.563371181488037109e+00 -5.929709672927856445e-01 1.100000000000000000e+01
-1.866104453802109042e-01 2.974371910095214844e+00 -5.792961120605468750e-01 1.100000000000000000e+01
-2.210357636213302890e-01 3.542863607406616211e+00 -5.622254610061645508e-01 1.000000000000000000e+01
-2.722589969635009766e-01 4.388542175292968750e+00 -5.398811697959899902e-01 9.000000000000000000e+00
-3.525775671005249023e-01 5.699292659759520596e+00 -4.995767176151276190e-01 9.000000000000000000e+00
-5.109809637069702148e-01 8.306877136230468750e+00 -4.361678659915924072e-01 1.000000000000000000e+00
-9.265756607055664062e-01 1.514937877655028942e+01 -2.649275362491608221e-01 2.000000000000000000e+00
-1.342595666646957120e-01 2.246598958969116211e+00 -6.030483841896057129e-01 1.600000000000000000e+01
-1.518625468015671054e-01 2.556137323379517046e+00 -5.911713838577270508e-01 1.000000000000000000e+01
-1.762268096208572110e-01 2.975005149841309038e+00 -5.792961120605468750e-01 1.100000000000000000e+01
-2.080869078636168878e-01 3.533753633499145952e+00 -5.606611371040344238e-01 9.000000000000000000e+00
-2.568224668502808172e-01 4.387484073638916016e+00 -5.396374464035034180e-01 9.000000000000000000e+00
-3.327972590923308771e-01 5.702477455139160156e+00 -4.997510313987731934e-01 9.000000000000000000e+00
-4.815187454223632812e-01 8.300634384155273438e+00 -4.357491731643676758e-01 2.000000000000000000e+00
-8.736888170242309570e-01 1.515252017974854049e+01 -2.649275362491608221e-01 2.000000000000000000e+00
-1.273530870676040927e-01 2.256675720214844194e+00 -6.056365370750427246e-01 1.700000000000000000e+01
-1.428396403789519986e-01 2.546898365020751953e+00 -5.889218449592590332e-01 1.200000000000000000e+01
-1.669083386659621915e-01 2.985374212265015093e+00 -5.812041759490966797e-01 1.200000000000000000e+01
-1.971344798803328913e-01 3.548230648040771040e+00 -5.628511905670166016e-01 1.000000000000000000e+01
-2.418339252471924106e-01 4.380383491516113281e+00 -5.386624932289123535e-01 7.000000000000000000e+00
-3.144327402114868164e-01 5.713496685028076172e+00 -5.006225705146789551e-01 9.000000000000000000e+00
-4.533358812332152765e-01 8.290220260620117188e+00 -4.351211488246917725e-01 1.000000000000000000e+00
-8.238704204559326172e-01 1.516332149505615057e+01 -2.650671601295471191e-01 2.000000000000000000e+00
-1.193729266524315019e-01 2.255177497863769975e+00 -6.051189303398132324e-01 1.900000000000000000e+01
-1.340507715940474909e-01 2.549327611923218218e+00 -5.893717408180236816e-01 1.100000000000000000e+01
-1.556644290685653964e-01 2.970254182815552202e+00 -5.781512856483459473e-01 1.200000000000000000e+01
-1.847476363182067871e-01 3.548897027969359907e+00 -5.628511905670166016e-01 1.000000000000000000e+01
-5.048986434936523438e+00 9.731530761718750000e+01 1.196488857269286932e+01 6.300000000000000000e+01
-2.263370454311371127e-01 4.377235889434813565e+00 -5.381750464439392090e-01 7.000000000000000000e+00
-2.947946190834044855e-01 5.720528602600097656e+00 -5.011455416679382324e-01 9.000000000000000000e+00
-4.241906702518463135e-01 8.287762641906738281e+00 -4.349117875099182129e-01 1.000000000000000000e+00
-7.684990763664245605e-01 1.511817455291748047e+01 -2.642294466495513916e-01 2.000000000000000000e+00
-1.117981150746345936e-01 2.253631353378295898e+00 -6.046012639999389648e-01 1.700000000000000000e+01
-1.261714100837708075e-01 2.561436414718627930e+00 -5.920711755752563477e-01 1.100000000000000000e+01
-1.459100991487503052e-01 2.972714900970458984e+00 -5.785328745841979980e-01 1.200000000000000000e+01
-1.730742156505584994e-01 3.551463365554810014e+00 -5.631640553474426270e-01 9.000000000000000000e+00
-4.726249217987061435e+00 9.733151245117187500e+01 1.196488857269286932e+01 6.300000000000000000e+01
-2.117244303226470947e-01 4.375979900360107422e+00 -5.379312634468078613e-01 9.000000000000000000e+00
-2.745758295059204102e-01 5.695603847503662109e+00 -4.988794624805449884e-01 9.000000000000000000e+00
-3.972779810428618830e-01 8.301094055175781250e+00 -4.355398416519165039e-01 1.000000000000000000e+00
-7.183611989021301270e-01 1.512063980102539062e+01 -2.642294466495513916e-01 2.000000000000000000e+00
-1.034858822822570940e-01 2.244359016418457031e+00 -6.020131111145019531e-01 1.600000000000000000e+01
-1.168732345104217946e-01 2.554074525833129883e+00 -5.902715921401977539e-01 1.000000000000000000e+01
-1.354430913925170898e-01 2.971244812011719194e+00 -5.781512856483459473e-01 1.200000000000000000e+01
-1.605869680643081943e-01 3.550072431564331055e+00 -5.628511905670166016e-01 1.000000000000000000e+01
-1.964481323957442960e-01 4.376692295074462891e+00 -5.379312634468078613e-01 9.000000000000000000e+00
-2.545148134231566828e-01 5.692546844482421875e+00 -4.985308349132537842e-01 9.000000000000000000e+00
-3.670601844787598211e-01 8.274496078491210938e+00 -4.340744316577910822e-01 1.000000000000000000e+00
-6.655759215354919434e-01 1.512305450439452947e+01 -2.642294466495513916e-01 2.000000000000000000e+00
-9.566874057054519653e-02 2.254373788833618164e+00 -6.046012639999389648e-01 1.800000000000000000e+01
-1.078390777111053050e-01 2.562273740768433061e+00 -5.920711755752563477e-01 1.100000000000000000e+01
-1.245520263910293995e-01 2.971721410751343218e+00 -5.781512856483459473e-01 1.100000000000000000e+01
-1.470820307731627863e-01 3.538795232772827148e+00 -5.609740018844604492e-01 1.000000000000000000e+01
-1.810593605041503906e-01 4.393249988555908203e+00 -5.398811697959899902e-01 9.000000000000000000e+00
-2.334854900836945135e-01 5.689459800720214844e+00 -4.981822371482849121e-01 9.000000000000000000e+00
-3.373797535896301270e-01 8.291750907897949219e+00 -4.349117875099182129e-01 1.000000000000000000e+00
-6.101427078247070312e-01 1.512539291381835938e+01 -2.642294466495513916e-01 2.000000000000000000e+00
-8.794926851987838745e-02 2.258554697036743164e+00 -6.056365370750427246e-01 1.700000000000000000e+01
-9.814293682575225830e-02 2.543161630630493164e+00 -5.875721573829650879e-01 1.100000000000000000e+01
-1.145548522472382008e-01 2.981947183609008789e+00 -5.800593495368957520e-01 1.100000000000000000e+01
-1.348035782575607022e-01 3.541260957717895952e+00 -5.612868666648864746e-01 9.000000000000000000e+00
-1.652740538120270053e-01 4.381953239440917969e+00 -5.384187698364257812e-01 9.000000000000000000e+00
-2.140726298093796054e-01 5.702186107635498047e+00 -4.992280900478363037e-01 9.000000000000000000e+00
-3.068009912967681885e-01 8.248968124389648438e+00 -4.326090216636658270e-01 1.000000000000000000e+00
-5.573415160179138184e-01 1.512743091583251953e+01 -2.642294466495513916e-01 2.000000000000000000e+00
-8.018407225608825684e-02 2.251111507415771040e+00 -6.035659909248352051e-01 9.000000000000000000e+00
-9.025848656892776489e-02 2.559053421020507812e+00 -5.911713838577270508e-01 1.000000000000000000e+01
-1.044591516256331981e-01 2.976424455642700195e+00 -5.789144635200500488e-01 1.000000000000000000e+01
-1.233339756727219044e-01 3.549585342407227007e+00 -5.625383257865905762e-01 9.000000000000000000e+00
-1.501961350440979004e-01 4.366605758666992188e+00 -5.364688634872436523e-01 9.000000000000000000e+00
-1.946171671152114868e-01 5.686934947967529297e+00 -4.978336095809937079e-01 9.000000000000000000e+00
-2.790390551090239923e-01 8.237963676452636719e+00 -4.319809973239899237e-01 2.000000000000000000e+00
-5.071740746498107910e-01 1.512919521331786932e+01 -2.642294466495513916e-01 2.000000000000000000e+00
-7.207761704921722412e-02 2.243654251098632812e+00 -6.014954447746276855e-01 6.000000000000000000e+00
-9.610059857368469238e-01 3.007806777954101918e+01 5.252825021743774414e-01 2.000000000000000000e+01
-8.138706535100936890e-02 2.561300516128540039e+00 -5.916212797164916992e-01 7.000000000000000000e+00
-9.369679540395736694e-02 2.964997291564940962e+00 -5.766248106956481934e-01 1.100000000000000000e+01
-1.109428629279136935e-01 3.549994230270386186e+00 -5.625383257865905762e-01 1.000000000000000000e+01
-1.350142359733582098e-01 4.369087696075438565e+00 -5.367125868797302246e-01 1.000000000000000000e+01
-1.748872697353363037e-01 5.691562652587890625e+00 -4.981822371482849121e-01 9.000000000000000000e+00
-2.508879303932189941e-01 8.258851051330566406e+00 -4.330277144908905029e-01 2.000000000000000000e+00
-4.543602168560028076e-01 1.513087368011474965e+01 -2.642294466495513916e-01 2.000000000000000000e+00
-6.402420997619628906e-02 2.236167907714844194e+00 -5.994248986244201660e-01 7.000000000000000000e+00
-8.497511744499206543e-01 2.986136054992676137e+01 5.214430093765258789e-01 2.000000000000000000e+01
-7.266633212566375732e-02 2.569360971450806108e+00 -5.934208631515502930e-01 3.000000000000000000e+00
-8.373257517814636230e-02 2.979043722152709961e+00 -5.792961120605468750e-01 1.100000000000000000e+01
-9.816671162843704224e-02 3.536537408828734907e+00 -5.603482723236083984e-01 9.000000000000000000e+00
-1.198168396949768066e-01 4.371516704559326172e+00 -5.369563102722167969e-01 1.000000000000000000e+01
-1.542595773935317993e-01 5.664255142211914062e+00 -4.957418739795684814e-01 9.000000000000000000e+00
-2.219502925872803012e-01 8.255682945251464844e+00 -4.328183531761168878e-01 2.000000000000000000e+00
-4.015408456325531006e-01 1.513236713409424006e+01 -2.642294466495513916e-01 2.000000000000000000e+00
-5.675216391682624817e-02 2.257621288299560991e+00 -6.051189303398132324e-01 2.000000000000000000e+01
-6.360056251287460327e-02 2.565702676773070845e+00 -5.925210714340209961e-01 2.000000000000000000e+00
-7.304340600967407227e-02 2.967541694641112837e+00 -5.770063996315002441e-01 4.000000000000000000e+00
-8.558170497417449951e-02 3.526984691619873047e+00 -5.587838888168334961e-01 4.000000000000000000e+00
-1.049838215112686018e-01 4.389769077301025391e+00 -5.391499996185302734e-01 1.000000000000000000e+01
-1.348650008440017978e-01 5.680694103240966797e+00 -4.971363544464110773e-01 9.000000000000000000e+00
-1.927575767040252963e-01 8.240433692932128906e+00 -4.319809973239899237e-01 2.000000000000000000e+00
-3.487165868282318115e-01 1.513367652893066051e+01 -2.642294466495513916e-01 2.000000000000000000e+00
-4.922316595911979675e-02 2.255865812301636186e+00 -6.046012639999389648e-01 1.400000000000000000e+01
-5.517569929361342690e-02 2.569795846939086914e+00 -5.934208631515502930e-01 7.000000000000000000e+00
-6.374568492174148560e-02 2.993284225463867188e+00 -5.819674134254455566e-01 9.000000000000000000e+00
-7.442313432693481445e-02 3.552923202514647993e+00 -5.628511905670166016e-01 3.000000000000000000e+00
-9.071240574121475220e-02 4.403985500335693359e+00 -5.408561229705810547e-01 5.000000000000000000e+00
-1.161891222000121932e-01 5.689077854156494141e+00 -4.978336095809937079e-01 9.000000000000000000e+00
-1.652699112892150879e-01 8.233040809631347656e+00 -4.315623044967650812e-01 1.000000000000000000e+00
-2.985295951366425116e-01 1.513475036621093928e+01 -2.642294466495513916e-01 2.000000000000000000e+00
-4.156083241105080345e-02 2.267612934112548828e+00 -6.077071428298950195e-01 1.900000000000000000e+01
-5.408729314804077148e-01 2.979455184936523082e+01 5.201514959335327148e-01 1.350000000000000000e+02
-4.588982835412024758e-02 2.552437067031859907e+00 -5.893717408180236816e-01 1.100000000000000000e+01
-5.305214598774909973e-02 2.979747772216796875e+00 -5.792961120605468750e-01 9.000000000000000000e+00
-6.184828653931617737e-02 3.543286085128784180e+00 -5.612868666648864746e-01 1.000000000000000000e+01
-7.482979446649551392e-02 4.374503612518311435e+00 -5.372000932693481445e-01 2.000000000000000000e+00
-9.727423638105392456e-02 5.745227813720703125e+00 -5.027143359184265137e-01 1.000000000000000000e+00
-1.379872560501098910e-01 8.321434974670410156e+00 -4.361678659915924072e-01 1.000000000000000000e+00
-2.456976324319838922e-01 1.513570022583007990e+01 -2.642294466495513916e-01 2.000000000000000000e+00
-3.316437080502510071e-02 2.261955261230469194e+00 -6.061542034149169922e-01 1.700000000000000000e+01
-4.312033653259276789e-01 2.976434135437012074e+01 5.195930600166320801e-01 1.330000000000000000e+02
-3.678536787629128196e-02 2.570125102996826172e+00 -5.934208631515502930e-01 9.000000000000000000e+00
-4.193618893623352051e-02 2.966180801391602007e+00 -5.766248106956481934e-01 1.200000000000000000e+01
-4.894278571009635925e-02 3.549414396286011186e+00 -5.622254610061645508e-01 1.000000000000000000e+01
-5.892932042479515076e-02 4.384673118591308594e+00 -5.384187698364257812e-01 9.000000000000000000e+00
-7.587271928787231445e-02 5.719646930694580078e+00 -5.004482865333557129e-01 9.000000000000000000e+00
-1.071772053837776045e-01 8.297919273376464844e+00 -4.349117875099182129e-01 1.000000000000000000e+00
-1.907234340906142911e-01 1.517648983001708984e+01 -2.649275362491608221e-01 2.000000000000000000e+00
-2.518215775489807129e-02 2.254330158233643022e+00 -6.040836572647094727e-01 1.900000000000000000e+01
-3.271718621253966730e-01 2.975366783142089844e+01 5.193836092948913574e-01 1.350000000000000000e+02
-2.785590849816799164e-02 2.574135065078734907e+00 -5.943207144737243652e-01 1.200000000000000000e+01
-3.162383288145065308e-02 2.970235586166381836e+00 -5.773880481719970703e-01 1.300000000000000000e+01
-3.641033172607421875e-02 3.535736799240111861e+00 -5.600354075431823730e-01 1.100000000000000000e+01
-4.362359642982482910e-02 4.384851932525634766e+00 -5.384187698364257812e-01 1.000000000000000000e+01
-5.582907050848007202e-02 5.711907386779785156e+00 -4.997510313987731934e-01 9.000000000000000000e+00
-7.824905961751937866e-02 8.302237510681152344e+00 -4.351211488246917725e-01 1.000000000000000000e+00
-1.376012414693832120e-01 1.516106605529784979e+01 -2.646482884883881170e-01 2.000000000000000000e+00
-1.770639047026633869e-02 2.254401445388793945e+00 -6.040836572647094727e-01 2.000000000000000000e+01
-2.284111976623534879e-01 2.974259185791015980e+01 5.191741585731506348e-01 1.350000000000000000e+02
-1.927574165165424000e-02 2.568367242813109907e+00 -5.929709672927856445e-01 1.400000000000000000e+01
-2.187474071979523052e-02 2.984066486358643022e+00 -5.800593495368957520e-01 1.300000000000000000e+01
-2.468520775437355042e-02 3.535838127136230025e+00 -5.600354075431823730e-01 1.100000000000000000e+01
-2.913532778620719910e-02 4.392912864685058594e+00 -5.393937230110168457e-01 9.000000000000000000e+00
-3.681019693613051674e-02 5.700107097625732422e+00 -4.987051486968994141e-01 9.000000000000000000e+00
-5.059541389346122742e-02 8.282479286193847656e+00 -4.340744316577910822e-01 1.000000000000000000e+00
-8.741672337055206299e-02 1.517743587493895951e+01 -2.649275362491608221e-01 2.000000000000000000e+00
-9.845382533967494965e-03 2.256381273269652876e+00 -6.046012639999389648e-01 2.200000000000000000e+01
-1.246222928166389049e-01 2.975120735168457031e+01 5.193138122558593750e-01 1.340000000000000000e+02
-1.026341319084166960e-02 2.556726455688477007e+00 -5.902715921401977539e-01 1.700000000000000000e+01
-1.145073398947715933e-02 2.982161283493041992e+00 -5.796777009963989258e-01 1.300000000000000000e+01
-1.238405145704746073e-02 3.547755002975463867e+00 -5.619125962257385254e-01 1.200000000000000000e+01
-1.380102336406707937e-02 4.392987728118895596e+00 -5.393937230110168457e-01 1.000000000000000000e+01
-1.696608960628509868e-02 5.718132495880126953e+00 -5.002739429473876953e-01 9.000000000000000000e+00
-2.170477434992789875e-02 8.290594100952148438e+00 -4.344930946826934814e-01 1.000000000000000000e+00
-3.440075367689132690e-02 1.516165161132813033e+01 -2.646482884883881170e-01 2.000000000000000000e+00
-1.977511914446949959e-03 2.266061067581177202e+00 -6.071894764900207520e-01 2.000000000000000000e+01
-2.076904475688933979e-02 2.974946022033691051e+01 5.192788839340209961e-01 1.320000000000000000e+02
-1.339729875326157050e-03 2.558695554733275923e+00 -5.907214879989624023e-01 1.600000000000000000e+01
-1.039607799611985900e-03 2.978256702423096147e+00 -5.789144635200500488e-01 1.300000000000000000e+01
0.000000000000000000e+00 3.539875030517578125e+00 -5.606611371040344238e-01 1.100000000000000000e+01
1.532063586637377956e-03 4.389039039611816406e+00 -5.389062166213989258e-01 9.000000000000000000e+00
2.995063317939639091e-03 5.720149040222167969e+00 -5.004482865333557129e-01 9.000000000000000000e+00
7.220988627523183823e-03 8.274641036987304688e+00 -4.336557388305664062e-01 2.000000000000000000e+00
1.844531670212746013e-02 1.509768867492675959e+01 -2.635313272476195734e-01 2.000000000000000000e+00
5.897126626223325729e-03 2.252531290054320845e+00 -6.035659909248352051e-01 2.100000000000000000e+01
8.316542953252792358e-02 2.978134727478026988e+01 5.198373794555664062e-01 1.600000000000000000e+02
7.609138265252113342e-03 2.564530611038208008e+00 -5.920711755752563477e-01 1.700000000000000000e+01
9.325616061687469482e-03 2.968425989151000977e+00 -5.770063996315002441e-01 1.200000000000000000e+01
1.241852808743714939e-02 3.557631731033325195e+00 -5.634769201278686523e-01 1.000000000000000000e+01
1.683741435408591877e-02 4.385036468505859375e+00 -5.384187698364257812e-01 9.000000000000000000e+00
2.293809875845909119e-02 5.714126586914063388e+00 -4.999253451824188232e-01 9.000000000000000000e+00
3.606997430324553749e-02 8.266576766967773438e+00 -4.332370460033416748e-01 1.000000000000000000e+00
7.095750421285629272e-02 1.505753898620604936e+01 -2.628332376480103094e-01 2.000000000000000000e+00
